Source : Fit
Spectrum : 1

Wavelength	Psi	Delta

829.9594	13.738	92.261
829.5408	13.743	92.228
829.1221	13.748	92.196
828.7034	13.754	92.163
828.2845	13.759	92.131
827.8656	13.764	92.098
827.4465	13.770	92.065
827.0275	13.775	92.033
826.6082	13.781	92.000
826.1889	13.786	91.968
825.7695	13.791	91.937
825.3500	13.796	91.905
824.9305	13.801	91.874
824.5108	13.807	91.842
824.0911	13.812	91.810
823.6713	13.817	91.779
823.2513	13.822	91.747
822.8313	13.828	91.715
822.4112	13.833	91.683
821.9910	13.838	91.651
821.5707	13.843	91.619
821.1503	13.849	91.587
820.7299	13.854	91.556
820.3093	13.859	91.524
819.8886	13.864	91.491
819.4679	13.870	91.459
819.0471	13.875	91.427
818.6262	13.880	91.395
818.2051	13.886	91.363
817.7841	13.891	91.331
817.3629	13.896	91.298
816.9416	13.902	91.266
816.5202	13.907	91.234
816.0988	13.912	91.201
815.6772	13.918	91.169
815.2556	13.923	91.139
814.8338	13.929	91.108
814.4120	13.934	91.078
813.9901	13.940	91.048
813.5681	13.946	91.017
813.1460	13.951	90.987
812.7238	13.957	90.956
812.3015	13.963	90.926
811.8792	13.968	90.895
811.4567	13.974	90.864
811.0341	13.979	90.834
810.6115	13.985	90.803
810.1888	13.991	90.773
809.7659	13.997	90.743
809.3430	14.003	90.713
808.9200	14.009	90.683
808.4969	14.015	90.654
808.0738	14.022	90.624
807.6505	14.028	90.594
807.2271	14.034	90.564
806.8036	14.040	90.534
806.3802	14.046	90.504
805.9564	14.052	90.473
805.5327	14.058	90.443
805.1089	14.065	90.413
804.6850	14.071	90.383
804.2610	14.077	90.353
803.8369	14.083	90.322
803.4127	14.089	90.292
802.9884	14.095	90.262
802.5640	14.102	90.231
802.1396	14.108	90.201
801.7150	14.114	90.170
801.2903	14.120	90.140
800.8657	14.126	90.109
800.4408	14.133	90.078
800.0159	14.139	90.048
799.5909	14.144	90.014
799.1658	14.150	89.980
798.7406	14.155	89.945
798.3153	14.160	89.911
797.8899	14.165	89.876
797.4644	14.170	89.842
797.0389	14.176	89.807
796.6132	14.181	89.772
796.1875	14.186	89.737
795.7617	14.191	89.703
795.3357	14.197	89.668
794.9097	14.202	89.633
794.4836	14.207	89.599
794.0574	14.212	89.565
793.6310	14.217	89.531
793.2047	14.223	89.497
792.7782	14.228	89.464
792.3516	14.233	89.430
791.9249	14.238	89.396
791.4982	14.243	89.362
791.0714	14.248	89.328
790.6444	14.253	89.294
790.2173	14.259	89.260
789.7902	14.264	89.225
789.3630	14.269	89.192
788.9357	14.275	89.159
788.5083	14.281	89.125
788.0807	14.286	89.092
787.6532	14.292	89.059
787.2256	14.298	89.025
786.7977	14.303	88.992
786.3699	14.309	88.958
785.9419	14.315	88.925
785.5139	14.320	88.891
785.0857	14.326	88.857
784.6575	14.332	88.824
784.2291	14.338	88.791
783.8007	14.344	88.758
783.3722	14.351	88.725
782.9435	14.357	88.692
782.5148	14.363	88.659
782.0861	14.369	88.626
781.6573	14.376	88.593
781.2282	14.382	88.560
780.7991	14.388	88.527
780.3698	14.394	88.494
779.9407	14.401	88.461
779.5113	14.407	88.426
779.0818	14.414	88.390
778.6523	14.420	88.354
778.2227	14.427	88.318
777.7930	14.434	88.282
777.3632	14.440	88.245
776.9332	14.447	88.209
776.5032	14.454	88.173
776.0731	14.460	88.137
775.6429	14.467	88.100
775.2126	14.474	88.064
774.7822	14.480	88.028
774.3517	14.486	87.993
773.9212	14.492	87.959
773.4905	14.498	87.924
773.0598	14.504	87.890
772.6289	14.510	87.855
772.1980	14.516	87.820
771.7669	14.522	87.785
771.3358	14.528	87.750
770.9046	14.535	87.716
770.4733	14.541	87.681
770.0419	14.547	87.646
769.6104	14.553	87.611
769.1787	14.559	87.575
768.7471	14.565	87.540
768.3152	14.571	87.505
767.8834	14.577	87.470
767.4514	14.583	87.435
767.0193	14.589	87.399
766.5872	14.596	87.364
766.1549	14.602	87.328
765.7224	14.608	87.293
765.2901	14.614	87.257
764.8575	14.621	87.223
764.4249	14.627	87.188
763.9922	14.634	87.153
763.5593	14.640	87.118
763.1264	14.647	87.083
762.6934	14.653	87.047
762.2603	14.660	87.012
761.8271	14.667	86.977
761.3938	14.673	86.942
760.9604	14.680	86.906
760.5269	14.687	86.870
760.0933	14.694	86.833
759.6597	14.701	86.795
759.2259	14.708	86.758
758.7921	14.716	86.720
758.3581	14.723	86.683
757.9240	14.730	86.645
757.4900	14.738	86.607
757.0556	14.745	86.569
756.6213	14.753	86.531
756.1868	14.760	86.493
755.7523	14.767	86.457
755.3177	14.774	86.421
754.8830	14.781	86.386
754.4482	14.788	86.351
754.0132	14.795	86.315
753.5782	14.803	86.280
753.1432	14.810	86.244
752.7079	14.817	86.209
752.2726	14.824	86.173
751.8373	14.831	86.137
751.4018	14.838	86.101
750.9662	14.845	86.065
750.5306	14.852	86.029
750.0948	14.859	85.992
749.6589	14.866	85.956
749.2230	14.872	85.919
748.7869	14.879	85.882
748.3508	14.886	85.846
747.9146	14.893	85.809
747.4782	14.900	85.772
747.0417	14.907	85.735
746.6052	14.914	85.698
746.1686	14.921	85.661
745.7319	14.928	85.624
745.2950	14.935	85.587
744.8582	14.942	85.550
744.4211	14.949	85.513
743.9841	14.956	85.476
743.5468	14.963	85.438
743.1096	14.970	85.401
742.6722	14.977	85.363
742.2347	14.984	85.324
741.7971	14.991	85.283
741.3594	14.998	85.242
740.9215	15.005	85.201
740.4838	15.012	85.160
740.0458	15.019	85.119
739.6077	15.026	85.077
739.1696	15.033	85.036
738.7313	15.040	84.995
738.2930	15.048	84.953
737.8545	15.055	84.912
737.4160	15.061	84.873
736.9773	15.067	84.833
736.5386	15.074	84.793
736.0996	15.081	84.754
735.6608	15.087	84.714
735.2218	15.094	84.674
734.7827	15.100	84.634
734.3434	15.107	84.594
733.9041	15.113	84.554
733.4647	15.120	84.513
733.0252	15.127	84.471
732.5856	15.134	84.428
732.1459	15.140	84.386
731.7061	15.147	84.343
731.2662	15.154	84.300
730.8261	15.161	84.257
730.3861	15.168	84.214
729.9459	15.175	84.172
729.5057	15.182	84.128
729.0653	15.189	84.088
728.6248	15.197	84.050
728.1843	15.205	84.012
727.7436	15.213	83.973
727.3028	15.220	83.935
726.8619	15.228	83.896
726.4210	15.236	83.857
725.9799	15.244	83.819
725.5388	15.252	83.780
725.0975	15.260	83.741
724.6562	15.268	83.702
724.2147	15.276	83.663
723.7732	15.283	83.624
723.3315	15.291	83.584
722.8898	15.299	83.545
722.4479	15.307	83.506
722.0060	15.315	83.466
721.5640	15.323	83.427
721.1218	15.331	83.387
720.6796	15.339	83.347
720.2373	15.347	83.307
719.7949	15.354	83.267
719.3524	15.362	83.227
718.9097	15.370	83.186
718.4670	15.377	83.146
718.0242	15.385	83.105
717.5813	15.393	83.065
717.1383	15.400	83.024
716.6952	15.408	82.984
716.2520	15.416	82.942
715.8087	15.423	82.901
715.3653	15.430	82.859
714.9218	15.438	82.818
714.4782	15.445	82.776
714.0345	15.453	82.735
713.5907	15.460	82.693
713.1469	15.468	82.651
712.7028	15.475	82.609
712.2588	15.483	82.567
711.8146	15.490	82.525
711.3703	15.498	82.483
710.9259	15.505	82.441
710.4814	15.513	82.398
710.0369	15.520	82.356
709.5922	15.528	82.314
709.1474	15.535	82.271
708.7026	15.543	82.229
708.2576	15.551	82.185
707.8125	15.559	82.140
707.3674	15.568	82.095
706.9221	15.576	82.050
706.4767	15.585	82.005
706.0313	15.593	81.960
705.5857	15.602	81.915
705.1401	15.611	81.870
704.6943	15.619	81.824
704.2484	15.627	81.780
703.8025	15.636	81.738
703.3564	15.644	81.695
702.9103	15.652	81.653
702.4641	15.660	81.610
702.0177	15.668	81.568
701.5712	15.677	81.525
701.1247	15.685	81.482
700.6780	15.693	81.439
700.2313	15.702	81.396
699.7844	15.710	81.352
699.3375	15.719	81.309
698.8904	15.727	81.265
698.4433	15.736	81.222
697.9961	15.744	81.178
697.5488	15.753	81.134
697.1013	15.762	81.091
696.6537	15.770	81.047
696.2061	15.779	81.003
695.7584	15.788	80.959
695.3105	15.797	80.915
694.8626	15.805	80.871
694.4146	15.814	80.827
693.9664	15.823	80.783
693.5182	15.832	80.739
693.0699	15.841	80.695
692.6215	15.850	80.651
692.1729	15.859	80.607
691.7243	15.867	80.562
691.2756	15.876	80.518
690.8267	15.885	80.474
690.3778	15.894	80.429
689.9288	15.903	80.385
689.4797	15.912	80.340
689.0304	15.921	80.296
688.5811	15.930	80.251
688.1317	15.938	80.205
687.6821	15.947	80.159
687.2325	15.955	80.114
686.7828	15.964	80.068
686.3329	15.972	80.022
685.8830	15.981	79.976
685.4330	15.989	79.930
684.9828	15.998	79.884
684.5327	16.007	79.838
684.0823	16.015	79.791
683.6319	16.024	79.745
683.1813	16.033	79.698
682.7307	16.041	79.652
682.2800	16.050	79.605
681.8292	16.059	79.558
681.3782	16.067	79.511
680.9272	16.076	79.465
680.4761	16.085	79.418
680.0248	16.094	79.372
679.5735	16.103	79.325
679.1221	16.113	79.279
678.6705	16.122	79.232
678.2189	16.131	79.185
677.7672	16.140	79.138
677.3154	16.149	79.092
676.8634	16.159	79.045
676.4114	16.169	78.999
675.9592	16.178	78.952
675.5070	16.188	78.906
675.0547	16.197	78.859
674.6022	16.207	78.812
674.1497	16.217	78.765
673.6971	16.226	78.718
673.2443	16.236	78.671
672.7915	16.246	78.624
672.3386	16.256	78.576
671.8855	16.265	78.529
671.4324	16.275	78.481
670.9791	16.285	78.434
670.5258	16.294	78.386
670.0723	16.304	78.338
669.6188	16.313	78.290
669.1651	16.323	78.241
668.7114	16.332	78.193
668.2575	16.341	78.144
667.8035	16.351	78.095
667.3495	16.360	78.046
666.8953	16.369	77.998
666.4411	16.379	77.948
665.9868	16.388	77.898
665.5323	16.398	77.848
665.0777	16.407	77.798
664.6230	16.417	77.748
664.1683	16.426	77.698
663.7134	16.436	77.647
663.2584	16.445	77.597
662.8034	16.455	77.546
662.3482	16.464	77.495
661.8929	16.474	77.444
661.4376	16.483	77.393
660.9821	16.493	77.342
660.5265	16.502	77.291
660.0708	16.512	77.239
659.6151	16.522	77.188
659.1592	16.531	77.136
658.7032	16.541	77.084
658.2471	16.551	77.032
657.7909	16.560	76.980
657.3346	16.570	76.928
656.8782	16.580	76.876
656.4218	16.589	76.824
655.9651	16.599	76.771
655.5084	16.609	76.718
655.0516	16.618	76.666
654.5947	16.628	76.613
654.1377	16.638	76.560
653.6806	16.648	76.507
653.2234	16.657	76.454
652.7661	16.667	76.401
652.3087	16.677	76.347
651.8511	16.687	76.294
651.3936	16.697	76.240
650.9358	16.707	76.186
650.4780	16.717	76.132
650.0201	16.727	76.078
649.5620	16.737	76.024
649.1039	16.747	75.970
648.6457	16.757	75.916
648.1873	16.767	75.861
647.7289	16.777	75.806
647.2703	16.787	75.752
646.8117	16.797	75.697
646.3530	16.808	75.642
645.8941	16.818	75.587
645.4351	16.828	75.532
644.9761	16.839	75.478
644.5169	16.849	75.423
644.0577	16.860	75.369
643.5983	16.871	75.314
643.1389	16.882	75.259
642.6793	16.892	75.204
642.2196	16.903	75.149
641.7598	16.914	75.095
641.2999	16.926	75.041
640.8400	16.937	74.986
640.3799	16.948	74.932
639.9197	16.960	74.877
639.4594	16.971	74.822
638.9990	16.982	74.767
638.5385	16.994	74.712
638.0779	17.005	74.657
637.6172	17.016	74.602
637.1564	17.028	74.546
636.6954	17.039	74.490
636.2344	17.051	74.435
635.7733	17.062	74.379
635.3121	17.072	74.321
634.8508	17.083	74.264
634.3893	17.093	74.207
633.9278	17.104	74.149
633.4662	17.114	74.092
633.0044	17.125	74.034
632.5425	17.135	73.976
632.0806	17.145	73.918
631.6186	17.156	73.860
631.1564	17.166	73.801
630.6942	17.177	73.743
630.2318	17.188	73.684
629.7693	17.198	73.626
629.3068	17.209	73.567
628.8441	17.219	73.507
628.3813	17.230	73.448
627.9184	17.241	73.388
627.4554	17.251	73.328
626.9923	17.262	73.268
626.5291	17.273	73.207
626.0658	17.284	73.147
625.6024	17.295	73.086
625.1389	17.306	73.024
624.6753	17.316	72.963
624.2115	17.327	72.901
623.7477	17.338	72.840
623.2838	17.349	72.778
622.8198	17.360	72.716
622.3557	17.371	72.654
621.8914	17.382	72.591
621.4271	17.393	72.529
620.9626	17.404	72.466
620.4980	17.415	72.403
620.0334	17.426	72.340
619.5687	17.438	72.278
619.1038	17.450	72.217
618.6388	17.462	72.155
618.1737	17.474	72.093
617.7086	17.487	72.030
617.2433	17.499	71.968
616.7779	17.511	71.905
616.3124	17.523	71.843
615.8468	17.535	71.780
615.3810	17.548	71.717
614.9153	17.560	71.653
614.4492	17.572	71.590
613.9833	17.585	71.526
613.5172	17.597	71.463
613.0510	17.609	71.400
612.5847	17.622	71.336
612.1182	17.634	71.273
611.6516	17.647	71.209
611.1850	17.659	71.145
610.7183	17.671	71.081
610.2514	17.684	71.017
609.7844	17.697	70.954
609.3173	17.709	70.890
608.8502	17.722	70.826
608.3829	17.734	70.761
607.9156	17.747	70.697
607.4480	17.760	70.632
606.9804	17.772	70.567
606.5127	17.785	70.502
606.0449	17.798	70.437
605.5770	17.810	70.372
605.1089	17.823	70.306
604.6408	17.836	70.241
604.1726	17.849	70.175
603.7042	17.862	70.109
603.2358	17.875	70.043
602.7673	17.888	69.976
602.2986	17.900	69.910
601.8298	17.913	69.843
601.3610	17.926	69.776
600.8920	17.939	69.709
600.4229	17.952	69.642
599.9537	17.965	69.574
599.4844	17.978	69.506
599.0150	17.991	69.439
598.5455	18.005	69.370
598.0759	18.018	69.300
597.6062	18.031	69.231
597.1364	18.044	69.161
596.6664	18.057	69.091
596.1964	18.070	69.021
595.7263	18.084	68.950
595.2560	18.097	68.879
594.7857	18.110	68.807
594.3152	18.124	68.736
593.8447	18.137	68.664
593.3741	18.150	68.591
592.9032	18.164	68.519
592.4323	18.177	68.446
591.9613	18.191	68.373
591.4902	18.204	68.300
591.0190	18.218	68.227
590.5477	18.231	68.154
590.0763	18.244	68.082
589.6048	18.258	68.010
589.1331	18.271	67.939
588.6614	18.284	67.867
588.1896	18.297	67.795
587.7176	18.310	67.723
587.2455	18.323	67.651
586.7734	18.337	67.578
586.3011	18.350	67.505
585.8287	18.363	67.432
585.3563	18.376	67.359
584.8837	18.390	67.286
584.4109	18.403	67.212
583.9382	18.417	67.138
583.4652	18.431	67.064
582.9922	18.445	66.989
582.5191	18.459	66.915
582.0458	18.473	66.840
581.5725	18.488	66.765
581.0991	18.503	66.689
580.6255	18.517	66.613
580.1519	18.532	66.538
579.6780	18.546	66.461
579.2042	18.561	66.385
578.7303	18.576	66.308
578.2561	18.591	66.231
577.7819	18.605	66.154
577.3076	18.620	66.077
576.8332	18.635	65.999
576.3586	18.650	65.922
575.8840	18.666	65.844
575.4093	18.682	65.766
574.9344	18.697	65.688
574.4595	18.713	65.609
573.9844	18.729	65.531
573.5092	18.745	65.452
573.0339	18.761	65.372
572.5586	18.776	65.293
572.0831	18.792	65.213
571.6075	18.808	65.133
571.1318	18.824	65.053
570.6559	18.839	64.972
570.1801	18.854	64.892
569.7040	18.869	64.811
569.2278	18.885	64.730
568.7516	18.900	64.649
568.2753	18.915	64.568
567.7989	18.930	64.487
567.3222	18.944	64.405
566.8455	18.959	64.323
566.3687	18.974	64.241
565.8918	18.989	64.158
565.4149	19.003	64.076
564.9377	19.018	63.993
564.4605	19.033	63.909
563.9832	19.048	63.826
563.5057	19.063	63.742
563.0282	19.080	63.657
562.5505	19.097	63.571
562.0728	19.113	63.485
561.5948	19.130	63.399
561.1169	19.147	63.313
560.6388	19.164	63.226
560.1606	19.181	63.139
559.6823	19.198	63.051
559.2039	19.215	62.964
558.7253	19.231	62.876
558.2467	19.248	62.787
557.7679	19.265	62.699
557.2891	19.282	62.610
556.8102	19.299	62.521
556.3311	19.316	62.431
555.8519	19.334	62.341
555.3726	19.351	62.251
554.8932	19.368	62.161
554.4137	19.385	62.070
553.9341	19.402	61.979
553.4543	19.419	61.888
552.9745	19.436	61.796
552.4946	19.454	61.704
552.0145	19.471	61.612
551.5345	19.488	61.519
551.0541	19.505	61.426
550.5737	19.523	61.333
550.0933	19.540	61.240
549.6126	19.557	61.146
549.1320	19.574	61.052
548.6511	19.591	60.957
548.1702	19.608	60.863
547.6891	19.625	60.768
547.2080	19.643	60.672
546.7267	19.660	60.576
546.2454	19.677	60.480
545.7639	19.694	60.384
545.2823	19.711	60.287
544.8007	19.728	60.190
544.3188	19.746	60.093
543.8369	19.763	59.995
543.3549	19.780	59.897
542.8728	19.797	59.799
542.3905	19.813	59.700
541.9082	19.830	59.601
541.4257	19.847	59.501
540.9431	19.864	59.401
540.4604	19.881	59.301
539.9777	19.898	59.200
539.4948	19.915	59.099
539.0118	19.933	58.997
538.5286	19.953	58.896
538.0454	19.973	58.794
537.5621	19.994	58.691
537.0786	20.014	58.589
536.5950	20.034	58.485
536.1114	20.055	58.382
535.6276	20.075	58.277
535.1437	20.096	58.173
534.6597	20.116	58.068
534.1756	20.136	57.962
533.6913	20.156	57.856
533.2070	20.176	57.750
532.7226	20.195	57.643
532.2380	20.215	57.535
531.7534	20.234	57.427
531.2686	20.254	57.319
530.7837	20.273	57.210
530.2987	20.292	57.101
529.8136	20.311	56.991
529.3284	20.330	56.881
528.8430	20.349	56.770
528.3576	20.368	56.659
527.8720	20.388	56.547
527.3864	20.407	56.435
526.9006	20.428	56.324
526.4147	20.448	56.211
525.9287	20.469	56.098
525.4426	20.489	55.985
524.9564	20.510	55.871
524.4700	20.530	55.756
523.9836	20.551	55.641
523.4971	20.571	55.526
523.0104	20.592	55.410
522.5236	20.613	55.294
522.0367	20.634	55.177
521.5497	20.655	55.060
521.0626	20.677	54.942
520.5754	20.698	54.824
520.0881	20.720	54.705
519.6006	20.742	54.586
519.1131	20.764	54.466
518.6254	20.786	54.346
518.1377	20.808	54.225
517.6498	20.830	54.104
517.1618	20.852	53.982
516.6737	20.874	53.859
516.1855	20.896	53.736
515.6971	20.918	53.613
515.2087	20.941	53.490
514.7202	20.963	53.365
514.2314	20.986	53.240
513.7427	21.009	53.115
513.2538	21.031	52.989
512.7648	21.054	52.862
512.2757	21.076	52.734
511.7864	21.099	52.606
511.2971	21.122	52.476
510.8076	21.145	52.346
510.3181	21.167	52.215
509.8284	21.190	52.083
509.3386	21.213	51.951
508.8488	21.236	51.817
508.3587	21.259	51.683
507.8686	21.282	51.548
507.3784	21.305	51.412
506.8880	21.328	51.276
506.3976	21.351	51.139
505.9070	21.375	51.002
505.4163	21.400	50.866
504.9255	21.424	50.729
504.4346	21.449	50.591
503.9436	21.474	50.452
503.4525	21.499	50.313
502.9612	21.524	50.173
502.4698	21.549	50.032
501.9784	21.573	49.891
501.4868	21.598	49.748
500.9951	21.623	49.605
500.5033	21.648	49.461
500.0114	21.673	49.317
499.5193	21.699	49.171
499.0272	21.724	49.025
498.5349	21.749	48.877
498.0426	21.774	48.730
497.5501	21.799	48.581
497.0575	21.824	48.431
496.5648	21.849	48.281
496.0720	21.874	48.130
495.5790	21.900	47.977
495.0860	21.926	47.824
494.5928	21.951	47.670
494.0995	21.977	47.514
493.6062	22.002	47.359
493.1127	22.028	47.202
492.6190	22.054	47.044
492.1253	22.079	46.885
491.6315	22.106	46.726
491.1375	22.133	46.567
490.6435	22.161	46.407
490.1493	22.188	46.245
489.6550	22.216	46.084
489.1606	22.245	45.921
488.6661	22.274	45.758
488.1714	22.303	45.594
487.6767	22.331	45.429
487.1818	22.360	45.262
486.6869	22.389	45.095
486.1918	22.418	44.927
485.6966	22.448	44.759
485.2013	22.478	44.589
484.7058	22.508	44.419
484.2103	22.538	44.247
483.7146	22.568	44.075
483.2189	22.598	43.901
482.7230	22.628	43.727
482.2270	22.659	43.551
481.7309	22.689	43.375
481.2346	22.720	43.197
480.7383	22.751	43.018
480.2419	22.782	42.838
479.7453	22.813	42.657
479.2486	22.845	42.475
478.7518	22.876	42.292
478.2549	22.907	42.108
477.7579	22.939	41.922
477.2608	22.970	41.735
476.7635	23.002	41.547
476.2662	23.034	41.359
475.7687	23.067	41.169
475.2711	23.099	40.979
474.7734	23.132	40.786
474.2756	23.164	40.593
473.7776	23.197	40.398
473.2796	23.229	40.202
472.7814	23.262	40.004
472.2831	23.295	39.804
471.7848	23.328	39.604
471.2863	23.362	39.402
470.7876	23.395	39.197
470.2889	23.429	38.992
469.7900	23.462	38.785
469.2911	23.495	38.577
468.7920	23.529	38.367
468.2928	23.562	38.156
467.7935	23.596	37.943
467.2941	23.631	37.728
466.7945	23.667	37.511
466.2949	23.702	37.292
465.7951	23.737	37.072
465.2952	23.773	36.851
464.7952	23.808	36.628
464.2951	23.843	36.403
463.7949	23.880	36.179
463.2946	23.916	35.953
462.7941	23.952	35.726
462.2935	23.990	35.498
461.7928	24.027	35.269
461.2921	24.065	35.039
460.7911	24.102	34.806
460.2901	24.140	34.572
459.7889	24.177	34.337
459.2877	24.214	34.099
458.7863	24.253	33.860
458.2848	24.292	33.619
457.7832	24.331	33.376
457.2815	24.370	33.131
456.7796	24.409	32.884
456.2777	24.447	32.636
455.7756	24.486	32.385
455.2734	24.526	32.132
454.7711	24.566	31.878
454.2687	24.606	31.621
453.7662	24.646	31.362
453.2635	24.687	31.101
452.7608	24.728	30.838
452.2579	24.769	30.573
451.7549	24.809	30.306
451.2518	24.850	30.037
450.7485	24.891	29.765
450.2452	24.935	29.490

