Source : Fit
Spectrum : 1

Wavelength	Psi	Delta

829.9594	14.279	92.977
829.5408	14.284	92.946
829.1221	14.290	92.915
828.7034	14.295	92.884
828.2845	14.300	92.853
827.8656	14.306	92.822
827.4465	14.311	92.790
827.0275	14.317	92.759
826.6082	14.322	92.728
826.1889	14.327	92.698
825.7695	14.333	92.667
825.3500	14.338	92.637
824.9305	14.343	92.607
824.5108	14.348	92.577
824.0911	14.354	92.546
823.6713	14.359	92.516
823.2513	14.364	92.486
822.8313	14.369	92.455
822.4112	14.375	92.425
821.9910	14.380	92.394
821.5707	14.385	92.364
821.1503	14.391	92.333
820.7299	14.396	92.302
820.3093	14.401	92.272
819.8886	14.406	92.241
819.4679	14.412	92.210
819.0471	14.417	92.180
818.6262	14.422	92.149
818.2051	14.428	92.118
817.7841	14.433	92.087
817.3629	14.438	92.056
816.9416	14.444	92.025
816.5202	14.449	91.994
816.0988	14.454	91.963
815.6772	14.460	91.932
815.2556	14.465	91.903
814.8338	14.471	91.874
814.4120	14.477	91.845
813.9901	14.482	91.816
813.5681	14.488	91.787
813.1460	14.493	91.758
812.7238	14.499	91.728
812.3015	14.505	91.699
811.8792	14.510	91.670
811.4567	14.516	91.641
811.0341	14.522	91.611
810.6115	14.527	91.582
810.1888	14.533	91.553
809.7659	14.539	91.524
809.3430	14.545	91.496
808.9200	14.551	91.467
808.4969	14.557	91.439
808.0738	14.564	91.410
807.6505	14.570	91.381
807.2271	14.576	91.353
806.8036	14.582	91.324
806.3802	14.588	91.295
805.9564	14.594	91.267
805.5327	14.600	91.238
805.1089	14.606	91.209
804.6850	14.612	91.180
804.2610	14.619	91.151
803.8369	14.625	91.122
803.4127	14.631	91.093
802.9884	14.637	91.064
802.5640	14.643	91.035
802.1396	14.649	91.005
801.7150	14.656	90.976
801.2903	14.662	90.947
800.8657	14.668	90.918
800.4408	14.674	90.888
800.0159	14.680	90.859
799.5909	14.686	90.827
799.1658	14.691	90.794
798.7406	14.696	90.761
798.3153	14.701	90.727
797.8899	14.707	90.694
797.4644	14.712	90.661
797.0389	14.717	90.627
796.6132	14.722	90.594
796.1875	14.728	90.560
795.7617	14.733	90.527
795.3357	14.738	90.493
794.9097	14.743	90.460
794.4836	14.749	90.427
794.0574	14.754	90.394
793.6310	14.759	90.362
793.2047	14.764	90.329
792.7782	14.769	90.297
792.3516	14.774	90.264
791.9249	14.779	90.231
791.4982	14.784	90.199
791.0714	14.790	90.166
790.6444	14.795	90.133
790.2173	14.800	90.100
789.7902	14.805	90.067
789.3630	14.811	90.035
788.9357	14.816	90.003
788.5083	14.822	89.971
788.0807	14.828	89.939
787.6532	14.833	89.907
787.2256	14.839	89.874
786.7977	14.844	89.842
786.3699	14.850	89.810
785.9419	14.856	89.778
785.5139	14.861	89.745
785.0857	14.867	89.713
784.6575	14.873	89.680
784.2291	14.879	89.649
783.8007	14.885	89.617
783.3722	14.891	89.586
782.9435	14.898	89.554
782.5148	14.904	89.523
782.0861	14.910	89.491
781.6573	14.916	89.459
781.2282	14.922	89.427
780.7991	14.929	89.395
780.3698	14.935	89.364
779.9407	14.941	89.332
779.5113	14.947	89.298
779.0818	14.954	89.264
778.6523	14.961	89.229
778.2227	14.967	89.194
777.7930	14.974	89.160
777.3632	14.980	89.125
776.9332	14.987	89.090
776.5032	14.994	89.055
776.0731	15.000	89.020
775.6429	15.007	88.986
775.2126	15.013	88.951
774.7822	15.020	88.916
774.3517	15.026	88.883
773.9212	15.032	88.849
773.4905	15.038	88.816
773.0598	15.044	88.783
772.6289	15.050	88.749
772.1980	15.056	88.716
771.7669	15.062	88.682
771.3358	15.068	88.648
770.9046	15.074	88.615
770.4733	15.080	88.581
770.0419	15.086	88.547
769.6104	15.092	88.514
769.1787	15.098	88.480
768.7471	15.104	88.446
768.3152	15.110	88.412
767.8834	15.116	88.378
767.4514	15.122	88.344
767.0193	15.128	88.310
766.5872	15.134	88.275
766.1549	15.140	88.241
765.7224	15.146	88.207
765.2901	15.152	88.173
764.8575	15.159	88.139
764.4249	15.165	88.105
763.9922	15.172	88.072
763.5593	15.178	88.038
763.1264	15.185	88.004
762.6934	15.191	87.970
762.2603	15.198	87.936
761.8271	15.204	87.902
761.3938	15.211	87.868
760.9604	15.217	87.834
760.5269	15.224	87.800
760.0933	15.231	87.764
759.6597	15.238	87.727
759.2259	15.245	87.691
758.7921	15.253	87.655
758.3581	15.260	87.619
757.9240	15.267	87.582
757.4900	15.274	87.546
757.0556	15.282	87.510
756.6213	15.289	87.473
756.1868	15.296	87.437
755.7523	15.303	87.402
755.3177	15.310	87.367
754.8830	15.317	87.333
754.4482	15.324	87.299
754.0132	15.331	87.265
753.5782	15.338	87.231
753.1432	15.345	87.196
752.7079	15.352	87.162
752.2726	15.359	87.128
751.8373	15.366	87.093
751.4018	15.373	87.059
750.9662	15.380	87.024
750.5306	15.386	86.988
750.0948	15.393	86.953
749.6589	15.400	86.918
749.2230	15.407	86.882
748.7869	15.413	86.847
748.3508	15.420	86.812
747.9146	15.427	86.776
747.4782	15.434	86.740
747.0417	15.441	86.705
746.6052	15.447	86.669
746.1686	15.454	86.633
745.7319	15.461	86.597
745.2950	15.468	86.562
744.8582	15.475	86.526
744.4211	15.482	86.490
743.9841	15.488	86.454
743.5468	15.495	86.417
743.1096	15.502	86.381
742.6722	15.509	86.345
742.2347	15.516	86.307
741.7971	15.523	86.268
741.3594	15.530	86.228
740.9215	15.537	86.188
740.4838	15.544	86.148
740.0458	15.551	86.108
739.6077	15.558	86.068
739.1696	15.565	86.028
738.7313	15.572	85.988
738.2930	15.579	85.948
737.8545	15.585	85.909
737.4160	15.592	85.870
736.9773	15.598	85.832
736.5386	15.604	85.793
736.0996	15.611	85.755
735.6608	15.617	85.716
735.2218	15.624	85.678
734.7827	15.630	85.639
734.3434	15.636	85.600
733.9041	15.643	85.561
733.4647	15.649	85.522
733.0252	15.656	85.480
732.5856	15.663	85.439
732.1459	15.669	85.398
731.7061	15.676	85.356
731.2662	15.683	85.315
730.8261	15.690	85.273
730.3861	15.696	85.232
729.9459	15.703	85.190
729.5057	15.710	85.148
729.0653	15.717	85.109
728.6248	15.725	85.072
728.1843	15.732	85.035
727.7436	15.740	84.998
727.3028	15.748	84.960
726.8619	15.755	84.923
726.4210	15.763	84.886
725.9799	15.771	84.848
725.5388	15.778	84.810
725.0975	15.786	84.773
724.6562	15.794	84.735
724.2147	15.801	84.697
723.7732	15.809	84.659
723.3315	15.817	84.621
722.8898	15.824	84.583
722.4479	15.832	84.544
722.0060	15.840	84.506
721.5640	15.848	84.468
721.1218	15.855	84.429
720.6796	15.863	84.391
720.2373	15.871	84.352
719.7949	15.878	84.312
719.3524	15.885	84.273
718.9097	15.893	84.234
718.4670	15.900	84.195
718.0242	15.908	84.155
717.5813	15.915	84.116
717.1383	15.923	84.077
716.6952	15.930	84.037
716.2520	15.938	83.997
715.8087	15.945	83.957
715.3653	15.952	83.916
714.9218	15.959	83.876
714.4782	15.966	83.835
714.0345	15.974	83.795
713.5907	15.981	83.754
713.1469	15.988	83.713
712.7028	15.995	83.672
712.2588	16.003	83.632
711.8146	16.010	83.591
711.3703	16.017	83.550
710.9259	16.024	83.508
710.4814	16.032	83.467
710.0369	16.039	83.426
709.5922	16.046	83.385
709.1474	16.054	83.343
708.7026	16.061	83.302
708.2576	16.069	83.259
707.8125	16.077	83.216
707.3674	16.085	83.172
706.9221	16.094	83.128
706.4767	16.102	83.084
706.0313	16.110	83.041
705.5857	16.118	82.997
705.1401	16.127	82.953
704.6943	16.135	82.909
704.2484	16.143	82.866
703.8025	16.151	82.824
703.3564	16.159	82.783
702.9103	16.167	82.741
702.4641	16.175	82.700
702.0177	16.183	82.658
701.5712	16.191	82.617
701.1247	16.199	82.575
700.6780	16.207	82.533
700.2313	16.215	82.491
699.7844	16.223	82.449
699.3375	16.231	82.406
698.8904	16.239	82.364
698.4433	16.248	82.321
697.9961	16.256	82.279
697.5488	16.264	82.236
697.1013	16.273	82.193
696.6537	16.281	82.150
696.2061	16.289	82.108
695.7584	16.298	82.065
695.3105	16.306	82.022
694.8626	16.315	81.979
694.4146	16.323	81.936
693.9664	16.332	81.893
693.5182	16.341	81.850
693.0699	16.349	81.807
692.6215	16.358	81.764
692.1729	16.366	81.721
691.7243	16.375	81.678
691.2756	16.383	81.634
690.8267	16.392	81.591
690.3778	16.400	81.548
689.9288	16.409	81.504
689.4797	16.417	81.461
689.0304	16.426	81.417
688.5811	16.434	81.373
688.1317	16.443	81.328
687.6821	16.451	81.284
687.2325	16.459	81.239
686.7828	16.467	81.194
686.3329	16.476	81.149
685.8830	16.484	81.104
685.4330	16.492	81.059
684.9828	16.500	81.014
684.5327	16.509	80.968
684.0823	16.517	80.923
683.6319	16.525	80.877
683.1813	16.533	80.832
682.7307	16.542	80.786
682.2800	16.550	80.740
681.8292	16.558	80.695
681.3782	16.567	80.649
680.9272	16.575	80.603
680.4761	16.584	80.558
680.0248	16.593	80.512
679.5735	16.601	80.467
679.1221	16.610	80.421
678.6705	16.619	80.375
678.2189	16.628	80.329
677.7672	16.636	80.283
677.3154	16.645	80.237
676.8634	16.655	80.192
676.4114	16.664	80.146
675.9592	16.673	80.101
675.5070	16.682	80.055
675.0547	16.691	80.009
674.6022	16.701	79.963
674.1497	16.710	79.917
673.6971	16.719	79.871
673.2443	16.728	79.825
672.7915	16.738	79.778
672.3386	16.747	79.732
671.8855	16.756	79.685
671.4324	16.766	79.639
670.9791	16.775	79.592
670.5258	16.784	79.545
670.0723	16.793	79.498
669.6188	16.802	79.450
669.1651	16.811	79.403
668.7114	16.820	79.355
668.2575	16.829	79.307
667.8035	16.838	79.259
667.3495	16.847	79.211
666.8953	16.856	79.163
666.4411	16.865	79.115
665.9868	16.874	79.066
665.5323	16.883	79.016
665.0777	16.892	78.967
664.6230	16.901	78.918
664.1683	16.910	78.868
663.7134	16.919	78.818
663.2584	16.928	78.769
662.8034	16.937	78.719
662.3482	16.946	78.669
661.8929	16.955	78.619
661.4376	16.964	78.568
660.9821	16.973	78.518
660.5265	16.983	78.467
660.0708	16.992	78.417
659.6151	17.001	78.366
659.1592	17.010	78.315
658.7032	17.019	78.264
658.2471	17.028	78.213
657.7909	17.037	78.162
657.3346	17.047	78.110
656.8782	17.056	78.059
656.4218	17.065	78.007
655.9651	17.074	77.955
655.5084	17.083	77.903
655.0516	17.093	77.851
654.5947	17.102	77.799
654.1377	17.111	77.747
653.6806	17.120	77.695
653.2234	17.130	77.642
652.7661	17.139	77.590
652.3087	17.148	77.537
651.8511	17.158	77.484
651.3936	17.167	77.431
650.9358	17.177	77.378
650.4780	17.186	77.325
650.0201	17.196	77.271
649.5620	17.205	77.218
649.1039	17.215	77.164
648.6457	17.224	77.111
648.1873	17.234	77.057
647.7289	17.243	77.003
647.2703	17.253	76.949
646.8117	17.262	76.894
646.3530	17.272	76.840
645.8941	17.281	76.786
645.4351	17.291	76.732
644.9761	17.301	76.678
644.5169	17.312	76.624
644.0577	17.322	76.570
643.5983	17.332	76.516
643.1389	17.342	76.462
642.6793	17.352	76.407
642.2196	17.362	76.353
641.7598	17.373	76.299
641.2999	17.384	76.246
640.8400	17.394	76.192
640.3799	17.405	76.138
639.9197	17.416	76.084
639.4594	17.426	76.029
638.9990	17.437	75.975
638.5385	17.448	75.920
638.0779	17.459	75.865
637.6172	17.469	75.811
637.1564	17.480	75.756
636.6954	17.491	75.700
636.2344	17.502	75.645
635.7733	17.512	75.590
635.3121	17.522	75.533
634.8508	17.532	75.476
634.3893	17.542	75.419
633.9278	17.552	75.362
633.4662	17.561	75.305
633.0044	17.571	75.247
632.5425	17.581	75.190
632.0806	17.591	75.132
631.6186	17.601	75.074
631.1564	17.611	75.016
630.6942	17.620	74.958
630.2318	17.630	74.900
629.7693	17.640	74.842
629.3068	17.650	74.783
628.8441	17.660	74.724
628.3813	17.670	74.664
627.9184	17.680	74.605
627.4554	17.690	74.545
626.9923	17.700	74.485
626.5291	17.710	74.426
626.0658	17.720	74.365
625.6024	17.731	74.304
625.1389	17.741	74.243
624.6753	17.751	74.182
624.2115	17.761	74.121
623.7477	17.772	74.060
623.2838	17.782	73.998
622.8198	17.792	73.936
622.3557	17.802	73.874
621.8914	17.813	73.812
621.4271	17.823	73.750
620.9626	17.833	73.687
620.4980	17.843	73.625
620.0334	17.854	73.562
619.5687	17.865	73.500
619.1038	17.876	73.439
618.6388	17.888	73.377
618.1737	17.899	73.315
617.7086	17.910	73.253
617.2433	17.922	73.191
616.7779	17.933	73.129
616.3124	17.945	73.066
615.8468	17.956	73.003
615.3810	17.967	72.940
614.9153	17.979	72.877
614.4492	17.990	72.814
613.9833	18.002	72.750
613.5172	18.013	72.687
613.0510	18.025	72.624
612.5847	18.037	72.560
612.1182	18.048	72.497
611.6516	18.060	72.433
611.1850	18.071	72.369
610.7183	18.083	72.305
610.2514	18.095	72.242
609.7844	18.106	72.178
609.3173	18.118	72.114
608.8502	18.130	72.050
608.3829	18.142	71.985
607.9156	18.153	71.921
607.4480	18.165	71.856
606.9804	18.177	71.791
606.5127	18.189	71.726
606.0449	18.201	71.661
605.5770	18.212	71.595
605.1089	18.224	71.530
604.6408	18.236	71.464
604.1726	18.248	71.398
603.7042	18.260	71.332
603.2358	18.272	71.265
602.7673	18.284	71.199
602.2986	18.296	71.132
601.8298	18.308	71.065
601.3610	18.320	70.998
600.8920	18.332	70.930
600.4229	18.344	70.863
599.9537	18.356	70.795
599.4844	18.368	70.727
599.0150	18.380	70.659
598.5455	18.393	70.590
598.0759	18.405	70.520
597.6062	18.417	70.450
597.1364	18.429	70.380
596.6664	18.441	70.310
596.1964	18.454	70.240
595.7263	18.466	70.169
595.2560	18.478	70.097
594.7857	18.491	70.025
594.3152	18.503	69.953
593.8447	18.515	69.880
593.3741	18.528	69.808
592.9032	18.540	69.735
592.4323	18.553	69.662
591.9613	18.565	69.589
591.4902	18.577	69.515
591.0190	18.590	69.441
590.5477	18.602	69.367
590.0763	18.614	69.295
589.6048	18.626	69.223
589.1331	18.639	69.151
588.6614	18.651	69.079
588.1896	18.663	69.006
587.7176	18.675	68.933
587.2455	18.687	68.860
586.7734	18.699	68.787
586.3011	18.711	68.713
585.8287	18.723	68.639
585.3563	18.736	68.565
584.8837	18.748	68.491
584.4109	18.761	68.417
583.9382	18.773	68.342
583.4652	18.786	68.267
582.9922	18.799	68.192
582.5191	18.812	68.116
582.0458	18.825	68.040
581.5725	18.838	67.964
581.0991	18.852	67.888
580.6255	18.865	67.812
580.1519	18.878	67.735
579.6780	18.892	67.658
579.2042	18.905	67.581
578.7303	18.919	67.503
578.2561	18.933	67.425
577.7819	18.946	67.347
577.3076	18.960	67.269
576.8332	18.973	67.190
576.3586	18.987	67.112
575.8840	19.002	67.033
575.4093	19.016	66.954
574.9344	19.031	66.875
574.4595	19.045	66.795
573.9844	19.060	66.715
573.5092	19.074	66.635
573.0339	19.089	66.555
572.5586	19.103	66.474
572.0831	19.118	66.393
571.6075	19.132	66.312
571.1318	19.147	66.230
570.6559	19.161	66.149
570.1801	19.175	66.067
569.7040	19.189	65.985
569.2278	19.203	65.903
568.7516	19.217	65.820
568.2753	19.230	65.738
567.7989	19.243	65.655
567.3222	19.257	65.572
566.8455	19.270	65.489
566.3687	19.284	65.405
565.8918	19.297	65.321
565.4149	19.310	65.237
564.9377	19.324	65.152
564.4605	19.337	65.067
563.9832	19.351	64.982
563.5057	19.364	64.896
563.0282	19.380	64.809
562.5505	19.395	64.722
562.0728	19.411	64.635
561.5948	19.426	64.547
561.1169	19.441	64.459
560.6388	19.457	64.371
560.1606	19.472	64.282
559.6823	19.487	64.193
559.2039	19.503	64.103
558.7253	19.518	64.013
558.2467	19.534	63.923
557.7679	19.549	63.833
557.2891	19.565	63.742
556.8102	19.580	63.651
556.3311	19.596	63.560
555.8519	19.611	63.468
555.3726	19.627	63.376
554.8932	19.642	63.284
554.4137	19.658	63.191
553.9341	19.674	63.098
553.4543	19.689	63.004
552.9745	19.705	62.911
552.4946	19.720	62.816
552.0145	19.736	62.722
551.5345	19.752	62.627
551.0541	19.767	62.532
550.5737	19.783	62.436
550.0933	19.798	62.341
549.6126	19.814	62.245
549.1320	19.829	62.148
548.6511	19.845	62.052
548.1702	19.860	61.954
547.6891	19.876	61.857
547.2080	19.892	61.759
546.7267	19.907	61.661
546.2454	19.923	61.562
545.7639	19.938	61.463
545.2823	19.953	61.364
544.8007	19.969	61.264
544.3188	19.984	61.164
543.8369	19.999	61.063
543.3549	20.015	60.963
542.8728	20.030	60.861
542.3905	20.045	60.760
541.9082	20.060	60.658
541.4257	20.075	60.555
540.9431	20.091	60.452
540.4604	20.106	60.349
539.9777	20.121	60.245
539.4948	20.136	60.141
539.0118	20.152	60.036
538.5286	20.170	59.932
538.0454	20.189	59.827
537.5621	20.207	59.721
537.0786	20.225	59.615
536.5950	20.244	59.509
536.1114	20.262	59.402
535.6276	20.281	59.295
535.1437	20.299	59.187
534.6597	20.318	59.079
534.1756	20.336	58.970
533.6913	20.354	58.860
533.2070	20.371	58.750
532.7226	20.389	58.640
532.2380	20.407	58.529
531.7534	20.424	58.417
531.2686	20.441	58.305
530.7837	20.458	58.193
530.2987	20.476	58.080
529.8136	20.493	57.966
529.3284	20.510	57.852
528.8430	20.527	57.737
528.3576	20.544	57.622
527.8720	20.561	57.507
527.3864	20.579	57.391
526.9006	20.597	57.275
526.4147	20.615	57.158
525.9287	20.634	57.041
525.4426	20.652	56.924
524.9564	20.670	56.806
524.4700	20.689	56.687
523.9836	20.707	56.568
523.4971	20.725	56.448
523.0104	20.744	56.327
522.5236	20.763	56.207
522.0367	20.782	56.085
521.5497	20.801	55.963
521.0626	20.819	55.841
520.5754	20.839	55.718
520.0881	20.858	55.595
519.6006	20.878	55.471
519.1131	20.897	55.347
518.6254	20.917	55.222
518.1377	20.937	55.096
517.6498	20.956	54.969
517.1618	20.976	54.842
516.6737	20.995	54.715
516.1855	21.015	54.587
515.6971	21.035	54.459
515.2087	21.056	54.330
514.7202	21.076	54.200
514.2314	21.096	54.070
513.7427	21.116	53.939
513.2538	21.136	53.807
512.7648	21.156	53.675
512.2757	21.176	53.542
511.7864	21.196	53.407
511.2971	21.216	53.272
510.8076	21.237	53.136
510.3181	21.257	53.000
509.8284	21.277	52.862
509.3386	21.298	52.723
508.8488	21.318	52.583
508.3587	21.338	52.443
507.8686	21.359	52.302
507.3784	21.379	52.160
506.8880	21.399	52.018
506.3976	21.420	51.875
505.9070	21.441	51.731
505.4163	21.463	51.588
504.9255	21.485	51.445
504.4346	21.507	51.300
503.9436	21.529	51.155
503.4525	21.551	51.009
502.9612	21.573	50.862
502.4698	21.595	50.714
501.9784	21.617	50.566
501.4868	21.639	50.416
500.9951	21.661	50.266
500.5033	21.683	50.115
500.0114	21.705	49.963
499.5193	21.727	49.810
499.0272	21.749	49.656
498.5349	21.771	49.502
498.0426	21.793	49.346
497.5501	21.816	49.190
497.0575	21.838	49.032
496.5648	21.860	48.874
496.0720	21.882	48.715
495.5790	21.904	48.554
495.0860	21.927	48.393
494.5928	21.949	48.231
494.0995	21.972	48.067
493.6062	21.994	47.903
493.1127	22.017	47.738
492.6190	22.039	47.571
492.1253	22.062	47.404
491.6315	22.085	47.237
491.1375	22.109	47.068
490.6435	22.133	46.899
490.1493	22.157	46.728
489.6550	22.182	46.558
489.1606	22.207	46.386
488.6661	22.232	46.214
488.1714	22.258	46.040
487.6767	22.283	45.865
487.1818	22.308	45.690
486.6869	22.334	45.513
486.1918	22.359	45.335
485.6966	22.386	45.157
485.2013	22.412	44.977
484.7058	22.439	44.797
484.2103	22.465	44.615
483.7146	22.491	44.433
483.2189	22.518	44.249
482.7230	22.544	44.063
482.2270	22.571	43.877
481.7309	22.598	43.690
481.2346	22.625	43.501
480.7383	22.652	43.311
480.2419	22.679	43.121
479.7453	22.706	42.929
479.2486	22.734	42.735
478.7518	22.761	42.541
478.2549	22.789	42.345
477.7579	22.816	42.147
477.2608	22.843	41.949
476.7635	22.871	41.749
476.2662	22.899	41.548
475.7687	22.928	41.347
475.2711	22.956	41.143
474.7734	22.985	40.939
474.2756	23.013	40.733
473.7776	23.041	40.525
473.2796	23.070	40.316
472.7814	23.098	40.105
472.2831	23.127	39.893
471.7848	23.156	39.679
471.2863	23.184	39.463
470.7876	23.213	39.246
470.2889	23.243	39.027
469.7900	23.271	38.806
469.2911	23.300	38.584
468.7920	23.329	38.360
468.2928	23.358	38.135
467.7935	23.387	37.907
467.2941	23.418	37.677
466.7945	23.448	37.446
466.2949	23.479	37.213
465.7951	23.510	36.978
465.2952	23.540	36.741
464.7952	23.570	36.502
464.2951	23.601	36.263
463.7949	23.632	36.023
463.2946	23.664	35.781
462.7941	23.695	35.538
462.2935	23.727	35.294
461.7928	23.760	35.049
461.2921	23.792	34.802
460.7911	23.824	34.553
460.2901	23.856	34.303
459.7889	23.889	34.050
459.2877	23.920	33.796
458.7863	23.954	33.539
458.2848	23.987	33.281
457.7832	24.021	33.020
457.2815	24.054	32.757
456.7796	24.087	32.493
456.2777	24.120	32.226
455.7756	24.153	31.957
455.2734	24.188	31.686
454.7711	24.222	31.412
454.2687	24.256	31.137
453.7662	24.290	30.859
453.2635	24.325	30.579
452.7608	24.360	30.296
452.2579	24.395	30.011
451.7549	24.429	29.724
451.2518	24.464	29.435
450.7485	24.498	29.143
450.2452	24.536	28.848

