# lams, psi_mean, delta_mean
999.025300 45.000000 203.929048
998.641500 45.000000 203.929048
998.257800 45.000000 203.929048
997.873900 45.000000 203.929048
997.490000 45.000000 203.929048
997.106000 45.000000 203.929048
996.721900 45.000000 203.929048
996.337700 45.000000 203.929048
995.953500 45.000000 203.929048
995.569200 45.000000 203.929048
995.184800 45.000000 203.929048
994.800300 45.000000 203.929048
994.415800 45.000000 203.929048
994.031100 9.062330 29.809608
993.646400 3.442800 218.954379
993.261700 32.434704 218.460487
992.876800 7.099042 156.374234
992.491900 1.372541 99.636055
992.106900 3.821545 161.853401
991.721800 3.582382 136.195474
991.336700 4.122513 92.707180
990.951400 9.013897 79.299332
990.566100 5.830405 91.405245
990.180700 5.231967 65.675015
989.795300 2.830292 86.890736
989.409700 4.596140 108.683338
989.024100 6.257101 122.699956
988.638400 9.097523 130.707375
988.252600 8.503727 109.577487
987.866800 9.440912 103.377379
987.480900 8.127567 107.637682
987.094900 8.751690 109.305480
986.708800 5.393591 109.636732
986.322600 4.147519 145.275961
985.936400 5.517614 106.622598
985.550100 6.582458 92.963954
985.163800 9.266985 87.041971
984.777300 11.535708 85.016306
984.390700 14.125465 78.324242
984.004100 10.721557 77.925931
983.617400 5.818028 66.655440
983.230700 6.871497 74.481742
982.843800 4.277125 222.197079
982.456900 6.877266 46.715025
982.069900 9.105637 72.341749
981.682800 10.963012 85.602707
981.295700 14.183986 107.660432
980.908400 12.520490 104.505951
980.521100 12.321180 71.132674
980.133700 17.841853 109.255002
979.746300 19.247363 116.510026
979.358700 45.000000 135.579743
978.971100 45.000000 149.654128
978.583400 45.000000 154.807561
978.195600 28.890225 154.486787
977.807700 20.909693 156.935902
977.419900 16.280056 162.717741
977.031900 9.994810 167.760790
976.643700 7.399514 163.896335
976.255600 9.568506 181.278285
975.867400 4.668744 117.226250
975.479000 5.581525 118.485829
975.090600 7.450562 81.414259
974.702100 7.257080 95.066653
974.313600 7.843473 96.455638
973.925000 7.067197 93.519304
973.536300 9.491758 91.903187
973.147500 5.668794 106.370023
972.758600 6.056045 114.473107
972.369700 5.176783 123.663836
971.980700 5.441741 118.345834
971.591600 7.345851 105.393024
971.202400 8.084540 97.869970
970.813100 7.500666 94.481837
970.423800 6.719193 89.138721
970.034400 9.528243 47.317325
969.644900 9.142300 90.470565
969.255300 12.697884 117.315491
968.865700 18.261622 131.943157
968.476000 21.524349 137.931641
968.086100 24.582986 138.922903
967.696200 22.870422 137.223912
967.306300 18.600671 132.838032
966.916300 13.230743 127.458129
966.526100 7.856869 128.555954
966.135900 20.687703 4.586318
965.745700 45.000000 358.985124
965.355300 45.000000 156.709257
964.964900 22.975368 146.937411
964.574300 20.308258 142.175294
964.183800 20.342051 143.835073
963.793100 23.283614 147.807918
963.402300 6.193351 29.265264
963.011500 28.231735 44.911214
962.620700 6.835399 122.603452
962.229700 5.524037 140.115314
961.838600 4.577560 113.895578
961.447400 6.125679 199.582869
961.056200 8.396602 209.754720
960.664900 11.383043 217.235023
960.273600 16.840277 228.102023
959.882100 6.537519 207.510474
959.490500 6.717383 100.657982
959.098900 17.750535 66.377383
958.707300 5.440986 74.890483
958.315500 9.193591 85.375889
957.923600 8.919939 85.653172
957.531700 6.606871 89.826212
957.139600 4.807494 89.995426
956.747600 4.040321 87.911238
956.355400 1.456904 94.645078
955.963200 5.279985 111.949839
955.570900 4.668853 46.204463
955.178400 3.708110 16.159412
954.785900 4.056473 354.649354
954.393400 4.266042 355.422691
954.000700 3.790852 0.570333
953.608000 5.062187 65.812579
953.215200 7.576722 66.960085
952.822300 5.717575 53.463605
952.429300 6.139961 39.444326
952.036300 7.942578 49.800437
951.643200 13.540792 16.203957
951.249900 11.213804 19.090654
950.856700 45.000000 294.913238
950.463300 9.932257 27.040128
950.069900 14.955135 63.238653
949.676300 16.753466 69.949709
949.282700 21.726840 72.805684
948.889000 18.404353 69.553940
948.495300 18.659636 74.779473
948.101400 29.586171 177.149312
947.707500 10.220179 76.430244
947.313500 45.000000 54.588582
946.919400 45.000000 345.756940
946.525300 45.000000 1.418697
946.131000 45.000000 213.899764
945.736700 45.000000 186.111766
945.342300 45.000000 354.844431
944.947800 45.000000 356.977316
944.553200 45.000000 352.455376
944.158600 45.000000 158.978654
943.763900 45.000000 279.706069
943.369100 45.000000 169.099300
942.974200 45.000000 324.886942
942.579200 45.000000 37.465784
942.184100 45.000000 18.394487
941.789000 45.000000 27.038814
941.393800 22.155709 233.872022
940.998500 14.448928 309.976757
940.603100 7.301970 292.624293
940.207700 4.005381 222.353523
939.812200 8.896534 153.952881
939.416600 14.503032 140.224182
939.020900 10.353559 141.389961
938.625100 9.160216 131.231537
938.229200 9.819522 137.284925
937.833300 9.020844 84.811712
937.437300 19.999331 53.969940
937.041200 16.060752 3.327588
936.645000 10.196250 338.238285
936.248700 10.215585 332.802697
935.852400 10.229352 328.905428
935.456000 10.243800 322.371822
935.059400 10.421015 298.404225
934.662900 5.497908 277.820409
934.266200 5.872410 233.453804
933.869400 10.547714 335.374104
933.472700 45.000000 148.191779
933.075700 45.000000 129.268475
932.678700 45.000000 139.719293
932.281700 45.000000 358.133201
931.884500 45.000000 162.855442
931.487300 45.000000 22.146780
931.090000 23.441672 57.101644
930.692600 24.520722 94.414688
930.295100 12.181434 109.672479
929.897500 7.060217 91.280074
929.499900 2.972464 72.113774
929.102200 1.872076 297.168032
928.704300 5.166977 330.079616
928.306500 3.972912 12.746396
927.908500 4.852562 12.873866
927.510400 5.318481 17.997815
927.112300 5.686671 30.035586
926.714100 7.630468 16.871045
926.315800 0.741701 5.905129
925.917400 2.132079 359.342431
925.519000 4.223641 319.196768
925.120400 9.340861 265.134702
924.721800 5.383139 288.866893
924.323100 4.817887 307.702859
923.924300 23.004877 72.091647
923.525500 8.967145 336.732836
923.126500 45.000000 183.679671
922.727500 15.826233 320.168380
922.328300 14.801015 46.117418
921.929100 45.000000 73.522270
921.529800 45.000000 89.749717
921.130500 45.000000 87.767330
920.731100 45.000000 93.909095
920.331500 45.000000 82.945819
919.931900 15.848648 31.553662
919.532200 16.402331 332.566102
919.132400 7.253616 223.614360
918.732600 21.644031 320.060120
918.332600 14.851120 317.133484
917.932600 26.102269 306.287023
917.532500 9.352652 94.534908
917.132300 0.371281 154.561998
916.732100 16.535474 319.975026
916.331700 14.351095 313.018845
915.931300 45.000000 318.478890
915.530800 45.000000 140.064947
915.130200 45.000000 139.794046
914.729500 45.000000 354.499764
914.328700 45.000000 36.315224
913.927900 23.136979 349.567436
913.527000 13.400481 339.479996
913.125900 6.377505 151.998395
912.724900 14.112501 352.603500
912.323700 12.560296 358.647980
911.922400 12.186627 3.079532
911.521100 12.184699 36.141886
911.119600 3.573219 15.264678
910.718100 15.181357 251.692181
910.316500 10.715941 82.137706
909.914900 45.000000 146.523299
909.513100 20.852059 58.937679
909.111300 45.000000 1.418982
908.709300 45.000000 355.235905
908.307300 45.000000 349.344226
907.905200 45.000000 354.811075
907.503100 45.000000 357.830413
907.100800 45.000000 0.440532
906.698400 45.000000 6.021664
906.296000 45.000000 18.726368
905.893500 45.000000 67.911537
905.490900 45.000000 27.912999
905.088300 45.000000 29.303255
904.685500 14.181563 21.380877
904.282600 8.437214 252.204645
903.879700 15.565732 264.515503
903.476700 3.970796 346.836811
903.073600 4.446415 75.629652
902.670400 4.823899 0.981238
902.267200 4.591239 8.588109
901.863800 4.994537 9.990695
901.460400 5.731887 346.765753
901.056900 8.069829 347.811383
900.653300 11.362650 338.385871
900.249600 45.000000 235.831988
899.845800 45.000000 351.549335
899.442000 44.591544 350.224356
899.038000 45.000000 348.642456
898.634000 45.000000 348.848547
898.229900 45.000000 344.394987
897.825700 7.261759 321.918955
897.421400 45.000000 344.370240
897.017100 45.000000 343.446567
896.612700 45.000000 340.700252
896.208100 45.000000 337.874271
895.803500 45.000000 337.389589
895.398900 45.000000 337.646051
894.994100 39.792773 336.044589
894.589200 16.182681 331.517557
894.184300 45.000000 164.187069
893.779200 3.089583 294.572151
893.374100 4.824303 215.719154
892.968900 3.155624 238.112847
892.563700 2.843955 356.183618
892.158300 10.072306 4.799241
891.752800 7.314186 351.069047
891.347300 9.051095 348.024032
890.941700 10.083535 341.371476
890.535900 9.708695 338.568343
890.130200 7.241644 333.116999
889.724300 2.169102 341.842103
889.318400 4.905448 311.304966
888.912300 6.093753 294.206089
888.506200 4.661475 320.926843
888.100000 7.377563 311.880084
887.693700 10.275392 312.257513
887.287300 10.601683 311.148570
886.880800 10.953535 311.697474
886.474300 8.339449 314.531812
886.067600 8.021023 303.961107
885.660900 7.173598 291.281154
885.254100 8.066174 292.525010
884.847200 7.248517 287.360305
884.440200 6.225531 280.724132
884.033200 8.859976 288.568889
883.626000 8.648186 287.491749
883.218800 8.486460 288.852041
882.811500 5.989969 261.489025
882.404100 1.397899 313.393945
881.996600 5.119995 356.812959
881.589000 7.821142 12.635984
881.181300 10.882735 27.304459
880.773600 10.407426 44.310208
880.365800 14.511316 34.170363
879.957900 45.000000 314.044218
879.549900 12.523626 91.195989
879.141800 45.000000 123.602674
878.733600 45.000000 132.112154
878.325300 45.000000 133.896010
877.917000 45.000000 136.233652
877.508500 21.758289 187.676647
877.100000 45.000000 138.973213
876.691500 45.000000 126.399505
876.282800 45.000000 113.383365
875.874000 45.000000 90.363580
875.465100 10.126713 149.820169
875.056200 17.028280 172.994314
874.647200 45.000000 222.604443
874.238000 32.137816 214.863154
873.828900 28.858641 212.632517
873.419600 28.806537 211.189847
873.010200 29.195419 210.306430
872.600700 30.655406 208.266060
872.191200 45.000000 219.715377
871.781600 45.000000 242.771210
871.371800 7.151695 173.517328
870.962000 45.000000 116.345278
870.552100 31.138251 289.770757
870.142200 3.791874 269.347328
869.732100 3.941485 268.734086
869.321900 5.558799 269.977219
868.911700 7.809095 268.420698
868.501300 9.394913 267.606774
868.090900 10.870876 269.189469
867.680500 10.803854 266.729808
867.269900 9.549829 267.550733
866.859200 9.033655 265.496820
866.448500 8.026278 261.748974
866.037600 9.098023 257.892642
865.626700 8.202163 259.700597
865.215700 6.873967 262.055492
864.804600 6.744965 263.554568
864.393400 6.149419 263.560498
863.982100 7.007227 264.438351
863.570700 6.205720 263.340103
863.159300 4.083263 263.653127
862.747700 5.436009 257.738625
862.336100 6.217074 253.990639
861.924400 7.382511 251.505570
861.512600 6.782325 251.036908
861.100800 5.303467 255.569925
860.688800 4.927965 257.248997
860.276700 5.580113 254.801307
859.864600 5.448729 255.331355
859.452300 5.921590 251.320803
859.040000 6.680352 249.060694
858.627600 7.670923 247.688812
858.215100 8.023828 246.045438
857.802600 7.549696 246.084856
857.389900 7.682259 246.199914
856.977100 7.697653 246.312087
856.564300 7.970998 244.888254
856.151400 8.151265 244.277809
855.738300 8.096379 244.380777
855.325300 8.350092 244.287717
854.912000 8.658394 242.380928
854.498800 9.006604 239.269476
854.085400 9.155736 239.028216
853.671900 8.929438 238.182424
853.258400 9.095679 235.829078
852.844800 9.074055 233.998503
852.431100 8.917031 231.431155
852.017300 8.880118 232.269165
851.603400 8.798936 231.139329
851.189400 8.894837 230.791917
850.775300 9.080303 231.596182
850.361200 9.130148 228.567113
849.947000 9.247826 227.841040
849.532600 9.324426 228.070545
849.118200 9.592117 227.357988
848.703700 9.317380 226.075678
848.289100 9.394885 224.954718
847.874400 9.179743 223.466600
847.459700 9.571420 222.064875
847.044800 9.736084 220.494843
846.629800 10.015970 219.582843
846.214800 10.513341 218.376336
845.799700 10.541121 217.150239
845.384500 10.606834 216.569995
844.969200 10.492251 215.603827
844.553800 10.357228 214.951855
844.138300 10.483320 213.986580
843.722700 10.388291 213.354379
843.307100 10.573986 212.439929
842.891400 10.565170 211.715999
842.475500 10.498049 211.131226
842.059600 10.694210 210.590580
841.643600 10.706334 209.727102
841.227500 10.474510 208.975430
840.811300 10.199259 208.306397
840.395100 10.289496 207.528076
839.978700 10.302128 206.747325
839.562300 10.173121 206.029030
839.145700 10.286355 205.058856
838.729100 10.371428 204.141911
838.312400 10.434650 203.285741
837.895600 10.526960 202.356626
837.478700 10.708556 201.489932
837.061700 10.846380 200.506577
836.644700 10.942789 199.666749
836.227500 11.106815 198.797423
835.810200 11.231777 197.883776
835.392900 11.234070 196.900906
834.975500 11.351670 196.033214
834.557900 11.453549 195.238034
834.140300 11.450683 194.295139
833.722700 11.543759 193.644422
833.304900 11.672942 192.985586
832.887000 11.777185 192.274906
832.469100 11.748316 191.152105
832.051000 11.853349 190.441741
831.632900 11.938666 189.691225
831.214600 11.980328 188.637432
830.796300 12.143269 188.070541
830.377900 12.262481 187.494885
829.959400 12.297173 186.706378
829.540800 12.413275 185.893628
829.122100 12.413075 184.897668
828.703400 12.499906 184.125928
828.284500 12.504480 183.120039
827.865600 12.609439 182.291577
827.446500 12.658642 181.451652
827.027500 12.698777 180.503636
826.608200 12.769653 179.768759
826.188900 12.812780 179.009004
825.769500 12.848880 178.228703
825.350000 12.861876 177.354500
824.930500 12.900402 176.553764
824.510800 12.997279 175.778493
824.091100 13.048351 175.004627
823.671300 13.121244 174.126733
823.251300 13.163502 173.331574
822.831300 13.228590 172.538892
822.411200 13.313624 171.819035
821.991000 13.380374 171.164929
821.570700 13.427269 170.434808
821.150300 13.479313 169.684942
820.729900 13.569852 169.014896
820.309300 13.640113 168.293971
819.888600 13.704682 167.542517
819.467900 13.772157 166.839956
819.047100 13.843605 166.186866
818.626200 13.918941 165.467085
818.205100 13.988772 164.731599
817.784100 14.062009 164.056942
817.362900 14.116729 163.318582
816.941600 14.191645 162.666635
816.520200 14.269104 161.934571
816.098800 14.342491 161.249859
815.677200 14.427323 160.532525
815.255600 14.479406 159.774790
814.833800 14.557184 159.059970
814.412000 14.635369 158.400384
813.990100 14.705296 157.797183
813.568100 14.768683 157.138008
813.146000 14.838274 156.351671
812.723800 14.892515 155.637375
812.301500 14.997956 155.034941
811.879200 15.036015 154.265079
811.456700 15.100784 153.567045
811.034100 15.163799 152.838513
810.611500 15.227797 152.199693
810.188800 15.289411 151.493388
809.765900 15.360134 150.755662
809.343000 15.427570 150.058631
808.920000 15.505751 149.362951
808.496900 15.581559 148.620769
808.073700 15.641665 147.891264
807.650500 15.712543 147.239771
807.227100 15.778281 146.489590
806.803600 15.865726 145.766365
806.380100 15.938426 145.044096
805.956400 16.019576 144.352004
805.532700 16.094894 143.667584
805.108900 16.172261 142.918129
804.685000 16.243489 142.255408
804.261000 16.308309 141.521473
803.836900 16.379873 140.891777
803.412700 16.462701 140.244276
802.988400 16.530664 139.609149
802.564000 16.606480 138.930844
802.139600 16.667159 138.224025
801.715000 16.733787 137.556015
801.290300 16.811281 136.848774
800.865700 16.869255 136.223634
800.440800 16.916759 135.484621
800.015900 16.984217 134.867306
799.590900 17.060614 134.184072
799.165800 17.139646 133.572476
798.740600 17.229799 132.900157
798.315300 17.317225 132.270163
797.889900 17.419182 131.612522
797.464400 17.495587 130.970810
797.038900 17.598954 130.332865
796.613200 17.688528 129.701161
796.187500 17.743183 129.017832
795.761700 17.821251 128.383407
795.335700 17.898052 127.768077
794.909700 17.983345 127.132258
794.483600 18.051640 126.448212
794.057400 18.133185 125.844691
793.631000 18.235177 125.172644
793.204700 18.317717 124.532243
792.778200 18.385772 123.859961
792.351600 18.459910 123.252510
791.924900 18.531246 122.612474
791.498200 18.621941 121.994579
791.071400 18.692082 121.399161
790.644400 18.768171 120.777425
790.217300 18.833046 120.160079
789.790200 18.918027 119.517030
789.363000 18.994824 118.909974
788.935700 19.071704 118.341239
788.508300 19.150359 117.696110
788.080700 19.224960 117.104315
787.653200 19.314333 116.485833
787.225500 19.380714 115.896700
786.797700 19.453085 115.257886
786.369900 19.548206 114.673167
785.941900 19.634104 114.088100
785.513900 19.710053 113.488228
785.085700 19.793892 112.865550
784.657500 19.879398 112.259288
784.229100 19.950275 111.704489
783.800700 20.011439 111.130411
783.372200 20.086661 110.533557
782.943500 20.169183 109.933472
782.514800 20.268325 109.362658
782.086100 20.346126 108.814924
781.657200 20.416579 108.265547
781.228200 20.495763 107.677718
780.799100 20.578326 107.107850
780.369900 20.666337 106.517290
779.940700 20.736062 105.956289
779.511300 20.816337 105.367243
779.081800 20.919282 104.785694
778.652300 21.024805 104.202018
778.222700 21.133331 103.609726
777.793000 21.219143 103.047991
777.363200 21.323789 102.490036
776.933200 21.404608 101.919706
776.503200 21.499625 101.347718
776.073100 21.593385 100.783541
775.642900 21.688780 100.213366
775.212600 21.783180 99.672570
774.782200 21.881808 99.130858
774.351700 21.984528 98.600178
773.921200 22.093455 98.061668
773.490500 22.196269 97.532584
773.059800 22.314617 96.970814
772.628900 22.429246 96.425978
772.198000 22.547849 95.880217
771.766900 22.648416 95.345065
771.335800 22.753148 94.815070
770.904600 22.871065 94.275113
770.473300 22.997788 93.757432
770.041900 23.114282 93.250676
769.610400 23.219421 92.724656
769.178700 23.358534 92.207710
768.747100 23.491188 91.722974
768.315200 23.614703 91.227581
767.883400 23.723815 90.686276
767.451400 23.853783 90.171178
767.019300 24.031223 89.652878
766.587200 24.179862 89.138228
766.154900 24.336303 88.617857
765.722500 24.499331 88.116865
765.290100 24.625487 87.639664
764.857500 24.810438 87.151742
764.424900 24.977219 86.660803
763.992200 25.092706 86.179293
763.559300 25.250543 85.685579
763.126400 25.429076 85.224661
762.693400 25.621457 84.702797
762.260300 25.768412 84.212349
761.827100 25.939319 83.708440
761.393800 26.104957 83.219230
760.960400 26.231225 82.696097
760.526900 26.432116 82.186950
760.093300 26.559846 81.645890
759.659700 26.673376 81.104464
759.225900 26.820550 80.596121
758.792100 27.025057 80.100137
758.358100 27.195968 79.539483
757.924000 27.462847 79.011852
757.489900 27.696820 78.460531
757.055600 27.974967 77.929408
756.621300 28.230820 77.356272
756.186800 28.553165 76.788666
755.752300 28.765928 76.201047
755.317700 28.910533 75.541638
754.883000 29.097619 74.882970
754.448200 29.353841 74.254430
754.013200 29.578391 73.557158
753.578200 29.803640 72.842266
753.143100 29.996770 72.104031
752.707900 30.322649 71.388356
752.272600 30.715137 70.652728
751.837300 30.892714 69.846943
751.401800 31.366045 69.122891
750.966200 31.830258 68.395153
750.530600 32.223490 67.606174
750.094800 32.658295 66.800030
749.658900 33.012013 65.921846
749.223000 33.275994 65.008435
748.786900 33.437667 64.050992
748.350800 33.859060 63.162559
747.914600 33.988564 62.162011
747.478200 34.081774 61.094117
747.041700 34.582641 60.182831
746.605200 34.806340 59.141491
746.168600 35.184998 58.152509
745.731900 35.415410 57.097144
745.295000 35.432257 55.924519
744.858200 35.578074 54.791126
744.421100 35.449542 53.535748
743.984100 35.135762 52.148203
743.546800 34.796843 50.727024
743.109600 34.443947 49.269578
742.672200 34.104344 47.787299
742.234700 33.648727 46.211464
741.797100 33.282169 44.624517
741.359400 32.624481 42.737705
740.921600 32.120661 40.914522
740.483800 31.601511 38.987549
740.045800 31.068379 36.955057
739.607700 30.458818 34.721069
739.169600 29.962975 32.442383
738.731300 29.420118 29.980628
738.293000 28.904591 27.347353
737.854500 28.433438 24.631253
737.416000 28.003258 21.704651
736.977300 27.627712 18.676103
736.538600 27.381139 15.794724
736.099700 27.162325 12.626120
735.660800 27.057633 9.563972
735.221800 27.011249 6.434485
734.782700 27.057417 3.510312
734.343400 27.184430 0.499803
733.904100 27.386518 357.395962
733.464700 27.631575 354.547902
733.025200 27.930942 351.820198
732.585600 28.311099 349.206159
732.145900 28.692195 346.782850
731.706100 29.135024 344.287323
731.266200 29.641449 341.816903
730.826200 30.157642 339.552149
730.386100 30.631755 337.522550
729.945900 31.160020 335.516885
729.505700 31.669624 333.618449
729.065300 32.134003 331.981962
728.624800 32.552789 330.427402
728.184300 32.892874 329.011535
727.743600 33.154422 327.702685
727.302800 33.466541 326.388289
726.861900 33.772562 325.112809
726.421000 33.999398 323.888938
725.979900 34.052618 322.790147
725.538800 34.075010 321.672861
725.097500 34.103629 320.550591
724.656100 33.948229 319.575897
724.214700 33.659950 318.712819
723.773200 33.285603 317.888490
723.331500 32.997316 316.984033
722.889800 32.771216 316.043622
722.447900 32.492523 315.132038
722.006000 32.200055 314.230723
721.564000 31.931629 313.313140
721.121800 31.582451 312.460340
720.679600 31.222951 311.644953
720.237300 30.776480 310.885406
719.794900 30.265447 310.183711
719.352400 29.812837 309.385882
718.909700 29.392833 308.641150
718.467000 29.136245 307.745734
718.024200 28.852250 306.930449
717.581300 28.548660 306.171035
717.138300 28.224237 305.454001
716.695200 27.904978 304.732390
716.252000 27.580848 304.009205
715.808700 27.331759 303.228652
715.365300 27.075057 302.452759
714.921800 26.805352 301.708607
714.478200 26.548124 300.950322
714.034500 26.312513 300.201685
713.590700 26.085036 299.449457
713.146900 25.855017 298.653669
712.702800 25.643606 297.880780
712.258800 25.432295 297.139862
711.814600 25.235171 296.384659
711.370300 25.057098 295.622651
710.925900 24.859141 294.873985
710.481400 24.702039 294.109437
710.036900 24.520575 293.363765
709.592200 24.376001 292.602142
709.147400 24.202885 291.867705
708.702600 24.056614 291.088291
708.257600 23.900455 290.324310
707.812500 23.770793 289.538024
707.367400 23.625486 288.748303
706.922100 23.506904 287.958978
706.476700 23.389617 287.149648
706.031300 23.268413 286.328851
705.585700 23.135649 285.532472
705.140100 23.034454 284.717269
704.694300 22.936680 283.890983
704.248400 22.846500 283.044927
703.802500 22.767249 282.196715
703.356400 22.675839 281.340574
702.910300 22.580509 280.501786
702.464100 22.488877 279.632542
702.017700 22.411680 278.760252
701.571200 22.339554 277.885565
701.124700 22.263223 277.009923
700.678000 22.184254 276.111207
700.231300 22.113208 275.204469
699.784400 22.047187 274.300272
699.337500 21.982150 273.388060
698.890400 21.922397 272.464224
698.443300 21.857884 271.535077
697.996100 21.805695 270.591993
697.548800 21.746009 269.640921
697.101300 21.689508 268.695451
696.653700 21.639806 267.741212
696.206100 21.590324 266.764390
695.758400 21.537790 265.790378
695.310500 21.488696 264.808589
694.862600 21.441450 263.827140
694.414600 21.392175 262.832714
693.966400 21.353646 261.832306
693.518200 21.322727 260.829106
693.069900 21.282365 259.824454
692.621500 21.247662 258.809609
692.172900 21.207602 257.780435
691.724300 21.170415 256.753976
691.275600 21.139714 255.712992
690.826700 21.106707 254.666525
690.377800 21.079110 253.627465
689.928800 21.050496 252.569436
689.479700 21.024728 251.507070
689.030400 20.997887 250.450823
688.581100 20.969658 249.384823
688.131700 20.940563 248.317696
687.682100 20.917118 247.243879
687.232500 20.898203 246.150867
686.782800 20.874694 245.050978
686.332900 20.858694 243.950538
685.883000 20.837761 242.839675
685.433000 20.825781 241.733791
684.982800 20.808298 240.622791
684.532700 20.786818 239.490648
684.082300 20.770738 238.351726
683.631900 20.756775 237.221525
683.181300 20.745538 236.075826
682.730700 20.743444 234.936793
682.280000 20.734234 233.788956
681.829200 20.726276 232.632955
681.378200 20.719814 231.481839
680.927200 20.712764 230.327552
680.476100 20.708682 229.159561
680.024800 20.705212 227.992849
679.573500 20.700465 226.816732
679.122100 20.693654 225.637517
678.670500 20.691966 224.456821
678.218900 20.690021 223.275718
677.767200 20.697114 222.101898
677.315400 20.698899 220.921134
676.863400 20.705106 219.727011
676.411400 20.708677 218.536044
675.959200 20.713630 217.344259
675.507000 20.721191 216.152585
675.054700 20.724711 214.955928
674.602200 20.730885 213.755108
674.149700 20.743133 212.561653
673.697100 20.752507 211.357239
673.244300 20.768752 210.156924
672.791500 20.779548 208.939230
672.338600 20.791979 207.734766
671.885500 20.803989 206.529036
671.432400 20.820256 205.316536
670.979100 20.841379 204.101379
670.525800 20.863742 202.875731
670.072300 20.883648 201.654566
669.618800 20.904287 200.436977
669.165100 20.925060 199.214732
668.711400 20.952326 198.003883
668.257500 20.979769 196.784936
667.803500 21.008882 195.552214
667.349500 21.036649 194.319183
666.895300 21.066264 193.099838
666.441100 21.096711 191.885407
665.986800 21.126623 190.672784
665.532300 21.162747 189.453696
665.077700 21.198646 188.234052
664.623000 21.231559 187.006908
664.168300 21.269604 185.788903
663.713400 21.306876 184.570097
663.258400 21.343975 183.349770
662.803400 21.382799 182.125802
662.348200 21.423424 180.902391
661.892900 21.465095 179.687907
661.437600 21.503646 178.475497
660.982100 21.544517 177.266415
660.526500 21.588713 176.052730
660.070800 21.630918 174.846747
659.615100 21.678519 173.649671
659.159200 21.725578 172.451895
658.703200 21.770103 171.237565
658.247100 21.812464 170.035348
657.790900 21.855467 168.845631
657.334600 21.902147 167.656710
656.878200 21.953387 166.474338
656.421800 22.003217 165.287402
655.965100 22.051353 164.103797
655.508400 22.098394 162.915721
655.051600 22.145568 161.733617
654.594700 22.193306 160.557921
654.137700 22.245919 159.384277
653.680600 22.294647 158.208290
653.223400 22.345419 157.037503
652.766100 22.396116 155.874844
652.308700 22.445074 154.705183
651.851100 22.495541 153.540777
651.393600 22.552546 152.390883
650.935800 22.608888 151.237480
650.478000 22.663510 150.095056
650.020100 22.718211 148.949356
649.562000 22.769783 147.807470
649.103900 22.819449 146.666675
648.645700 22.868420 145.525279
648.187300 22.922162 144.383690
647.728900 22.975550 143.240430
647.270300 23.029633 142.104801
646.811700 23.080669 140.971825
646.353000 23.134313 139.845017
645.894100 23.185686 138.728143
645.435100 23.238115 137.609886
644.976100 23.295471 136.491616
644.516900 23.345623 135.368026
644.057700 23.399719 134.238003
643.598300 23.452818 133.117914
643.138900 23.508269 132.027459
642.679300 23.561951 130.927421
642.219600 23.615014 129.829588
641.759800 23.668749 128.731885
641.299900 23.727310 127.633095
640.840000 23.790288 126.533729
640.379900 23.844550 125.460520
639.919700 23.903145 124.376090
639.459400 23.965575 123.309384
638.999000 24.013935 122.230274
638.538500 24.076778 121.162539
638.077900 24.125755 120.109358
637.617200 24.186540 119.045720
637.156400 24.242652 117.987267
636.695400 24.312037 116.946361
636.234400 24.371369 115.905496
635.773300 24.435942 114.873336
635.312100 24.491405 113.846758
634.850800 24.556653 112.799404
634.389300 24.620283 111.790875
633.927800 24.705550 110.774663
633.466200 24.780700 109.753819
633.004400 24.854002 108.756816
632.542500 24.922128 107.780485
632.080600 24.986562 106.789785
631.618600 25.092215 105.827053
631.156400 25.160634 104.857983
630.694200 25.204408 103.879899
630.231800 25.242641 102.905679
629.769300 25.283951 101.950983
629.306800 25.354257 100.986403
628.844100 25.436667 100.063900
628.381300 25.531552 99.127246
627.918400 25.623658 98.178728
627.455400 25.709994 97.293258
626.992300 25.826650 96.410892
626.529100 25.920359 95.575175
626.065800 25.957008 94.681547
625.602400 26.022228 93.805133
625.138900 26.101450 92.967195
624.675300 26.218244 92.188245
624.211500 26.283823 91.343158
623.747700 26.311326 90.451600
623.283800 26.369195 89.480941
622.819800 26.400923 88.519037
622.355700 26.441650 87.452468
621.891400 26.480412 86.451366
621.427100 26.585524 85.483789
620.962600 26.701246 84.559442
620.498000 26.912492 83.743522
620.033400 27.053148 82.812348
619.568700 27.215518 81.926180
619.103800 27.307301 80.997901
618.638800 27.496745 80.053950
618.173700 27.735535 79.110936
617.708600 27.932951 78.206374
617.243300 28.160526 77.301418
616.777900 28.465713 76.386167
616.312400 28.733072 75.476517
615.846800 29.081901 74.587344
615.381000 29.293476 73.661291
614.915300 29.302911 72.681039
614.449300 29.810112 71.871686
613.983300 30.349056 71.074989
613.517200 30.984504 70.310925
613.051000 31.237690 69.409952
612.584700 31.740018 68.621825
612.118200 31.868883 67.696412
611.651700 32.116154 66.838752
611.185000 32.406340 66.013489
610.718300 32.502140 65.129593
610.251400 32.124397 64.057040
609.784400 32.344343 63.274235
609.317300 33.149575 62.788139
608.850200 33.603716 62.159109
608.382900 33.697899 61.413646
607.915500 33.029546 60.312866
607.448000 32.612594 59.340854
606.980400 32.359925 58.472933
606.512700 31.427396 57.196736
606.044900 29.400525 54.988188
605.577000 27.009638 51.962461
605.108900 24.812332 48.393338
604.640800 23.048571 44.663371
604.172600 21.236433 39.832225
603.704200 19.802978 34.750518
603.235800 18.639530 29.256860
602.767300 17.969094 24.908142
602.298600 17.426902 20.430293
601.829800 16.958835 15.443608
601.361000 16.552963 8.998295
600.892000 16.363626 1.972986
600.422900 16.442132 354.521082
599.953700 16.829613 346.882521
599.484400 17.459435 340.146337
599.015000 18.294618 334.070740
598.545500 19.362510 328.436219
598.075900 20.493111 323.764447
597.606200 21.762468 319.550550
597.136400 23.113657 315.889143
596.666400 24.644102 312.495480
596.196400 25.996544 309.829747
595.726300 27.293213 307.536801
595.256000 28.476370 305.532407
594.785700 29.317288 303.973137
594.315200 30.031343 302.555253
593.844700 30.604202 301.250679
593.374000 30.815546 300.175100
592.903200 31.052157 299.061405
592.432300 31.179793 297.983360
591.961300 31.275813 296.876891
591.490200 30.877066 295.984174
591.019000 30.639198 294.973227
590.547700 30.311998 293.926261
590.076300 29.884767 292.922853
589.604800 29.468739 291.842356
589.133100 29.053687 290.706192
588.661400 28.660238 289.535641
588.189600 28.229184 288.349155
587.717600 27.787219 287.151908
587.245500 27.284383 285.940566
586.773400 26.767298 284.716487
586.301100 26.393531 283.463674
585.828700 25.922841 282.255280
585.356300 25.484397 280.992660
584.883700 25.117341 279.625179
584.410900 24.734259 278.170934
583.938200 24.413781 276.663590
583.465200 24.129550 275.020884
582.992200 23.916470 273.399174
582.519100 23.719391 271.770756
582.045800 23.561127 270.186867
581.572500 23.350115 268.683302
581.099100 23.131986 267.099077
580.625500 22.862759 265.534274
580.151900 22.672300 263.943790
579.678000 22.513452 262.324274
579.204200 22.374674 260.690117
578.730200 22.266024 259.104784
578.256100 22.176974 257.535019
577.781900 22.089133 255.927997
577.307600 21.988274 254.338154
576.833200 21.863973 252.719322
576.358600 21.717783 251.061444
575.884000 21.593394 249.443791
575.409300 21.456483 247.789706
574.934400 21.316819 246.120568
574.459500 21.204484 244.415987
573.984400 21.083088 242.706120
573.509200 20.982120 240.978381
573.033900 20.874835 239.214800
572.558600 20.773354 237.443314
572.083100 20.672188 235.658963
571.607500 20.580664 233.864954
571.131800 20.485210 232.046228
570.655900 20.403083 230.230388
570.180100 20.325141 228.365682
569.704000 20.251816 226.511801
569.227800 20.171789 224.631176
568.751600 20.106658 222.746659
568.275300 20.039552 220.830023
567.798800 19.973729 218.909682
567.322200 19.907447 216.955442
566.845500 19.854024 215.015604
566.368700 19.804349 213.042906
565.891800 19.761719 211.085427
565.414900 19.721679 209.103833
564.937700 19.687397 207.121643
564.460500 19.663996 205.151578
563.983200 19.643628 203.165798
563.505700 19.632024 201.178272
563.028200 19.622042 199.197182
562.550500 19.620292 197.209632
562.072800 19.617984 195.218891
561.594800 19.622472 193.228541
561.116900 19.632634 191.242468
560.638800 19.651739 189.258051
560.160600 19.673571 187.277421
559.682300 19.698351 185.289454
559.203900 19.734645 183.300775
558.725300 19.769731 181.322239
558.246700 19.809054 179.351853
557.767900 19.851339 177.381269
557.289100 19.892771 175.421009
556.810200 19.937758 173.462855
556.331100 19.982983 171.509871
555.851900 20.027959 169.562617
555.372600 20.078588 167.623646
554.893200 20.140671 165.699245
554.413700 20.192717 163.779034
553.934100 20.250971 161.873968
553.454300 20.310311 159.978272
552.974500 20.363871 158.084063
552.494600 20.417462 156.201688
552.014500 20.482299 154.331712
551.534400 20.545843 152.471326
551.054100 20.611767 150.627422
550.573700 20.668615 148.796772
550.093300 20.715725 146.955297
549.612700 20.762418 145.136983
549.132000 20.806171 143.310250
548.651100 20.850949 141.470394
548.170200 20.893434 139.659310
547.689100 20.939551 137.845302
547.208000 20.983704 136.039306
546.726700 21.027576 134.248579
546.245400 21.083326 132.441395
545.763900 21.129486 130.667616
545.282300 21.187307 128.872898
544.800700 21.232246 127.121384
544.318800 21.281231 125.362038
543.836900 21.319190 123.624693
543.354900 21.365205 121.883925
542.872800 21.403920 120.154840
542.390500 21.454949 118.427667
541.908200 21.487890 116.733948
541.425700 21.530831 115.026475
540.943100 21.556102 113.339495
540.460400 21.600831 111.650445
539.977700 21.640021 109.971516
539.494800 21.658798 108.314782
539.011800 21.699895 106.645357
538.528600 21.738018 104.991316
538.045400 21.781916 103.330620
537.562100 21.816950 101.690706
537.078600 21.857731 100.070639
536.595000 21.899008 98.432074
536.111400 21.975563 96.789944
535.627600 22.038216 95.161493
535.143700 22.089716 93.563821
534.659700 22.121563 91.967170
534.175600 22.192680 90.363691
533.691300 22.216916 88.755644
533.207000 22.251363 87.128873
532.722600 22.283521 85.489474
532.238000 22.318099 83.850634
531.753400 22.370167 82.230630
531.268600 22.438780 80.583689
530.783700 22.530153 78.939877
530.298700 22.655140 77.295399
529.813600 22.761047 75.565347
529.328400 22.892180 73.774629
528.843000 23.006291 71.909716
528.357600 23.158062 70.099950
527.872000 23.346002 68.235826
527.386400 23.564218 66.354895
526.900600 23.824969 64.457570
526.414700 24.106316 62.489635
525.928700 24.410907 60.497401
525.442600 24.723189 58.508544
524.956400 25.041899 56.482382
524.470000 25.385657 54.371982
523.983600 25.711813 52.224456
523.497100 26.047421 50.054130
523.010400 26.381678 47.816096
522.523600 26.669175 45.505229
522.036700 26.824692 43.117661
521.549700 26.815976 40.626300
521.062600 26.665089 37.984038
520.575400 26.366903 35.089417
520.088100 25.958990 31.897233
519.600600 25.432120 28.378518
519.113100 24.904938 24.513146
518.625400 24.428169 20.247755
518.137700 23.993681 15.687821
517.649800 23.618626 10.868068
517.161800 23.316972 5.859465
516.673700 23.102428 0.731875
516.185500 22.972798 355.643424
515.697100 22.927104 350.566907
515.208700 22.925063 345.684353
514.720200 22.940049 340.983708
514.231400 23.141185 336.524003
513.742700 23.260807 332.290652
513.253800 23.270609 328.262306
512.764800 23.124692 324.411087
512.275700 22.863152 320.686120
511.786400 22.464699 317.024886
511.297100 21.929106 313.458088
510.807600 21.388173 309.799666
510.318100 20.724425 306.251992
509.828400 20.074968 302.700184
509.338600 19.530548 299.190195
508.848800 18.953644 295.634414
508.358700 18.398004 292.035706
507.868600 17.775017 288.303857
507.378400 17.182011 284.638440
506.888000 16.629728 281.037364
506.397600 16.188732 277.532800
505.907000 15.812936 274.097683
505.416300 15.357610 270.667456
504.925500 14.978389 267.270414
504.434600 14.648451 263.843721
503.943600 14.329385 260.398100
503.452500 14.010712 256.905989
502.961200 13.692280 253.354765
502.469800 13.422593 249.713483
501.978400 13.192004 246.133687
501.486800 13.002008 242.519106
500.995100 12.809914 238.822782
500.503300 12.603746 235.065363
500.011400 12.475830 231.321596
499.519300 12.330852 227.586220
499.027200 12.226314 223.805192
498.534900 12.151558 219.972469
498.042600 12.121063 216.190396
497.550100 12.104291 212.453367
497.057500 12.061181 208.700380
496.564800 12.000366 204.858241
496.072000 11.946611 200.978131
495.579000 11.932983 197.083468
495.086000 11.912965 193.292606
494.592800 11.926054 189.509841
494.099500 11.969155 185.765860
493.606200 12.013438 182.206077
493.112700 12.087447 178.415101
492.619000 12.158144 174.710586
492.125300 12.213631 171.116161
491.631500 12.303003 167.559700
491.137500 12.434455 164.054916
490.643500 12.539063 160.768219
490.149300 12.661363 157.365571
489.655000 12.791958 154.038808
489.160600 12.927530 150.745855
488.666100 13.046531 147.463033
488.171400 13.159370 144.230172
487.676700 13.289637 141.097208
487.181800 13.414690 137.876690
486.686900 13.540566 134.742216
486.191800 13.664651 131.652678
485.696600 13.780837 128.548095
485.201300 13.912012 125.465711
484.705800 14.030960 122.346174
484.210300 14.153309 119.191954
483.714600 14.273476 116.014017
483.218900 14.377752 112.813357
482.723000 14.499244 109.652817
482.227000 14.603719 106.500595
481.730900 14.691319 103.273017
481.234600 14.792736 100.053760
480.738300 14.903559 96.911088
480.241900 15.032083 93.796805
479.745300 15.158652 90.706395
479.248600 15.298771 87.508540
478.751800 15.423157 84.419203
478.254900 15.520331 81.453264
477.757900 15.605551 78.520424
477.260800 15.660109 75.578088
476.763500 15.701783 72.643286
476.266200 15.687567 69.685718
475.768700 15.645955 66.689878
475.271100 15.566296 63.617990
474.773400 15.484839 60.592511
474.275600 15.338387 57.522262
473.777600 15.180815 54.433113
473.279600 14.964307 51.217517
472.781400 14.729932 47.909165
472.283100 14.460983 44.387327
471.784800 14.146281 40.620700
471.286300 13.817236 36.617983
470.787600 13.467553 32.320729
470.288900 13.061619 27.388151
469.790000 12.672099 22.044912
469.291100 12.320852 16.172348
468.792000 12.018414 9.904169
468.292800 11.790626 3.322699
467.793500 11.651589 356.432851
467.294100 11.596550 349.623282
466.794500 11.636324 343.088149
466.294900 11.719047 336.854874
465.795100 11.872219 330.802258
465.295200 12.003656 325.183419
464.795200 12.106483 320.185664
464.295100 12.115078 315.486028
463.794900 12.067253 310.696289
463.294600 11.943898 305.876779
462.794100 11.782118 300.768926
462.293500 11.652758 295.483186
461.792800 11.465751 290.202298
461.292100 11.299747 284.779255
460.791100 11.182594 279.187874
460.290100 11.055536 273.486447
459.788900 10.939296 267.709451
459.287700 10.823296 262.183721
458.786300 10.801573 256.674738
458.284800 10.813428 250.921858
457.783200 10.916995 245.208828
457.281500 11.043624 239.600793
456.779600 11.201432 234.099920
456.277700 11.366277 228.757446
455.775600 11.572044 223.440239
455.273400 11.807741 218.398838
454.771100 12.056091 213.576873
454.268700 12.326078 208.882047
453.766200 12.513916 204.609765
453.263500 12.702360 200.370450
452.760800 12.887332 196.140386
452.257900 13.093458 191.946254
451.754900 13.265633 187.711248
451.251800 13.444721 183.380645
450.748500 13.636086 179.171370
450.245200 13.819580 174.837775
449.741700 14.075542 170.709974
449.238200 14.350742 166.659195
448.734500 14.616660 162.748508
448.230700 14.892331 158.937342
447.726700 15.166370 155.330167
447.222700 15.434348 151.938374
446.718600 15.754442 148.820529
446.214300 16.151487 145.438227
445.709900 16.547071 142.246102
445.205400 16.966835 139.110109
444.700800 17.388237 136.178483
444.196000 17.929729 133.115033
443.691200 18.386662 130.411633
443.186200 18.881741 127.710898
442.681200 19.382115 125.048121
442.175900 19.889892 122.441797
441.670600 20.287112 120.023096
441.165200 20.615588 117.700967
440.659600 20.878458 115.425210
440.154000 21.069222 113.170408
439.648200 21.069222 113.170408
