Source : TiO2_Si_SP_muestra2.D2.10h 45mn 30s
Spectrum : 1

Wavelength	Psi	Delta

829.9594	13.329	92.572
829.5408	13.334	92.505
829.1221	13.306	92.411
828.7034	13.323	92.393
828.2845	13.333	92.314
827.8656	13.374	92.276
827.4465	13.402	92.220
827.0275	13.375	92.130
826.6082	13.420	92.100
826.1889	13.421	92.013
825.7695	13.416	91.994
825.3500	13.395	91.961
824.9305	13.371	91.959
824.5108	13.366	91.926
824.0911	13.345	91.857
823.6713	13.351	91.814
823.2513	13.350	91.789
822.8313	13.342	91.768
822.4112	13.367	91.741
821.9910	13.407	91.751
821.5707	13.389	91.692
821.1503	13.384	91.668
820.7299	13.413	91.631
820.3093	13.434	91.603
819.8886	13.453	91.582
819.4679	13.472	91.539
819.0471	13.492	91.536
818.6262	13.509	91.493
818.2051	13.518	91.441
817.7841	13.527	91.412
817.3629	13.521	91.407
816.9416	13.537	91.413
816.5202	13.543	91.375
816.0988	13.559	91.363
815.6772	13.586	91.306
815.2556	13.581	91.292
814.8338	13.594	91.288
814.4120	13.610	91.265
813.9901	13.617	91.278
813.5681	13.630	91.267
813.1460	13.625	91.219
812.7238	13.625	91.224
812.3015	13.667	91.161
811.8792	13.638	91.193
811.4567	13.645	91.178
811.0341	13.646	91.144
810.6115	13.656	91.184
810.1888	13.655	91.135
809.7659	13.674	91.077
809.3430	13.685	91.054
808.9200	13.699	90.974
808.4969	13.709	90.899
808.0738	13.711	90.860
807.6505	13.719	90.859
807.2271	13.721	90.828
806.8036	13.746	90.746
806.3802	13.765	90.692
805.9564	13.783	90.626
805.5327	13.791	90.592
805.1089	13.814	90.472
804.6850	13.829	90.436
804.2610	13.833	90.393
803.8369	13.849	90.341
803.4127	13.868	90.304
802.9884	13.877	90.291
802.5640	13.894	90.270
802.1396	13.896	90.230
801.7150	13.900	90.231
801.2903	13.918	90.170
800.8657	13.919	90.164
800.4408	13.914	90.115
800.0159	13.929	90.098
799.5909	13.939	90.029
799.1658	13.953	90.009
798.7406	13.975	89.943
798.3153	13.993	89.904
797.8899	14.020	89.825
797.4644	14.032	89.793
797.0389	14.057	89.731
796.6132	14.070	89.685
796.1875	14.066	89.633
795.7617	14.085	89.585
795.3357	14.098	89.524
794.9097	14.116	89.474
794.4836	14.124	89.397
794.0574	14.127	89.401
793.6310	14.138	89.360
793.2047	14.153	89.291
792.7782	14.156	89.256
792.3516	14.161	89.237
791.9249	14.161	89.204
791.4982	14.177	89.154
791.0714	14.179	89.130
790.6444	14.190	89.095
790.2173	14.191	89.050
789.7902	14.202	88.991
789.3630	14.216	88.946
788.9357	14.231	88.919
788.5083	14.234	88.863
788.0807	14.236	88.852
787.6532	14.250	88.800
787.2256	14.248	88.759
786.7977	14.248	88.691
786.3699	14.255	88.669
785.9419	14.263	88.654
785.5139	14.268	88.620
785.0857	14.273	88.593
784.6575	14.283	88.513
784.2291	14.282	88.495
783.8007	14.284	88.454
783.3722	14.293	88.411
782.9435	14.304	88.366
782.5148	14.316	88.323
782.0861	14.321	88.301
781.6573	14.320	88.290
781.2282	14.322	88.267
780.7991	14.326	88.250
780.3698	14.335	88.219
779.9407	14.340	88.173
779.5113	14.344	88.145
779.0818	14.363	88.092
778.6523	14.383	88.037
778.2227	14.394	87.998
777.7930	14.402	87.974
777.3632	14.418	87.934
776.9332	14.428	87.888
776.5032	14.438	87.841
776.0731	14.443	87.808
775.6429	14.456	87.748
775.2126	14.463	87.710
774.7822	14.479	87.663
774.3517	14.485	87.651
773.9212	14.498	87.598
773.4905	14.511	87.567
773.0598	14.525	87.539
772.6289	14.541	87.492
772.1980	14.562	87.441
771.7669	14.568	87.411
771.3358	14.565	87.398
770.9046	14.578	87.368
770.4733	14.591	87.328
770.0419	14.600	87.302
769.6104	14.615	87.284
769.1787	14.627	87.267
768.7471	14.623	87.248
768.3152	14.647	87.226
767.8834	14.659	87.180
767.4514	14.670	87.115
767.0193	14.676	87.078
766.5872	14.690	87.035
766.1549	14.704	86.979
765.7224	14.717	86.962
765.2901	14.730	86.945
764.8575	14.743	86.932
764.4249	14.755	86.904
763.9922	14.765	86.890
763.5593	14.783	86.843
763.1264	14.794	86.815
762.6934	14.807	86.757
762.2603	14.811	86.719
761.8271	14.819	86.693
761.3938	14.824	86.662
760.9604	14.834	86.605
760.5269	14.849	86.597
760.0933	14.861	86.557
759.6597	14.874	86.522
759.2259	14.884	86.503
758.7921	14.890	86.485
758.3581	14.903	86.441
757.9240	14.906	86.411
757.4900	14.914	86.375
757.0556	14.921	86.352
756.6213	14.935	86.315
756.1868	14.949	86.268
755.7523	14.954	86.262
755.3177	14.967	86.234
754.8830	14.973	86.211
754.4482	14.977	86.188
754.0132	14.986	86.178
753.5782	14.998	86.143
753.1432	15.004	86.107
752.7079	15.013	86.094
752.2726	15.022	86.065
751.8373	15.025	86.047
751.4018	15.038	86.003
750.9662	15.047	85.975
750.5306	15.053	85.948
750.0948	15.062	85.895
749.6589	15.073	85.866
749.2230	15.078	85.832
748.7869	15.084	85.818
748.3508	15.094	85.785
747.9146	15.105	85.780
747.4782	15.107	85.769
747.0417	15.116	85.744
746.6052	15.123	85.713
746.1686	15.131	85.684
745.7319	15.147	85.629
745.2950	15.161	85.598
744.8582	15.173	85.555
744.4211	15.176	85.540
743.9841	15.183	85.525
743.5468	15.194	85.486
743.1096	15.199	85.465
742.6722	15.201	85.457
742.2347	15.204	85.424
741.7971	15.212	85.371
741.3594	15.215	85.347
740.9215	15.221	85.331
740.4838	15.226	85.304
740.0458	15.233	85.284
739.6077	15.233	85.274
739.1696	15.246	85.248
738.7313	15.253	85.227
738.2930	15.261	85.197
737.8545	15.267	85.173
737.4160	15.275	85.147
736.9773	15.278	85.124
736.5386	15.282	85.100
736.0996	15.285	85.083
735.6608	15.290	85.050
735.2218	15.299	85.008
734.7827	15.297	85.002
734.3434	15.300	84.968
733.9041	15.310	84.923
733.4647	15.311	84.894
733.0252	15.309	84.872
732.5856	15.321	84.826
732.1459	15.322	84.800
731.7061	15.321	84.768
731.2662	15.329	84.750
730.8261	15.332	84.724
730.3861	15.331	84.724
729.9459	15.336	84.681
729.5057	15.337	84.651
729.0653	15.345	84.596
728.6248	15.344	84.560
728.1843	15.346	84.531
727.7436	15.352	84.494
727.3028	15.353	84.470
726.8619	15.362	84.427
726.4210	15.362	84.405
725.9799	15.367	84.379
725.5388	15.371	84.336
725.0975	15.378	84.281
724.6562	15.385	84.239
724.2147	15.383	84.199
723.7732	15.384	84.164
723.3315	15.387	84.135
722.8898	15.390	84.083
722.4479	15.391	84.048
722.0060	15.393	84.008
721.5640	15.406	83.941
721.1218	15.413	83.909
720.6796	15.416	83.888
720.2373	15.420	83.853
719.7949	15.420	83.825
719.3524	15.426	83.780
718.9097	15.431	83.747
718.4670	15.434	83.713
718.0242	15.446	83.666
717.5813	15.453	83.615
717.1383	15.457	83.574
716.6952	15.464	83.531
716.2520	15.470	83.481
715.8087	15.479	83.414
715.3653	15.488	83.356
714.9218	15.492	83.328
714.4782	15.501	83.284
714.0345	15.514	83.223
713.5907	15.523	83.184
713.1469	15.525	83.130
712.7028	15.533	83.077
712.2588	15.543	83.013
711.8146	15.555	82.971
711.3703	15.565	82.915
710.9259	15.580	82.851
710.4814	15.586	82.805
710.0369	15.599	82.751
709.5922	15.610	82.699
709.1474	15.618	82.660
708.7026	15.629	82.616
708.2576	15.637	82.572
707.8125	15.648	82.522
707.3674	15.659	82.465
706.9221	15.668	82.414
706.4767	15.680	82.357
706.0313	15.691	82.289
705.5857	15.704	82.243
705.1401	15.715	82.199
704.6943	15.731	82.146
704.2484	15.740	82.091
703.8025	15.750	82.050
703.3564	15.763	81.989
702.9103	15.779	81.942
702.4641	15.791	81.877
702.0177	15.804	81.827
701.5712	15.817	81.770
701.1247	15.831	81.717
700.6780	15.842	81.667
700.2313	15.856	81.617
699.7844	15.870	81.559
699.3375	15.882	81.503
698.8904	15.897	81.446
698.4433	15.911	81.400
697.9961	15.930	81.331
697.5488	15.943	81.269
697.1013	15.954	81.214
696.6537	15.964	81.169
696.2061	15.981	81.115
695.7584	15.995	81.061
695.3105	16.010	81.010
694.8626	16.026	80.953
694.4146	16.038	80.894
693.9664	16.052	80.843
693.5182	16.072	80.786
693.0699	16.088	80.744
692.6215	16.102	80.699
692.1729	16.112	80.656
691.7243	16.122	80.613
691.2756	16.137	80.563
690.8267	16.150	80.511
690.3778	16.165	80.454
689.9288	16.176	80.394
689.4797	16.188	80.331
689.0304	16.199	80.278
688.5811	16.210	80.221
688.1317	16.219	80.169
687.6821	16.231	80.128
687.2325	16.243	80.061
686.7828	16.255	80.014
686.3329	16.267	79.968
685.8830	16.278	79.923
685.4330	16.294	79.883
684.9828	16.311	79.829
684.5327	16.320	79.789
684.0823	16.331	79.746
683.6319	16.344	79.688
683.1813	16.353	79.640
682.7307	16.368	79.580
682.2800	16.379	79.531
681.8292	16.390	79.473
681.3782	16.404	79.419
680.9272	16.412	79.367
680.4761	16.423	79.317
680.0248	16.432	79.269
679.5735	16.444	79.215
679.1221	16.450	79.168
678.6705	16.459	79.129
678.2189	16.469	79.084
677.7672	16.479	79.027
677.3154	16.487	78.977
676.8634	16.496	78.931
676.4114	16.504	78.879
675.9592	16.513	78.827
675.5070	16.520	78.781
675.0547	16.529	78.746
674.6022	16.535	78.695
674.1497	16.542	78.650
673.6971	16.543	78.613
673.2443	16.554	78.564
672.7915	16.560	78.519
672.3386	16.566	78.468
671.8855	16.574	78.416
671.4324	16.579	78.360
670.9791	16.587	78.309
670.5258	16.595	78.250
670.0723	16.602	78.196
669.6188	16.610	78.146
669.1651	16.617	78.097
668.7114	16.627	78.052
668.2575	16.635	78.010
667.8035	16.647	77.958
667.3495	16.649	77.906
666.8953	16.656	77.862
666.4411	16.663	77.805
665.9868	16.670	77.759
665.5323	16.678	77.699
665.0777	16.688	77.651
664.6230	16.693	77.594
664.1683	16.699	77.550
663.7134	16.706	77.505
663.2584	16.713	77.448
662.8034	16.720	77.390
662.3482	16.725	77.347
661.8929	16.732	77.294
661.4376	16.739	77.241
660.9821	16.743	77.186
660.5265	16.747	77.137
660.0708	16.753	77.094
659.6151	16.759	77.045
659.1592	16.768	76.993
658.7032	16.773	76.939
658.2471	16.778	76.893
657.7909	16.782	76.834
657.3346	16.788	76.792
656.8782	16.794	76.753
656.4218	16.798	76.706
655.9651	16.803	76.647
655.5084	16.807	76.595
655.0516	16.809	76.537
654.5947	16.813	76.477
654.1377	16.820	76.426
653.6806	16.821	76.370
653.2234	16.826	76.311
652.7661	16.830	76.260
652.3087	16.835	76.215
651.8511	16.841	76.171
651.3936	16.846	76.121
650.9358	16.854	76.075
650.4780	16.863	76.030
650.0201	16.873	75.976
649.5620	16.881	75.934
649.1039	16.885	75.884
648.6457	16.889	75.827
648.1873	16.899	75.771
647.7289	16.905	75.712
647.2703	16.913	75.663
646.8117	16.917	75.602
646.3530	16.923	75.548
645.8941	16.927	75.497
645.4351	16.935	75.439
644.9761	16.941	75.390
644.5169	16.947	75.334
644.0577	16.954	75.275
643.5983	16.958	75.222
643.1389	16.967	75.169
642.6793	16.971	75.118
642.2196	16.975	75.058
641.7598	16.984	75.004
641.2999	16.993	74.946
640.8400	17.003	74.889
640.3799	17.009	74.839
639.9197	17.020	74.779
639.4594	17.026	74.723
638.9990	17.033	74.660
638.5385	17.041	74.601
638.0779	17.042	74.546
637.6172	17.048	74.484
637.1564	17.056	74.428
636.6954	17.061	74.370
636.2344	17.070	74.304
635.7733	17.080	74.234
635.3121	17.083	74.170
634.8508	17.091	74.102
634.3893	17.099	74.041
633.9278	17.113	73.976
633.4662	17.129	73.917
633.0044	17.140	73.860
632.5425	17.146	73.808
632.0806	17.152	73.759
631.6186	17.152	73.707
631.1564	17.161	73.654
630.6942	17.161	73.579
630.2318	17.161	73.506
629.7693	17.153	73.450
629.3068	17.165	73.385
628.8441	17.161	73.325
628.3813	17.180	73.266
627.9184	17.193	73.199
627.4554	17.211	73.159
626.9923	17.214	73.096
626.5291	17.210	73.043
626.0658	17.210	72.983
625.6024	17.215	72.927
625.1389	17.222	72.904
624.6753	17.235	72.873
624.2115	17.232	72.832
623.7477	17.234	72.777
623.2838	17.258	72.740
622.8198	17.270	72.669
622.3557	17.267	72.516
621.8914	17.265	72.377
621.4271	17.261	72.226
620.9626	17.250	72.061
620.4980	17.232	71.919
620.0334	17.233	71.760
619.5687	17.247	71.591
619.1038	17.243	71.444
618.6388	17.232	71.302
618.1737	17.235	71.154
617.7086	17.224	71.019
617.2433	17.219	70.877
616.7779	17.222	70.742
616.3124	17.221	70.629
615.8468	17.206	70.522
615.3810	17.208	70.402
614.9153	17.194	70.294
614.4492	17.187	70.191
613.9833	17.182	70.097
613.5172	17.178	69.996
613.0510	17.183	69.903
612.5847	17.185	69.815
612.1182	17.187	69.731
611.6516	17.188	69.645
611.1850	17.189	69.565
610.7183	17.192	69.491
610.2514	17.197	69.417
609.7844	17.200	69.342
609.3173	17.207	69.277
608.8502	17.217	69.213
608.3829	17.224	69.163
607.9156	17.234	69.109
607.4480	17.247	69.062
606.9804	17.259	69.021
606.5127	17.275	68.980
606.0449	17.287	68.938
605.5770	17.302	68.907
605.1089	17.319	68.870
604.6408	17.335	68.832
604.1726	17.359	68.801
603.7042	17.382	68.780
603.2358	17.403	68.765
602.7673	17.425	68.748
602.2986	17.445	68.720
601.8298	17.468	68.696
601.3610	17.489	68.680
600.8920	17.512	68.667
600.4229	17.535	68.652
599.9537	17.560	68.640
599.4844	17.589	68.630
599.0150	17.620	68.628
598.5455	17.645	68.610
598.0759	17.674	68.596
597.6062	17.699	68.593
597.1364	17.730	68.595
596.6664	17.764	68.593
596.1964	17.795	68.595
595.7263	17.827	68.595
595.2560	17.850	68.603
594.7857	17.873	68.605
594.3152	17.898	68.598
593.8447	17.927	68.595
593.3741	17.954	68.588
592.9032	17.988	68.581
592.4323	18.018	68.568
591.9613	18.054	68.562
591.4902	18.092	68.552
591.0190	18.137	68.537
590.5477	18.166	68.519
590.0763	18.212	68.503
589.6048	18.232	68.482
589.1331	18.258	68.463
588.6614	18.273	68.415
588.1896	18.302	68.382
587.7176	18.338	68.343
587.2455	18.374	68.288
586.7734	18.403	68.220
586.3011	18.425	68.106
585.8287	18.437	67.998
585.3563	18.469	67.864
584.8837	18.497	67.718
584.4109	18.497	67.540
583.9382	18.506	67.366
583.4652	18.528	67.251
582.9922	18.548	67.133
582.5191	18.565	67.027
582.0458	18.589	66.940
581.5725	18.617	66.855
581.0991	18.630	66.763
580.6255	18.625	66.693
580.1519	18.637	66.606
579.6780	18.656	66.510
579.2042	18.661	66.430
578.7303	18.679	66.343
578.2561	18.691	66.270
577.7819	18.695	66.192
577.3076	18.703	66.109
576.8332	18.725	66.018
576.3586	18.733	65.939
575.8840	18.755	65.860
575.4093	18.773	65.776
574.9344	18.790	65.689
574.4595	18.808	65.612
573.9844	18.820	65.532
573.5092	18.833	65.443
573.0339	18.848	65.356
572.5586	18.861	65.271
572.0831	18.878	65.191
571.6075	18.896	65.106
571.1318	18.915	65.028
570.6559	18.933	64.954
570.1801	18.951	64.877
569.7040	18.962	64.802
569.2278	18.983	64.723
568.7516	18.999	64.648
568.2753	19.014	64.570
567.7989	19.032	64.486
567.3222	19.047	64.405
566.8455	19.064	64.323
566.3687	19.080	64.241
565.8918	19.097	64.168
565.4149	19.116	64.093
564.9377	19.130	64.015
564.4605	19.145	63.933
563.9832	19.157	63.840
563.5057	19.171	63.751
563.0282	19.185	63.668
562.5505	19.201	63.582
562.0728	19.215	63.498
561.5948	19.231	63.411
561.1169	19.247	63.321
560.6388	19.262	63.228
560.1606	19.278	63.140
559.6823	19.291	63.048
559.2039	19.305	62.960
558.7253	19.319	62.874
558.2467	19.336	62.785
557.7679	19.351	62.697
557.2891	19.368	62.608
556.8102	19.381	62.522
556.3311	19.396	62.435
555.8519	19.415	62.350
555.3726	19.428	62.259
554.8932	19.442	62.164
554.4137	19.454	62.068
553.9341	19.466	61.978
553.4543	19.480	61.889
552.9745	19.491	61.791
552.4946	19.504	61.699
552.0145	19.515	61.614
551.5345	19.529	61.516
551.0541	19.541	61.432
550.5737	19.554	61.339
550.0933	19.568	61.247
549.6126	19.581	61.152
549.1320	19.593	61.062
548.6511	19.605	60.961
548.1702	19.618	60.861
547.6891	19.630	60.762
547.2080	19.643	60.670
546.7267	19.657	60.582
546.2454	19.670	60.490
545.7639	19.682	60.399
545.2823	19.694	60.308
544.8007	19.705	60.206
544.3188	19.717	60.105
543.8369	19.729	60.016
543.3549	19.739	59.913
542.8728	19.747	59.815
542.3905	19.757	59.718
541.9082	19.770	59.615
541.4257	19.781	59.519
540.9431	19.790	59.421
540.4604	19.800	59.325
539.9777	19.815	59.234
539.4948	19.826	59.132
539.0118	19.839	59.029
538.5286	19.851	58.932
538.0454	19.862	58.840
537.5621	19.874	58.739
537.0786	19.885	58.640
536.5950	19.898	58.542
536.1114	19.909	58.448
535.6276	19.921	58.352
535.1437	19.934	58.255
534.6597	19.948	58.160
534.1756	19.960	58.059
533.6913	19.970	57.959
533.2070	19.985	57.867
532.7226	20.004	57.778
532.2380	20.018	57.673
531.7534	20.034	57.576
531.2686	20.049	57.482
530.7837	20.067	57.382
530.2987	20.084	57.275
529.8136	20.103	57.170
529.3284	20.120	57.069
528.8430	20.136	56.967
528.3576	20.158	56.863
527.8720	20.174	56.756
527.3864	20.190	56.642
526.9006	20.211	56.542
526.4147	20.233	56.438
525.9287	20.253	56.330
525.4426	20.274	56.225
524.9564	20.293	56.113
524.4700	20.314	56.005
523.9836	20.340	55.906
523.4971	20.365	55.795
523.0104	20.389	55.688
522.5236	20.416	55.585
522.0367	20.443	55.475
521.5497	20.468	55.363
521.0626	20.492	55.264
520.5754	20.522	55.161
520.0881	20.550	55.051
519.6006	20.580	54.949
519.1131	20.608	54.841
518.6254	20.637	54.735
518.1377	20.664	54.630
517.6498	20.693	54.513
517.1618	20.714	54.409
516.6737	20.739	54.307
516.1855	20.766	54.190
515.6971	20.793	54.069
515.2087	20.820	53.948
514.7202	20.848	53.842
514.2314	20.878	53.735
513.7427	20.905	53.620
513.2538	20.939	53.498
512.7648	20.965	53.380
512.2757	20.991	53.260
511.7864	21.027	53.133
511.2971	21.057	53.008
510.8076	21.089	52.885
510.3181	21.115	52.756
509.8284	21.134	52.632
509.3386	21.156	52.511
508.8488	21.188	52.380
508.3587	21.218	52.253
507.8686	21.245	52.129
507.3784	21.273	52.001
506.8880	21.294	51.868
506.3976	21.321	51.727
505.9070	21.341	51.594
505.4163	21.373	51.457
504.9255	21.405	51.313
504.4346	21.431	51.170
503.9436	21.455	51.039
503.4525	21.474	50.889
502.9612	21.501	50.742
502.4698	21.527	50.598
501.9784	21.551	50.453
501.4868	21.575	50.304
500.9951	21.601	50.156
500.5033	21.631	49.994
500.0114	21.659	49.838
499.5193	21.687	49.674
499.0272	21.713	49.519
498.5349	21.738	49.361
498.0426	21.763	49.207
497.5501	21.790	49.043
497.0575	21.821	48.874
496.5648	21.850	48.699
496.0720	21.875	48.531
495.5790	21.900	48.366
495.0860	21.928	48.187
494.5928	21.952	48.020
494.0995	21.978	47.844
493.6062	22.007	47.669
493.1127	22.035	47.505
492.6190	22.066	47.319
492.1253	22.096	47.134
491.6315	22.123	46.961
491.1375	22.150	46.786
490.6435	22.183	46.600
490.1493	22.214	46.416
489.6550	22.242	46.238
489.1606	22.271	46.057
488.6661	22.301	45.872
488.1714	22.337	45.681
487.6767	22.366	45.491
487.1818	22.398	45.306
486.6869	22.430	45.128
486.1918	22.463	44.941
485.6966	22.490	44.762
485.2013	22.526	44.567
484.7058	22.556	44.382
484.2103	22.589	44.203
483.7146	22.624	44.013
483.2189	22.663	43.812
482.7230	22.697	43.622
482.2270	22.729	43.432
481.7309	22.760	43.230
481.2346	22.789	43.042
480.7383	22.820	42.855
480.2419	22.855	42.662
479.7453	22.885	42.465
479.2486	22.916	42.273
478.7518	22.943	42.074
478.2549	22.973	41.881
477.7579	23.002	41.685
477.2608	23.030	41.497
476.7635	23.058	41.305
476.2662	23.091	41.111
475.7687	23.127	40.911
475.2711	23.158	40.719
474.7734	23.187	40.519
474.2756	23.219	40.322
473.7776	23.247	40.118
473.2796	23.272	39.913
472.7814	23.300	39.708
472.2831	23.323	39.502
471.7848	23.353	39.308
471.2863	23.387	39.102
470.7876	23.413	38.898
470.2889	23.443	38.694
469.7900	23.471	38.487
469.2911	23.502	38.286
468.7920	23.543	38.085
468.2928	23.583	37.879
467.7935	23.613	37.678
467.2941	23.649	37.474
466.7945	23.686	37.266
466.2949	23.720	37.055
465.7951	23.756	36.852
465.2952	23.787	36.657
464.7952	23.827	36.448
464.2951	23.859	36.236
463.7949	23.896	36.021
463.2946	23.922	35.824
462.7941	23.954	35.601
462.2935	23.992	35.391
461.7928	24.025	35.182
461.2921	24.062	34.967
460.7911	24.096	34.740
460.2901	24.134	34.513
459.7889	24.168	34.294
459.2877	24.203	34.068
458.7863	24.241	33.834
458.2848	24.276	33.602
457.7832	24.309	33.370
457.2815	24.348	33.135
456.7796	24.392	32.912
456.2777	24.440	32.689
455.7756	24.475	32.463
455.2734	24.524	32.239
454.7711	24.563	32.010
454.2687	24.608	31.776
453.7662	24.648	31.527
453.2635	24.689	31.272
452.7608	24.730	31.018
452.2579	24.771	30.759
451.7549	24.812	30.500
451.2518	24.853	30.236
450.7485	24.894	29.969
450.2452	24.936	29.700

