Source : TiO2_Si_SP_muestra2.D1.10h 43mn 29s
Spectrum : 1

Wavelength	Psi	Delta

829.9594	13.797	93.994
829.5408	13.870	93.945
829.1221	13.911	93.822
828.7034	13.897	93.779
828.2845	13.887	93.701
827.8656	13.922	93.638
827.4465	13.912	93.582
827.0275	13.944	93.468
826.6082	13.904	93.432
826.1889	13.881	93.340
825.7695	13.888	93.297
825.3500	13.923	93.228
824.9305	13.933	93.210
824.5108	13.906	93.177
824.0911	13.880	93.102
823.6713	13.862	93.066
823.2513	13.855	93.041
822.8313	13.830	93.014
822.4112	13.841	93.002
821.9910	13.878	93.042
821.5707	13.856	93.004
821.1503	13.839	92.967
820.7299	13.872	92.944
820.3093	13.876	92.942
819.8886	13.870	92.902
819.4679	13.891	92.874
819.0471	13.928	92.884
818.6262	13.944	92.859
818.2051	13.945	92.809
817.7841	13.969	92.768
817.3629	13.959	92.771
816.9416	14.000	92.771
816.5202	14.011	92.757
816.0988	14.029	92.738
815.6772	14.049	92.689
815.2556	14.050	92.657
814.8338	14.066	92.656
814.4120	14.081	92.613
813.9901	14.088	92.631
813.5681	14.104	92.630
813.1460	14.100	92.590
812.7238	14.095	92.599
812.3015	14.138	92.550
811.8792	14.112	92.585
811.4567	14.126	92.552
811.0341	14.134	92.511
810.6115	14.145	92.541
810.1888	14.149	92.492
809.7659	14.167	92.418
809.3430	14.175	92.389
808.9200	14.191	92.297
808.4969	14.201	92.241
808.0738	14.205	92.184
807.6505	14.212	92.176
807.2271	14.216	92.138
806.8036	14.240	92.052
806.3802	14.257	92.009
805.9564	14.279	91.942
805.5327	14.298	91.891
805.1089	14.315	91.813
804.6850	14.335	91.807
804.2610	14.340	91.746
803.8369	14.354	91.684
803.4127	14.375	91.640
802.9884	14.383	91.611
802.5640	14.397	91.587
802.1396	14.400	91.554
801.7150	14.405	91.543
801.2903	14.429	91.459
800.8657	14.436	91.440
800.4408	14.428	91.389
800.0159	14.438	91.368
799.5909	14.444	91.314
799.1658	14.458	91.278
798.7406	14.473	91.225
798.3153	14.487	91.204
797.8899	14.511	91.151
797.4644	14.520	91.137
797.0389	14.545	91.064
796.6132	14.558	91.009
796.1875	14.557	90.972
795.7617	14.570	90.916
795.3357	14.582	90.862
794.9097	14.593	90.803
794.4836	14.604	90.718
794.0574	14.607	90.720
793.6310	14.620	90.673
793.2047	14.633	90.591
792.7782	14.639	90.546
792.3516	14.642	90.531
791.9249	14.643	90.496
791.4982	14.660	90.448
791.0714	14.668	90.425
790.6444	14.675	90.388
790.2173	14.674	90.364
789.7902	14.686	90.313
789.3630	14.693	90.279
788.9357	14.706	90.239
788.5083	14.715	90.196
788.0807	14.714	90.188
787.6532	14.724	90.143
787.2256	14.720	90.123
786.7977	14.714	90.042
786.3699	14.727	90.000
785.9419	14.738	89.977
785.5139	14.743	89.930
785.0857	14.754	89.889
784.6575	14.767	89.832
784.2291	14.769	89.813
783.8007	14.773	89.764
783.3722	14.784	89.712
782.9435	14.798	89.646
782.5148	14.810	89.610
782.0861	14.811	89.595
781.6573	14.810	89.576
781.2282	14.816	89.544
780.7991	14.818	89.524
780.3698	14.829	89.485
779.9407	14.827	89.460
779.5113	14.829	89.434
779.0818	14.843	89.402
778.6523	14.868	89.344
778.2227	14.882	89.301
777.7930	14.895	89.257
777.3632	14.916	89.213
776.9332	14.928	89.169
776.5032	14.943	89.114
776.0731	14.949	89.082
775.6429	14.962	89.021
775.2126	14.969	88.977
774.7822	14.976	88.946
774.3517	14.980	88.953
773.9212	14.994	88.918
773.4905	15.000	88.889
773.0598	15.014	88.855
772.6289	15.029	88.818
772.1980	15.049	88.769
771.7669	15.057	88.717
771.3358	15.057	88.688
770.9046	15.066	88.648
770.4733	15.075	88.626
770.0419	15.087	88.605
769.6104	15.100	88.590
769.1787	15.110	88.561
768.7471	15.110	88.536
768.3152	15.132	88.515
767.8834	15.149	88.468
767.4514	15.160	88.426
767.0193	15.165	88.388
766.5872	15.181	88.337
766.1549	15.190	88.284
765.7224	15.193	88.285
765.2901	15.203	88.270
764.8575	15.214	88.256
764.4249	15.227	88.238
763.9922	15.243	88.218
763.5593	15.260	88.187
763.1264	15.268	88.187
762.6934	15.282	88.145
762.2603	15.284	88.119
761.8271	15.291	88.080
761.3938	15.297	88.041
760.9604	15.306	87.994
760.5269	15.319	87.971
760.0933	15.334	87.940
759.6597	15.350	87.891
759.2259	15.353	87.877
758.7921	15.361	87.864
758.3581	15.375	87.821
757.9240	15.376	87.793
757.4900	15.387	87.778
757.0556	15.396	87.765
756.6213	15.411	87.729
756.1868	15.425	87.679
755.7523	15.431	87.664
755.3177	15.442	87.628
754.8830	15.446	87.618
754.4482	15.454	87.600
754.0132	15.462	87.591
753.5782	15.473	87.555
753.1432	15.485	87.531
752.7079	15.490	87.511
752.2726	15.502	87.478
751.8373	15.507	87.449
751.4018	15.522	87.392
750.9662	15.533	87.364
750.5306	15.536	87.340
750.0948	15.544	87.298
749.6589	15.557	87.278
749.2230	15.557	87.250
748.7869	15.565	87.224
748.3508	15.580	87.183
747.9146	15.590	87.177
747.4782	15.596	87.161
747.0417	15.603	87.145
746.6052	15.612	87.106
746.1686	15.625	87.057
745.7319	15.640	87.007
745.2950	15.651	86.976
744.8582	15.667	86.924
744.4211	15.672	86.903
743.9841	15.684	86.884
743.5468	15.697	86.833
743.1096	15.706	86.801
742.6722	15.712	86.788
742.2347	15.717	86.762
741.7971	15.725	86.729
741.3594	15.729	86.697
740.9215	15.734	86.675
740.4838	15.738	86.648
740.0458	15.738	86.640
739.6077	15.736	86.627
739.1696	15.746	86.595
738.7313	15.752	86.571
738.2930	15.760	86.533
737.8545	15.766	86.493
737.4160	15.783	86.462
736.9773	15.783	86.437
736.5386	15.788	86.412
736.0996	15.791	86.383
735.6608	15.795	86.374
735.2218	15.803	86.351
734.7827	15.801	86.343
734.3434	15.808	86.301
733.9041	15.816	86.263
733.4647	15.814	86.227
733.0252	15.816	86.204
732.5856	15.829	86.160
732.1459	15.829	86.130
731.7061	15.827	86.102
731.2662	15.832	86.074
730.8261	15.836	86.045
730.3861	15.833	86.033
729.9459	15.835	85.997
729.5057	15.837	85.959
729.0653	15.845	85.906
728.6248	15.844	85.884
728.1843	15.845	85.846
727.7436	15.846	85.818
727.3028	15.844	85.796
726.8619	15.849	85.744
726.4210	15.847	85.714
725.9799	15.852	85.680
725.5388	15.856	85.637
725.0975	15.861	85.588
724.6562	15.869	85.554
724.2147	15.866	85.523
723.7732	15.866	85.492
723.3315	15.868	85.464
722.8898	15.874	85.416
722.4479	15.876	85.384
722.0060	15.878	85.344
721.5640	15.894	85.292
721.1218	15.900	85.263
720.6796	15.902	85.229
720.2373	15.907	85.194
719.7949	15.904	85.185
719.3524	15.910	85.150
718.9097	15.911	85.131
718.4670	15.915	85.098
718.0242	15.929	85.040
717.5813	15.935	84.984
717.1383	15.941	84.943
716.6952	15.945	84.903
716.2520	15.954	84.850
715.8087	15.961	84.781
715.3653	15.967	84.740
714.9218	15.968	84.710
714.4782	15.976	84.672
714.0345	15.989	84.613
713.5907	15.997	84.566
713.1469	16.000	84.511
712.7028	16.007	84.469
712.2588	16.018	84.420
711.8146	16.027	84.370
711.3703	16.035	84.310
710.9259	16.048	84.242
710.4814	16.054	84.187
710.0369	16.064	84.138
709.5922	16.075	84.096
709.1474	16.087	84.055
708.7026	16.096	84.016
708.2576	16.105	83.980
707.8125	16.115	83.940
707.3674	16.126	83.881
706.9221	16.137	83.832
706.4767	16.148	83.769
706.0313	16.158	83.703
705.5857	16.169	83.653
705.1401	16.182	83.601
704.6943	16.193	83.559
704.2484	16.203	83.507
703.8025	16.212	83.462
703.3564	16.227	83.396
702.9103	16.244	83.345
702.4641	16.257	83.280
702.0177	16.273	83.227
701.5712	16.287	83.171
701.1247	16.299	83.125
700.6780	16.310	83.079
700.2313	16.324	83.028
699.7844	16.338	82.974
699.3375	16.352	82.928
698.8904	16.365	82.864
698.4433	16.381	82.814
697.9961	16.398	82.741
697.5488	16.411	82.683
697.1013	16.420	82.624
696.6537	16.433	82.578
696.2061	16.444	82.517
695.7584	16.454	82.470
695.3105	16.469	82.412
694.8626	16.483	82.357
694.4146	16.493	82.307
693.9664	16.509	82.251
693.5182	16.528	82.187
693.0699	16.545	82.135
692.6215	16.557	82.090
692.1729	16.567	82.040
691.7243	16.580	81.987
691.2756	16.594	81.942
690.8267	16.605	81.891
690.3778	16.620	81.834
689.9288	16.633	81.783
689.4797	16.646	81.725
689.0304	16.658	81.677
688.5811	16.671	81.626
688.1317	16.682	81.577
687.6821	16.693	81.530
687.2325	16.709	81.474
686.7828	16.721	81.427
686.3329	16.734	81.382
685.8830	16.746	81.334
685.4330	16.764	81.290
684.9828	16.778	81.243
684.5327	16.786	81.199
684.0823	16.798	81.145
683.6319	16.811	81.097
683.1813	16.822	81.047
682.7307	16.838	80.982
682.2800	16.849	80.930
681.8292	16.861	80.874
681.3782	16.872	80.821
680.9272	16.879	80.773
680.4761	16.889	80.726
680.0248	16.896	80.684
679.5735	16.908	80.633
679.1221	16.913	80.591
678.6705	16.922	80.550
678.2189	16.931	80.502
677.7672	16.943	80.453
677.3154	16.954	80.409
676.8634	16.963	80.357
676.4114	16.970	80.311
675.9592	16.977	80.266
675.5070	16.988	80.210
675.0547	16.993	80.167
674.6022	16.997	80.124
674.1497	17.009	80.079
673.6971	17.015	80.040
673.2443	17.025	80.002
672.7915	17.035	79.953
672.3386	17.044	79.904
671.8855	17.048	79.859
671.4324	17.056	79.801
670.9791	17.064	79.751
670.5258	17.072	79.692
670.0723	17.078	79.638
669.6188	17.085	79.591
669.1651	17.091	79.548
668.7114	17.100	79.501
668.2575	17.108	79.458
667.8035	17.117	79.406
667.3495	17.125	79.352
666.8953	17.131	79.302
666.4411	17.138	79.248
665.9868	17.144	79.199
665.5323	17.150	79.147
665.0777	17.159	79.097
664.6230	17.166	79.040
664.1683	17.172	78.990
663.7134	17.180	78.937
663.2584	17.187	78.883
662.8034	17.193	78.828
662.3482	17.199	78.771
661.8929	17.204	78.713
661.4376	17.210	78.657
660.9821	17.214	78.602
660.5265	17.220	78.547
660.0708	17.224	78.499
659.6151	17.230	78.440
659.1592	17.239	78.384
658.7032	17.247	78.326
658.2471	17.252	78.272
657.7909	17.256	78.226
657.3346	17.260	78.177
656.8782	17.269	78.128
656.4218	17.273	78.077
655.9651	17.278	78.030
655.5084	17.281	77.978
655.0516	17.286	77.927
654.5947	17.290	77.869
654.1377	17.294	77.816
653.6806	17.298	77.758
653.2234	17.303	77.705
652.7661	17.306	77.660
652.3087	17.311	77.608
651.8511	17.315	77.561
651.3936	17.321	77.508
650.9358	17.330	77.457
650.4780	17.338	77.404
650.0201	17.345	77.350
649.5620	17.351	77.297
649.1039	17.356	77.241
648.6457	17.362	77.181
648.1873	17.370	77.130
647.7289	17.374	77.070
647.2703	17.380	77.015
646.8117	17.384	76.953
646.3530	17.389	76.898
645.8941	17.393	76.843
645.4351	17.398	76.784
644.9761	17.403	76.733
644.5169	17.409	76.674
644.0577	17.415	76.613
643.5983	17.419	76.549
643.1389	17.426	76.503
642.6793	17.430	76.448
642.2196	17.436	76.382
641.7598	17.444	76.329
641.2999	17.453	76.267
640.8400	17.464	76.210
640.3799	17.471	76.155
639.9197	17.483	76.090
639.4594	17.488	76.031
638.9990	17.494	75.972
638.5385	17.501	75.917
638.0779	17.505	75.859
637.6172	17.509	75.799
637.1564	17.519	75.741
636.6954	17.527	75.687
636.2344	17.534	75.619
635.7733	17.541	75.550
635.3121	17.544	75.481
634.8508	17.551	75.419
634.3893	17.556	75.359
633.9278	17.569	75.294
633.4662	17.585	75.229
633.0044	17.594	75.169
632.5425	17.601	75.116
632.0806	17.609	75.055
631.6186	17.607	75.003
631.1564	17.615	74.946
630.6942	17.615	74.873
630.2318	17.617	74.801
629.7693	17.608	74.735
629.3068	17.618	74.664
628.8441	17.614	74.599
628.3813	17.631	74.534
627.9184	17.645	74.468
627.4554	17.663	74.423
626.9923	17.666	74.367
626.5291	17.663	74.313
626.0658	17.661	74.255
625.6024	17.668	74.196
625.1389	17.673	74.170
624.6753	17.686	74.132
624.2115	17.683	74.095
623.7477	17.685	74.041
623.2838	17.708	74.007
622.8198	17.721	73.929
622.3557	17.715	73.777
621.8914	17.715	73.640
621.4271	17.709	73.501
620.9626	17.698	73.337
620.4980	17.678	73.202
620.0334	17.679	73.044
619.5687	17.695	72.864
619.1038	17.694	72.715
618.6388	17.685	72.571
618.1737	17.687	72.427
617.7086	17.678	72.277
617.2433	17.675	72.138
616.7779	17.674	72.005
616.3124	17.670	71.891
615.8468	17.657	71.790
615.3810	17.657	71.673
614.9153	17.646	71.561
614.4492	17.638	71.447
613.9833	17.632	71.352
613.5172	17.631	71.248
613.0510	17.633	71.149
612.5847	17.633	71.057
612.1182	17.635	70.972
611.6516	17.637	70.888
611.1850	17.638	70.811
610.7183	17.641	70.736
610.2514	17.643	70.661
609.7844	17.643	70.585
609.3173	17.650	70.517
608.8502	17.660	70.453
608.3829	17.666	70.396
607.9156	17.675	70.346
607.4480	17.687	70.299
606.9804	17.697	70.255
606.5127	17.711	70.205
606.0449	17.723	70.162
605.5770	17.736	70.126
605.1089	17.753	70.093
604.6408	17.770	70.048
604.1726	17.793	70.014
603.7042	17.815	69.985
603.2358	17.838	69.956
602.7673	17.859	69.930
602.2986	17.877	69.906
601.8298	17.896	69.884
601.3610	17.916	69.867
600.8920	17.938	69.849
600.4229	17.959	69.835
599.9537	17.981	69.822
599.4844	18.007	69.804
599.0150	18.036	69.801
598.5455	18.060	69.782
598.0759	18.088	69.760
597.6062	18.113	69.759
597.1364	18.142	69.762
596.6664	18.173	69.760
596.1964	18.201	69.755
595.7263	18.231	69.753
595.2560	18.256	69.755
594.7857	18.276	69.760
594.3152	18.301	69.753
593.8447	18.326	69.743
593.3741	18.350	69.735
592.9032	18.384	69.728
592.4323	18.414	69.715
591.9613	18.449	69.712
591.4902	18.484	69.699
591.0190	18.529	69.692
590.5477	18.559	69.682
590.0763	18.605	69.668
589.6048	18.626	69.653
589.1331	18.652	69.630
588.6614	18.666	69.582
588.1896	18.694	69.544
587.7176	18.729	69.501
587.2455	18.764	69.444
586.7734	18.791	69.376
586.3011	18.815	69.259
585.8287	18.826	69.154
585.3563	18.857	69.021
584.8837	18.884	68.874
584.4109	18.887	68.695
583.9382	18.893	68.527
583.4652	18.915	68.419
582.9922	18.932	68.293
582.5191	18.952	68.177
582.0458	18.975	68.083
581.5725	19.003	67.986
581.0991	19.015	67.894
580.6255	19.011	67.831
580.1519	19.021	67.742
579.6780	19.039	67.645
579.2042	19.044	67.555
578.7303	19.060	67.470
578.2561	19.069	67.393
577.7819	19.075	67.311
577.3076	19.082	67.223
576.8332	19.101	67.125
576.3586	19.108	67.046
575.8840	19.127	66.966
575.4093	19.146	66.890
574.9344	19.163	66.804
574.4595	19.179	66.725
573.9844	19.190	66.645
573.5092	19.201	66.562
573.0339	19.214	66.478
572.5586	19.226	66.391
572.0831	19.239	66.305
571.6075	19.254	66.218
571.1318	19.271	66.143
570.6559	19.289	66.062
570.1801	19.305	65.975
569.7040	19.316	65.895
569.2278	19.335	65.817
568.7516	19.350	65.729
568.2753	19.364	65.643
567.7989	19.381	65.554
567.3222	19.393	65.469
566.8455	19.407	65.386
566.3687	19.422	65.297
565.8918	19.438	65.212
565.4149	19.455	65.129
564.9377	19.467	65.042
564.4605	19.481	64.960
563.9832	19.490	64.875
563.5057	19.502	64.790
563.0282	19.513	64.703
562.5505	19.529	64.619
562.0728	19.540	64.532
561.5948	19.554	64.445
561.1169	19.569	64.349
560.6388	19.582	64.255
560.1606	19.596	64.165
559.6823	19.607	64.068
559.2039	19.620	63.981
558.7253	19.631	63.896
558.2467	19.645	63.809
557.7679	19.660	63.711
557.2891	19.675	63.620
556.8102	19.686	63.530
556.3311	19.700	63.444
555.8519	19.714	63.358
555.3726	19.727	63.260
554.8932	19.740	63.167
554.4137	19.751	63.073
553.9341	19.765	62.984
553.4543	19.777	62.891
552.9745	19.788	62.792
552.4946	19.801	62.701
552.0145	19.813	62.617
551.5345	19.826	62.522
551.0541	19.837	62.431
550.5737	19.848	62.342
550.0933	19.863	62.244
549.6126	19.873	62.148
549.1320	19.886	62.054
548.6511	19.899	61.959
548.1702	19.912	61.859
547.6891	19.924	61.761
547.2080	19.935	61.668
546.7267	19.948	61.574
546.2454	19.962	61.479
545.7639	19.974	61.381
545.2823	19.984	61.282
544.8007	19.995	61.183
544.3188	20.007	61.075
543.8369	20.018	60.975
543.3549	20.031	60.869
542.8728	20.040	60.764
542.3905	20.050	60.668
541.9082	20.061	60.563
541.4257	20.074	60.456
540.9431	20.084	60.349
540.4604	20.095	60.244
539.9777	20.108	60.138
539.4948	20.119	60.033
539.0118	20.131	59.929
538.5286	20.140	59.832
538.0454	20.149	59.730
537.5621	20.159	59.626
537.0786	20.170	59.527
536.5950	20.181	59.428
536.1114	20.191	59.323
535.6276	20.202	59.221
535.1437	20.212	59.111
534.6597	20.225	59.009
534.1756	20.236	58.898
533.6913	20.246	58.783
533.2070	20.259	58.671
532.7226	20.275	58.576
532.2380	20.289	58.471
531.7534	20.304	58.367
531.2686	20.320	58.251
530.7837	20.336	58.144
530.2987	20.350	58.034
529.8136	20.365	57.922
529.3284	20.379	57.809
528.8430	20.391	57.701
528.3576	20.410	57.590
527.8720	20.424	57.478
527.3864	20.438	57.365
526.9006	20.457	57.253
526.4147	20.477	57.148
525.9287	20.494	57.034
525.4426	20.511	56.923
524.9564	20.527	56.814
524.4700	20.544	56.698
523.9836	20.564	56.585
523.4971	20.586	56.469
523.0104	20.607	56.358
522.5236	20.627	56.245
522.0367	20.652	56.130
521.5497	20.674	56.015
521.0626	20.693	55.906
520.5754	20.716	55.796
520.0881	20.739	55.687
519.6006	20.765	55.572
519.1131	20.785	55.451
518.6254	20.812	55.338
518.1377	20.835	55.224
517.6498	20.858	55.109
517.1618	20.877	54.995
516.6737	20.902	54.887
516.1855	20.927	54.770
515.6971	20.955	54.648
515.2087	20.979	54.523
514.7202	21.005	54.401
514.2314	21.030	54.277
513.7427	21.054	54.159
513.2538	21.086	54.034
512.7648	21.113	53.914
512.2757	21.137	53.792
511.7864	21.167	53.665
511.2971	21.198	53.525
510.8076	21.227	53.398
510.3181	21.253	53.266
509.8284	21.273	53.135
509.3386	21.294	53.008
508.8488	21.320	52.872
508.3587	21.348	52.737
507.8686	21.373	52.603
507.3784	21.400	52.465
506.8880	21.418	52.327
506.3976	21.443	52.184
505.9070	21.467	52.033
505.4163	21.498	51.884
504.9255	21.528	51.730
504.4346	21.556	51.566
503.9436	21.579	51.429
503.4525	21.597	51.278
502.9612	21.619	51.127
502.4698	21.642	50.971
501.9784	21.663	50.811
501.4868	21.687	50.659
500.9951	21.711	50.512
500.5033	21.735	50.345
500.0114	21.758	50.183
499.5193	21.783	50.016
499.0272	21.804	49.854
498.5349	21.827	49.688
498.0426	21.850	49.517
497.5501	21.873	49.351
497.0575	21.899	49.179
496.5648	21.926	49.005
496.0720	21.950	48.828
495.5790	21.974	48.664
495.0860	22.000	48.477
494.5928	22.022	48.307
494.0995	22.046	48.129
493.6062	22.071	47.953
493.1127	22.097	47.786
492.6190	22.121	47.609
492.1253	22.148	47.418
491.6315	22.172	47.234
491.1375	22.193	47.050
490.6435	22.218	46.861
490.1493	22.243	46.669
489.6550	22.266	46.486
489.1606	22.292	46.297
488.6661	22.319	46.104
488.1714	22.350	45.912
487.6767	22.373	45.715
487.1818	22.402	45.524
486.6869	22.428	45.334
486.1918	22.456	45.143
485.6966	22.476	44.953
485.2013	22.507	44.752
484.7058	22.533	44.559
484.2103	22.559	44.369
483.7146	22.591	44.174
483.2189	22.623	43.973
482.7230	22.651	43.770
482.2270	22.677	43.571
481.7309	22.704	43.363
481.2346	22.727	43.163
480.7383	22.752	42.958
480.2419	22.782	42.754
479.7453	22.811	42.549
479.2486	22.838	42.339
478.7518	22.860	42.135
478.2549	22.888	41.936
477.7579	22.913	41.727
477.2608	22.937	41.521
476.7635	22.964	41.314
476.2662	22.994	41.109
475.7687	23.023	40.895
475.2711	23.051	40.680
474.7734	23.076	40.462
474.2756	23.105	40.249
473.7776	23.127	40.036
473.2796	23.151	39.825
472.7814	23.175	39.611
472.2831	23.195	39.398
471.7848	23.219	39.191
471.2863	23.250	38.971
470.7876	23.276	38.747
470.2889	23.299	38.533
469.7900	23.326	38.308
469.2911	23.354	38.095
468.7920	23.388	37.887
468.2928	23.421	37.675
467.7935	23.452	37.458
467.2941	23.485	37.233
466.7945	23.520	37.011
466.2949	23.553	36.781
465.7951	23.591	36.563
465.2952	23.621	36.343
464.7952	23.653	36.129
464.2951	23.682	35.901
463.7949	23.712	35.675
463.2946	23.731	35.476
462.7941	23.758	35.245
462.2935	23.785	35.028
461.7928	23.814	34.808
461.2921	23.849	34.586
460.7911	23.881	34.366
460.2901	23.913	34.127
459.7889	23.947	33.896
459.2877	23.977	33.670
458.7863	24.008	33.439
458.2848	24.044	33.212
457.7832	24.074	32.969
457.2815	24.107	32.730
456.7796	24.144	32.498
456.2777	24.183	32.269
455.7756	24.218	32.027
455.2734	24.263	31.789
454.7711	24.302	31.560
454.2687	24.342	31.320
453.7662	24.380	31.063
453.2635	24.418	30.800
452.7608	24.456	30.539
452.2579	24.495	30.271
451.7549	24.534	30.004
451.2518	24.573	29.732
450.7485	24.613	29.457
450.2452	24.653	29.180

