grosores: [95.58484044 51.58381367]
corriente: 38.20062216464655 mA/cm2
wavelength	Reflectance
300.0	0.35191962582687053
301.0	0.3503726572589473
302.0	0.3487698291720457
303.0	0.34712294422286827
304.0	0.34542600154378406
305.0	0.34370833232821274
306.0	0.341971812144163
307.0	0.34024411893233586
308.0	0.33853428253377316
309.0	0.33686411544834427
310.0	0.3352397853880358
311.0	0.3337231204243845
312.0	0.3323131443523835
313.0	0.33104947961500897
314.0	0.32993644243455666
315.0	0.32902650623000557
316.0	0.3283632539554062
317.0	0.3279594247331524
318.0	0.3278451202226804
319.0	0.32806857003193496
320.0	0.32865504910158944
321.0	0.32963357063946347
322.0	0.33103066271695536
323.0	0.33286012490943695
324.0	0.33514269690890414
325.0	0.3378622551948108
326.0	0.34104666913227744
327.0	0.34463607449710926
328.0	0.3486697016711289
329.0	0.35311615501333626
330.0	0.35792583898561336
331.0	0.36312737358406255
332.0	0.36855856332697806
333.0	0.3742416894288897
334.0	0.38014417709858606
335.0	0.38620806144224684
336.0	0.39234921951053764
337.0	0.39851897989685836
338.0	0.4046537617841576
339.0	0.4107244769783534
340.0	0.41669073690337205
341.0	0.4225025972278664
342.0	0.42813744442213747
343.0	0.4335233490350504
344.0	0.43870084445984553
345.0	0.443610959831168
346.0	0.4482068587678367
347.0	0.45251147053400076
348.0	0.4564153998553051
349.0	0.4600495724611947
350.0	0.4632808134669799
351.0	0.4662081063862638
352.0	0.468678704617851
353.0	0.4708855302940965
354.0	0.47263178651102683
355.0	0.4738800455613863
356.0	0.47461164381782306
357.0	0.4747299067742078
358.0	0.4742645361692833
359.0	0.4726763046687179
360.0	0.4703213159446939
361.0	0.46660695223972504
362.0	0.4618618836718164
363.0	0.45575150857042207
364.0	0.44831494335314986
365.0	0.4398277771787045
366.0	0.4294006086892774
367.0	0.4184454075562748
368.0	0.4062358657162771
369.0	0.39411794682818935
370.0	0.38109145787211557
371.0	0.3681460536354602
372.0	0.35463914154173826
373.0	0.34104737901089394
374.0	0.327839417230347
375.0	0.31488264760331586
376.0	0.3020892705050048
377.0	0.28957824040663815
378.0	0.2771293394435376
379.0	0.2655986466356307
380.0	0.2541385528489293
381.0	0.24339314980158694
382.0	0.2330274336980763
383.0	0.22292392630420438
384.0	0.21327667256943605
385.0	0.2037792580581363
386.0	0.19518678911681714
387.0	0.18674807139229194
388.0	0.17860881572677018
389.0	0.1707667166054444
390.0	0.16312504039158093
391.0	0.15606969279243518
392.0	0.14918265500735037
393.0	0.14258766927780409
394.0	0.13624189545920892
395.0	0.13008769407178192
396.0	0.1243445479996648
397.0	0.11875166384749679
398.0	0.11350108187772967
399.0	0.10853096972706461
400.0	0.10371700853105922
401.0	0.09901288546270484
402.0	0.09446195621950997
403.0	0.09016941208087757
404.0	0.0861259336732151
405.0	0.08221724030042092
406.0	0.07855336636647967
407.0	0.07503895777314915
408.0	0.07164352500615519
409.0	0.06837095721270112
410.0	0.06521375092770569
411.0	0.0621987982833742
412.0	0.059322786139311134
413.0	0.05655338981652181
414.0	0.053984978396573895
415.0	0.05155417453313731
416.0	0.04921687322819378
417.0	0.04703391037969987
418.0	0.04494056216614625
419.0	0.042925828703733473
420.0	0.04096881925365124
421.0	0.03909122633819225
422.0	0.03729784883921472
423.0	0.03559746966141719
424.0	0.0339721332993093
425.0	0.03245565997457928
426.0	0.031062768387773883
427.0	0.029733411530179246
428.0	0.028473798463023742
429.0	0.02728179275497738
430.0	0.02614659686198008
431.0	0.025066752163306887
432.0	0.024040210316932407
433.0	0.02306330438290742
434.0	0.022181302326077956
435.0	0.021389957971894843
436.0	0.020639403883714005
437.0	0.019884688483837634
438.0	0.01910742084784353
439.0	0.018369587461736017
440.0	0.01768848868080678
441.0	0.01708741993730637
442.0	0.016518698135637992
443.0	0.015976172122367356
444.0	0.01544975977913936
445.0	0.014952690604012851
446.0	0.014483339056585368
447.0	0.01411085322710395
448.0	0.013759443790978073
449.0	0.01342818630329348
450.0	0.013067256283559729
451.0	0.012715835580642843
452.0	0.012385809012616442
453.0	0.01210914884426815
454.0	0.011882220382418499
455.0	0.011669699524496351
456.0	0.011473592092691866
457.0	0.01130201224933999
458.0	0.011141967866221552
459.0	0.010992758221260635
460.0	0.010868124662273543
461.0	0.010756292549824225
462.0	0.01065265675767725
463.0	0.010559123037992639
464.0	0.010475934667110526
465.0	0.01039873973628726
466.0	0.010327186290344062
467.0	0.010235257798140539
468.0	0.010148120146485444
469.0	0.010067338171966315
470.0	0.0100054384334628
471.0	0.009966306711883224
472.0	0.009930042788111175
473.0	0.009896410485929971
474.0	0.00983544507620431
475.0	0.009774207078479405
476.0	0.009719710079294164
477.0	0.00967729902362831
478.0	0.009685653522794645
479.0	0.009694523123845101
480.0	0.009703164934201062
481.0	0.009703324343501657
482.0	0.009691494286418325
483.0	0.009680373340827136
484.0	0.009669845071575804
485.0	0.009673462632848304
486.0	0.009682805395396912
487.0	0.009690384028579435
488.0	0.00969709810273782
489.0	0.009707950628651369
490.0	0.009718392033550193
491.0	0.009726837492248844
492.0	0.009734029825731608
493.0	0.009741529097941662
494.0	0.009747659736133679
495.0	0.009750736691235946
496.0	0.009753526522583504
497.0	0.009765438542868992
498.0	0.009775354901036752
499.0	0.009781709681732673
500.0	0.009786167652911348
501.0	0.009789525858839168
502.0	0.009791029025012256
503.0	0.0097890280586932
504.0	0.009785103202659198
505.0	0.00978301796193635
506.0	0.009778504370592779
507.0	0.009769968794799255
508.0	0.00975887462611192
509.0	0.009744203859438562
510.0	0.00972753379009409
511.0	0.009707699906429047
512.0	0.009685633022030736
513.0	0.009667835439939775
514.0	0.009650285410268711
515.0	0.009629788940578025
516.0	0.009606427792472302
517.0	0.009581353221828829
518.0	0.009554978970145244
519.0	0.009526018452425174
520.0	0.009493830730922198
521.0	0.009459828309558533
522.0	0.009426650652211307
523.0	0.009391251598945887
524.0	0.009352854849112345
525.0	0.009312165886953381
526.0	0.009269743409879627
527.0	0.009225757799559047
528.0	0.009179320824671896
529.0	0.009130197004959154
530.0	0.009079121148913866
531.0	0.009024769617289504
532.0	0.008968440829993445
533.0	0.008908875553675524
534.0	0.00884724653285456
535.0	0.00879145036870365
536.0	0.00873891325938501
537.0	0.008684256748031563
538.0	0.008626994168054148
539.0	0.008568020390070426
540.0	0.008504513740363952
541.0	0.008439210000196484
542.0	0.008371958926649103
543.0	0.008302952401320816
544.0	0.008232845610176214
545.0	0.008162489983972046
546.0	0.008090810087472528
547.0	0.00801719337374134
548.0	0.007942199638965282
549.0	0.007867054410237502
550.0	0.0077925593320850445
551.0	0.007717326640335351
552.0	0.007640224199401652
553.0	0.007562451509794956
554.0	0.007485242966054381
555.0	0.007408326203348379
556.0	0.007330512136070431
557.0	0.007250775537023232
558.0	0.007170269939530355
559.0	0.007090943725489382
560.0	0.00701296453095299
561.0	0.006934507793354445
562.0	0.006854589438978085
563.0	0.0067742980462631875
564.0	0.006691682784128379
565.0	0.006605798024491537
566.0	0.006519564742046121
567.0	0.0064324714234557006
568.0	0.006345047659285537
569.0	0.006260157632040256
570.0	0.006181426622274515
571.0	0.006102625946476987
572.0	0.0060235717574603055
573.0	0.005944411813214632
574.0	0.005865345609952902
575.0	0.005782593458191937
576.0	0.005700032027646854
577.0	0.0056175143838111345
578.0	0.005534863162173388
579.0	0.005452557855118363
580.0	0.005371644116316694
581.0	0.005291708702311422
582.0	0.005212054738305329
583.0	0.005132112408562267
584.0	0.005052473985610595
585.0	0.004973615366678217
586.0	0.004896661791568627
587.0	0.004820250459747314
588.0	0.00474411995917111
589.0	0.0046681738204419265
590.0	0.0045928910374269175
591.0	0.004520671331906645
592.0	0.004450801757478834
593.0	0.004381764991758253
594.0	0.004313437602282601
595.0	0.004245970074534987
596.0	0.0041794508697376625
597.0	0.0041133033106080935
598.0	0.004048086737387038
599.0	0.0039838759669496805
600.0	0.003920447847403094
601.0	0.0038581046753859553
602.0	0.0037970286776042297
603.0	0.0037384942970152776
604.0	0.0036810160325509845
605.0	0.003624490378418807
606.0	0.0035685577629709217
607.0	0.003513778647317668
608.0	0.003459847024660176
609.0	0.00340588157798293
610.0	0.0033532335294102853
611.0	0.0033018399564742258
612.0	0.0032515356976156084
613.0	0.0032026319289988714
614.0	0.0031557191179022383
615.0	0.0031125421664979433
616.0	0.0030708423941078916
617.0	0.0030305983385747223
618.0	0.0029916455728451375
619.0	0.002954248776547902
620.0	0.0029181019343819145
621.0	0.0028805107016499796
622.0	0.0028444826172984196
623.0	0.002810037466881582
624.0	0.0027769550102676507
625.0	0.0027454862522339235
626.0	0.0027156640438594807
627.0	0.0026926830494655293
628.0	0.0026727360447902663
629.0	0.0026545420456446675
630.0	0.0026379426552449172
631.0	0.0026230373059825153
632.0	0.002609945561883964
633.0	0.002597035376188549
634.0	0.0025834937976421603
635.0	0.002571752086117157
636.0	0.002561812804190322
637.0	0.0025536278563861115
638.0	0.0025472896691725094
639.0	0.0025428094708409427
640.0	0.002540273693636182
641.0	0.002539626568640668
642.0	0.002540866182060125
643.0	0.002543897487308868
644.0	0.0025487657999998105
645.0	0.0025555565306468924
646.0	0.0025645094244268734
647.0	0.0025763814271868917
648.0	0.0025901661042748957
649.0	0.002605872459288141
650.0	0.00262338684033628
651.0	0.002642823786388071
652.0	0.0026642097071354364
653.0	0.0026873657243271045
654.0	0.002712181704866662
655.0	0.0027388784495611736
656.0	0.002767462272871838
657.0	0.0027977346266546575
658.0	0.0028299091519534457
659.0	0.0028639896676519476
660.0	0.002900340673945342
661.0	0.0029390309495973327
662.0	0.0029797181527093245
663.0	0.0030224091185801407
664.0	0.003066956296199437
665.0	0.003113511533410751
666.0	0.003162081320652722
667.0	0.0032126157359415324
668.0	0.003265101726698146
669.0	0.003319608110016773
670.0	0.0033761368999246292
671.0	0.003434595313941347
672.0	0.003495059694616802
673.0	0.0035575481419414926
674.0	0.0036222283237989277
675.0	0.0036895543139367757
676.0	0.003758870297908035
677.0	0.0038301757701553005
678.0	0.0039034053675190902
679.0	0.003978561475500722
680.0	0.0040557060351992255
681.0	0.004134839716307447
682.0	0.004214830040802259
683.0	0.004296442094886026
684.0	0.004379953457726564
685.0	0.004465358323316767
686.0	0.00455251147376839
687.0	0.004641559962662744
688.0	0.004732500476035598
689.0	0.004825315844595498
690.0	0.004919978210481248
691.0	0.005016522522382543
692.0	0.005114944172273804
693.0	0.005215187562117109
694.0	0.00531721338452672
695.0	0.005421107366943532
696.0	0.0055268652825368435
697.0	0.005635747832690884
698.0	0.005747777586447936
699.0	0.005861704070712958
700.0	0.005977526333850901
701.0	0.006095184422753593
702.0	0.0062146914817298535
703.0	0.006336075208982071
704.0	0.006459324493781778
705.0	0.00658420526600741
706.0	0.006710721831115942
707.0	0.0068391039233849605
708.0	0.006969347865107405
709.0	0.007101391553917545
710.0	0.007235227667756911
711.0	0.007370912739627793
712.0	0.007508429341138272
713.0	0.007647047949964585
714.0	0.007786347091436065
715.0	0.007927354960998612
716.0	0.008070070356392739
717.0	0.00821446646028592
718.0	0.008360524303022154
719.0	0.00850826341199984
720.0	0.00865768132726125
721.0	0.00880923817533338
722.0	0.008964365118794284
723.0	0.009121217760017977
724.0	0.009279792078010883
725.0	0.009440073688553817
726.0	0.009602031604632274
727.0	0.00976567868557294
728.0	0.009931018931988228
729.0	0.010098023838613747
730.0	0.01026484127598484
731.0	0.010432460056903053
732.0	0.010601656588006712
733.0	0.010772428939577137
734.0	0.010944735334786215
735.0	0.011118562988493879
736.0	0.011293942131230836
737.0	0.011470848588715717
738.0	0.01164928769610445
739.0	0.011832066008581273
740.0	0.012016416369347126
741.0	0.012202326911797332
742.0	0.01238978115116484
743.0	0.01257876205927853
744.0	0.012769261468211602
745.0	0.012961282610881347
746.0	0.013154805014450207
747.0	0.01334949684598397
748.0	0.013542741117314218
749.0	0.013737407050926496
750.0	0.013933484423067754
751.0	0.014130962488798948
752.0	0.014329827168940382
753.0	0.014530078097360233
754.0	0.014731689990166375
755.0	0.014934669659343357
756.0	0.015138997575454026
757.0	0.015348361005913042
758.0	0.01555910323730616
759.0	0.01577121615686198
760.0	0.01598467454917865
761.0	0.01619948475398254
762.0	0.016415630293487807
763.0	0.01663309661959276
764.0	0.016851885701127077
765.0	0.01707197763174468
766.0	0.017290768388547692
767.0	0.0175097109858909
768.0	0.0177298697829346
769.0	0.01795124324271645
770.0	0.01817383052336209
771.0	0.01839761490907857
772.0	0.018622593432462354
773.0	0.018848735726352202
774.0	0.019076050881859617
775.0	0.01930486142000378
776.0	0.019537936008404325
777.0	0.019772175572414313
778.0	0.020007581598913346
779.0	0.020244139756595385
780.0	0.020481844233485973
781.0	0.020720684614090372
782.0	0.020960644752633113
783.0	0.021201705799210407
784.0	0.02144387468426452
785.0	0.021686002546863203
786.0	0.02192656550723161
787.0	0.022168150187532855
788.0	0.022410756400116257
789.0	0.02265436285462536
790.0	0.022898976287602887
791.0	0.0231445868907817
792.0	0.023391166926277913
793.0	0.02363871652436065
794.0	0.023887203191286392
795.0	0.0241374124256424
796.0	0.02439161680947395
797.0	0.024646784329284036
798.0	0.02490289304279863
799.0	0.025159943161681308
800.0	0.025417914689965918
801.0	0.025676822074792993
802.0	0.025936620749999605
803.0	0.026197318558790497
804.0	0.026458904249778543
805.0	0.026721355722101214
806.0	0.026981377659141374
807.0	0.027241870450085907
808.0	0.027503176287626812
809.0	0.02776528502929134
810.0	0.028028198609103647
811.0	0.028291906367418396
812.0	0.028556405508545074
813.0	0.028821668057374072
814.0	0.029087684017352896
815.0	0.029354455715070095
816.0	0.0296169278914317
817.0	0.029868243963590252
818.0	0.030120154400839084
819.0	0.030372605007652508
820.0	0.030625614634370343
821.0	0.030879174677873412
822.0	0.031133310842737384
823.0	0.03138796759963453
824.0	0.031643148170521024
825.0	0.03189883545405213
826.0	0.03215502404744991
827.0	0.032420284566500125
828.0	0.03269892946788678
829.0	0.03297825610575456
830.0	0.03325825498630358
831.0	0.03353892926889135
832.0	0.03382026482721326
833.0	0.03410224934544784
834.0	0.03438486868391442
835.0	0.03466812631269514
836.0	0.034952013091365766
837.0	0.03523649425372048
838.0	0.03552159419371914
839.0	0.035807288052464054
840.0	0.036093561828691514
841.0	0.03638041945797945
842.0	0.0366678390421093
843.0	0.03695582467137058
844.0	0.03724436248978181
845.0	0.03753344070846004
846.0	0.03782304547668478
847.0	0.03811318119307943
848.0	0.038403839225187655
849.0	0.038694984510846304
850.0	0.03898664296092436
851.0	0.03927878987078996
852.0	0.03957142488034007
853.0	0.039864526217537166
854.0	0.040158085424627975
855.0	0.04045212093129696
856.0	0.04074657893414774
857.0	0.04104150197703717
858.0	0.04133683618856664
859.0	0.041632613866011345
860.0	0.04192879986968226
861.0	0.042225386065574966
862.0	0.04252237261740017
863.0	0.042819762290884834
864.0	0.04311752814623536
865.0	0.04341566223704788
866.0	0.04371418412083612
867.0	0.0440130585944723
868.0	0.044312272380074506
869.0	0.04461184245373926
870.0	0.044911755725615427
871.0	0.04521199075165285
872.0	0.045512539915753145
873.0	0.04581342345915847
874.0	0.04611460057557463
875.0	0.04641607491939618
876.0	0.04671784748418619
877.0	0.047019910960942816
878.0	0.047322244064775074
879.0	0.047624853555831057
880.0	0.04792771252706311
881.0	0.04823085329147917
882.0	0.048534220851303454
883.0	0.04883783631075231
884.0	0.04914169268621503
885.0	0.04944578304011423
886.0	0.04975008051996618
887.0	0.05005460470743607
888.0	0.05035932731270442
889.0	0.05066425652707111
890.0	0.05096938564414594
891.0	0.051274693709284405
892.0	0.051580182504203646
893.0	0.05188584283192943
894.0	0.05219167662037492
895.0	0.052497677392848704
896.0	0.052803824331637994
897.0	0.053110125401803876
898.0	0.05341656831299446
899.0	0.05372314421750368
900.0	0.05402985533510104
