grosores: [98.24089932 48.62133798]
corriente: 38.00065799984809 mA/cm2
wavelength	Reflectance
300.0	0.42500430125411415
301.0	0.4244461216486185
302.0	0.42389728316889835
303.0	0.42335263918386506
304.0	0.42281011664652884
305.0	0.4222685935282841
306.0	0.4217278778194104
307.0	0.4211874770531303
308.0	0.4206450109208274
309.0	0.42009980589063634
310.0	0.4195539523221098
311.0	0.41901814394194953
312.0	0.4184877027191587
313.0	0.41796464501263314
314.0	0.4174499535325732
315.0	0.4169537341523482
316.0	0.41648009707878897
317.0	0.41603401635779536
318.0	0.41562291350280733
319.0	0.4111077408255164
320.0	0.40654424536774947
321.0	0.4019328044550849
322.0	0.3972758824086815
323.0	0.3925753186095078
324.0	0.38782957397770385
325.0	0.3830427886960407
326.0	0.3782168142165805
327.0	0.37335745634120965
328.0	0.368469995202026
329.0	0.3635597265987257
330.0	0.35863636526768494
331.0	0.3537110771975322
332.0	0.3487898955683628
333.0	0.34388561850639404
334.0	0.33902245623035254
335.0	0.3342217918533217
336.0	0.3295051304478316
337.0	0.3249050819329401
338.0	0.3204544673652743
339.0	0.3162042302046047
340.0	0.3122212747066452
341.0	0.3085552476922461
342.0	0.3052816989108166
343.0	0.3025124734272537
344.0	0.3003587752609653
345.0	0.30519040828337585
346.0	0.31043747778968345
347.0	0.3160641364988795
348.0	0.3219811150542484
349.0	0.32828825267637096
350.0	0.33481794814756116
351.0	0.3415914216245808
352.0	0.3484244944822986
353.0	0.35553378913991207
354.0	0.36261786063802076
355.0	0.36979157676854535
356.0	0.37679491046797164
357.0	0.38385873863619757
358.0	0.3906981570316614
359.0	0.3970648797298061
360.0	0.4029259913108382
361.0	0.4080346065485571
362.0	0.41243154139185556
363.0	0.4157841927063336
364.0	0.4180908203002879
365.0	0.419445198206904
366.0	0.41931384371161223
367.0	0.41841682472259045
368.0	0.41604585270292804
369.0	0.4131533501523359
370.0	0.40883308414271347
371.0	0.4039842837546631
372.0	0.398020518465238
373.0	0.39136754449704425
374.0	0.38422623880199874
375.0	0.37658961637792593
376.0	0.3684580515816869
377.0	0.3598847341243997
378.0	0.3508115924265469
379.0	0.34179380512986346
380.0	0.33232812741740575
381.0	0.3228850905505177
382.0	0.3132467662837408
383.0	0.30334778086645126
384.0	0.2933721777164523
385.0	0.28307563743874414
386.0	0.2731367646199013
387.0	0.26293600624099633
388.0	0.2526259569565131
389.0	0.24568926975563374
390.0	0.23873561893797893
391.0	0.23213182361319926
392.0	0.22549209597431494
393.0	0.2189606339667113
394.0	0.21250195937685354
395.0	0.2060595332214712
396.0	0.19986250012172158
397.0	0.19367312529785705
398.0	0.1877153085572716
399.0	0.18192825451299588
400.0	0.17617497968337092
401.0	0.17023616833358296
402.0	0.16438133086564655
403.0	0.1587481138844717
404.0	0.1533351656787035
405.0	0.14800945702269103
406.0	0.14292198187478922
407.0	0.13796353093315575
408.0	0.13309027288806222
409.0	0.12827529604695348
410.0	0.12355286726796999
411.0	0.11894998735579076
412.0	0.11446568993231085
413.0	0.11007500608253556
414.0	0.10590115266151925
415.0	0.10187150827081506
416.0	0.09793378827149465
417.0	0.094151517921736
418.0	0.09046656731881383
419.0	0.08686466806699225
420.0	0.08328684035937892
421.0	0.08005058341289628
422.0	0.07689842503186484
423.0	0.07383149939319289
424.0	0.07084479040085478
425.0	0.06799805563297096
426.0	0.06531800765688574
427.0	0.06271255587138565
428.0	0.060180543907079026
429.0	0.05772014316551777
430.0	0.05533069691245981
431.0	0.05301221898008896
432.0	0.050763618911609826
433.0	0.0485830714774044
434.0	0.046535083340356775
435.0	0.04461478199692789
436.0	0.0427544275910259
437.0	0.04087606955484644
438.0	0.038944834873295725
439.0	0.037077062333561325
440.0	0.03530115360567907
441.0	0.03382182721031604
442.0	0.03239083369118292
443.0	0.03099220873617813
444.0	0.02958136174475002
445.0	0.02821797321449992
446.0	0.026901078267477344
447.0	0.025774255249479537
448.0	0.024686505544292844
449.0	0.023636838524929225
450.0	0.02250239440673425
451.0	0.02137890006805489
452.0	0.02029647011301146
453.0	0.01931589863422521
454.0	0.01843211520181392
455.0	0.01758108126364452
456.0	0.01676344637595559
457.0	0.01598267042441439
458.0	0.015231535589420721
459.0	0.01450923105692825
460.0	0.013825923544308671
461.0	0.013239715830068327
462.0	0.012675615319963744
463.0	0.01213830638029358
464.0	0.011629460039289458
465.0	0.011140193783230185
466.0	0.01066989195559427
467.0	0.010119768458205143
468.0	0.009580936794336402
469.0	0.00906386951533059
470.0	0.008600679926587862
471.0	0.008204398432292195
472.0	0.00782417819024819
473.0	0.007459461893890462
474.0	0.006986891334691082
475.0	0.006505626324480534
476.0	0.006046592117395824
477.0	0.005624570590409082
478.0	0.005357272071240843
479.0	0.005101566667190993
480.0	0.004857015937659072
481.0	0.0045983690511005185
482.0	0.004315063428660296
483.0	0.004044875125273392
484.0	0.0037873486441884685
485.0	0.0035597383835813106
486.0	0.0033502500328654247
487.0	0.003150696710889999
488.0	0.00296070299995042
489.0	0.002785599904798578
490.0	0.0026196407014775413
491.0	0.002461847741432721
492.0	0.0023118929650761564
493.0	0.002163819290123259
494.0	0.002023343425012853
495.0	0.001890167764186378
496.0	0.001764976926480003
497.0	0.0016550226662184503
498.0	0.0015509756935122667
499.0	0.001452589581013641
500.0	0.0013581547538109376
501.0	0.0012697157294759651
502.0	0.0011857161024043201
503.0	0.0011059728123822925
504.0	0.0010303091941057233
505.0	0.0009815617233045197
506.0	0.000935198927718585
507.0	0.0008910956993106037
508.0	0.0008491396196084591
509.0	0.0007836995762316733
510.0	0.0007191474961952415
511.0	0.0006582740855017196
512.0	0.0006009347419255018
513.0	0.0005580805055044757
514.0	0.0005221756485061946
515.0	0.00048818143028963267
516.0	0.0004560029710305183
517.0	0.0004238274612311602
518.0	0.0003909619560916346
519.0	0.0003600102246162462
520.0	0.000330886113386308
521.0	0.000305681060495206
522.0	0.0002828651370389119
523.0	0.00026121869466214103
524.0	0.00024069304072840683
525.0	0.00022124058397787416
526.0	0.00019990193032423282
527.0	0.00017804578962469654
528.0	0.00015768090175297158
529.0	0.00013876431223988492
530.0	0.00012189252670081034
531.0	0.00011166746726890892
532.0	0.00010196935132259734
533.0	9.277871961263172e-05
534.0	8.407705272420003e-05
535.0	7.639650291962148e-05
536.0	6.949330998085302e-05
537.0	6.297512569209021e-05
538.0	5.682803884525145e-05
539.0	5.1039489914202546e-05
540.0	4.3750012840968367e-05
541.0	3.693795386252064e-05
542.0	3.0815922734079245e-05
543.0	2.537547621331652e-05
544.0	2.0755148800699386e-05
545.0	1.7253579125959965e-05
546.0	1.4193647981286652e-05
547.0	1.1572817323275723e-05
548.0	9.390347730400162e-06
549.0	7.5232809964981135e-06
550.0	6.420967565729591e-06
551.0	6.487144053145151e-06
552.0	7.723763813094342e-06
553.0	1.0133744385747504e-05
554.0	1.2400679405634835e-05
555.0	1.3793818937276148e-05
556.0	1.5395321778472748e-05
557.0	1.72113371660478e-05
558.0	1.9249368134688377e-05
559.0	2.2885122925900445e-05
560.0	2.8522247780407814e-05
561.0	3.4455633517226174e-05
562.0	4.115271333839215e-05
563.0	4.862872072866756e-05
564.0	5.5729161227556934e-05
565.0	6.163411511809533e-05
566.0	6.800531539327772e-05
567.0	7.485859739063974e-05
568.0	8.220911817094234e-05
569.0	9.084136357963146e-05
570.0	0.00010193099354213765
571.0	0.0001137746402457265
572.0	0.00012638925466930146
573.0	0.00013979152569734265
574.0	0.00015399891018589486
575.0	0.00016848233832744138
576.0	0.00018376999273787739
577.0	0.00019988021950292752
578.0	0.0002168312024498967
579.0	0.000234641808679697
580.0	0.00025065591906791776
581.0	0.0002655451403047529
582.0	0.0002810493226518787
583.0	0.0002971825747371949
584.0	0.0003139607435564194
585.0	0.00033185996413572514
586.0	0.0003523464922188191
587.0	0.0003736407061070521
588.0	0.000395759419282029
589.0	0.0004187182289677202
590.0	0.0004425339232991339
591.0	0.00046861357547067686
592.0	0.0004966025546719292
593.0	0.000525612504434719
594.0	0.0005556612612970186
595.0	0.0005867664155422368
596.0	0.0006189427917905709
597.0	0.000651139991132801
598.0	0.0006842675933716831
599.0	0.0007184544827127668
600.0	0.000753718058710454
601.0	0.0007903924764524107
602.0	0.0008280103376251001
603.0	0.000864201305699419
604.0	0.0009015218898317759
605.0	0.0009399877414936141
606.0	0.0009796127465043218
607.0	0.0010204134062501572
608.0	0.0010627445533466886
609.0	0.0011076888854997294
610.0	0.0011539292550453168
611.0	0.0012014792649725644
612.0	0.0012503538159552993
613.0	0.001300569598994608
614.0	0.0013522545349077665
615.0	0.0014057857666574648
616.0	0.0014607060169854985
617.0	0.0015170282842772874
618.0	0.001574767059982589
619.0	0.0016339325812270863
620.0	0.0016942707313153387
621.0	0.0017545959876705264
622.0	0.0018163950253953008
623.0	0.001879678556899859
624.0	0.0019444569484881327
625.0	0.0020107429505072604
626.0	0.00207854084918715
627.0	0.002150350864674625
628.0	0.002224387722726745
629.0	0.002300047253801253
630.0	0.002377336474018053
631.0	0.002456268697987888
632.0	0.0025368501738343156
633.0	0.002617931344305864
634.0	0.002698879561691902
635.0	0.002781423718431487
636.0	0.002865568724610267
637.0	0.0029513201696534197
638.0	0.00303868930342282
639.0	0.0031276738060740245
640.0	0.003217894306015869
641.0	0.003307727532594523
642.0	0.0033990969560191565
643.0	0.0034920037135817723
644.0	0.0035864563014144446
645.0	0.003682463426209975
646.0	0.0037797544978538495
647.0	0.003877538580961315
648.0	0.003976853788956776
649.0	0.004077699358652733
650.0	0.0041800829040299125
651.0	0.004284012104583576
652.0	0.004389482242964764
653.0	0.004495052254619568
654.0	0.004599950328843146
655.0	0.004706313179844732
656.0	0.004814141620824681
657.0	0.004923443654700572
658.0	0.005034219836257149
659.0	0.0051464661881842535
660.0	0.005261788215073973
661.0	0.005382947723496218
662.0	0.005505726707173467
663.0	0.0056301338628466846
664.0	0.005756165581226513
665.0	0.005883817648026366
666.0	0.0060130910178631805
667.0	0.006143895873534425
668.0	0.006276179835950637
669.0	0.006410077106325253
670.0	0.006545589105724692
671.0	0.006682709979569459
672.0	0.006821442678430673
673.0	0.0069617789069345
674.0	0.007103366048009924
675.0	0.0072451221236303305
676.0	0.00738845142057646
677.0	0.007533345001665911
678.0	0.007679803922448334
679.0	0.007827832039728096
680.0	0.007977417223746426
681.0	0.00812855605001228
682.0	0.008277578571310031
683.0	0.00842715603118685
684.0	0.008578203200642133
685.0	0.008730709304051355
686.0	0.008884677169496416
687.0	0.00904010264615146
688.0	0.009196981423630218
689.0	0.009355270148737894
690.0	0.009514871152858645
691.0	0.009675909977312967
692.0	0.009838382817155657
693.0	0.01000227503283154
694.0	0.0101675898757605
695.0	0.01033432312321345
696.0	0.010502467167499738
697.0	0.01067332123835685
698.0	0.010846911018653423
699.0	0.0110219479275836
700.0	0.011198434225129953
701.0	0.01137634027347861
702.0	0.011555683953349653
703.0	0.01173645125256486
704.0	0.011918627774600767
705.0	0.01210281657676205
706.0	0.012289002368078235
707.0	0.012476588657446875
708.0	0.012665576040741287
709.0	0.01285595358217748
710.0	0.01304770154324882
711.0	0.013240837453218801
712.0	0.013435338637818369
713.0	0.013628048071978649
714.0	0.013817350034120808
715.0	0.014007919387575042
716.0	0.014199755928639094
717.0	0.014392855182200931
718.0	0.014587218215903528
719.0	0.014782818850666419
720.0	0.014979661379319737
721.0	0.015188288087340157
722.0	0.015403029313737559
723.0	0.015619166699664684
724.0	0.015836697145646908
725.0	0.016055606415210442
726.0	0.016275889010336476
727.0	0.016497530456049347
728.0	0.0167205372397092
729.0	0.01694487536329896
730.0	0.017165773054509975
731.0	0.017385890268202794
732.0	0.017607252880754928
733.0	0.01782986188306038
734.0	0.018053688318909543
735.0	0.018278733020764625
736.0	0.018504997002902857
737.0	0.018732450822584085
738.0	0.018961105616404298
739.0	0.0191972813938545
740.0	0.019434696968455047
741.0	0.01966796403196496
742.0	0.019902380373868933
743.0	0.020137944693763295
744.0	0.020374641578042425
745.0	0.020612471009086822
746.0	0.020851406801849975
747.0	0.0210908795055173
748.0	0.021326338164005827
749.0	0.02156283400066171
750.0	0.021800355331472197
751.0	0.022038894097864834
752.0	0.022278441001770365
753.0	0.022518997794693442
754.0	0.02276053425607345
755.0	0.023003060797364947
756.0	0.023246558183977035
757.0	0.023493611182972496
758.0	0.023741673450363675
759.0	0.023990739572496353
760.0	0.024240781579183482
761.0	0.02448601839070015
762.0	0.02473219996248876
763.0	0.02497930858738643
764.0	0.02522735113056278
765.0	0.025476307407259688
766.0	0.02572293063544048
767.0	0.025969050155061242
768.0	0.026215999123960575
769.0	0.026463783031507145
770.0	0.02671240404387665
771.0	0.026961840687704502
772.0	0.02721209866980606
773.0	0.02746314441612157
774.0	0.027714992205312504
775.0	0.027968267516014778
776.0	0.028228138112635796
777.0	0.02848879011138044
778.0	0.02875022896991929
779.0	0.029012444147651376
780.0	0.029275429015959746
781.0	0.02955120788467011
782.0	0.029827805498035802
783.0	0.03010520184740704
784.0	0.030383406960273036
785.0	0.03066061817561074
786.0	0.030934440239055977
787.0	0.031208988168559368
788.0	0.031484264976393624
789.0	0.031760247439755196
790.0	0.03203694084065651
791.0	0.032314321916962145
792.0	0.032592381137442575
793.0	0.03287112182013702
794.0	0.033150507816349074
795.0	0.03343164746358161
796.0	0.03371774449482775
797.0	0.03400452137268285
798.0	0.03429195443853912
799.0	0.034580047063003036
800.0	0.034868776619099776
801.0	0.03516457160996285
802.0	0.03546102031537737
803.0	0.035758133145842565
804.0	0.03605590222270595
805.0	0.03635430335271937
806.0	0.036647091400259464
807.0	0.036939787645384504
808.0	0.037233060005054004
809.0	0.037526899260919566
810.0	0.037821308662557944
811.0	0.03811626770406398
812.0	0.03841177976856312
813.0	0.038707822349227074
814.0	0.03900438641132376
815.0	0.039301475569817466
816.0	0.03959368470162984
817.0	0.0398736799551267
818.0	0.04015404478423833
819.0	0.04043471755632843
820.0	0.04071572426377887
821.0	0.04097652195807758
822.0	0.041237567168415014
823.0	0.041498840707193424
824.0	0.041760355685616465
825.0	0.042022097673972206
826.0	0.04228406141943733
827.0	0.042553793070405986
828.0	0.042835229940244246
829.0	0.043117067705627496
830.0	0.0433992994597886
831.0	0.04368193232860996
832.0	0.04396495413803247
833.0	0.044248354858462194
834.0	0.04453212231090673
835.0	0.044816263830900996
836.0	0.045100772749071365
837.0	0.04538561411018803
838.0	0.04567081818705048
839.0	0.04595636105508837
840.0	0.04624223059346924
841.0	0.04654881685135823
842.0	0.04685573838117399
843.0	0.04716300191555522
844.0	0.04747059438028438
845.0	0.04777850523174461
846.0	0.04808672142613506
847.0	0.048395249953254005
848.0	0.04870408352008342
849.0	0.0490131860031595
850.0	0.04932258770567771
851.0	0.04963226400145358
852.0	0.049942216488838065
853.0	0.050252423560348466
854.0	0.050562878108414984
855.0	0.0508736021904196
856.0	0.05118453932796813
857.0	0.05149573793282326
858.0	0.05180714150878399
859.0	0.052118787021192874
860.0	0.052430638415851535
861.0	0.05272166426147663
862.0	0.05301288349029619
863.0	0.05330430214759069
864.0	0.053595893803062435
865.0	0.05388765265577843
866.0	0.05417960246923676
867.0	0.054471708045599775
868.0	0.054763957646722254
869.0	0.0550563724728693
870.0	0.055348940918064415
871.0	0.05564164257756069
872.0	0.055934471879813874
873.0	0.056227453049642766
874.0	0.05652054475139421
875.0	0.05681375375818727
876.0	0.05710708344402175
877.0	0.057400528448600815
878.0	0.05769406848603968
879.0	0.0579877131893007
880.0	0.05828143608494718
881.0	0.058595851753422794
882.0	0.05891032494813286
883.0	0.05922487976544255
884.0	0.059539510369213795
885.0	0.05985421096484625
886.0	0.060168954413052075
887.0	0.06048376241014371
888.0	0.06079860841201798
889.0	0.061113501593411994
890.0	0.061428436367743686
891.0	0.06174339206131274
892.0	0.06205837186364299
893.0	0.06237336796829466
894.0	0.06268838368607052
895.0	0.06300341363628892
896.0	0.06331843729564363
897.0	0.06363346452716519
898.0	0.06394848357066421
899.0	0.06426348698298967
900.0	0.0645784782936463
