grosores: [ 7.77755717 76.89867316 54.91999052]
corriente: 38.43835486446683 mA/cm2
wavelength	Reflectance
300.0	0.27604472060326823
301.0	0.2712328908410698
302.0	0.26640989265427517
303.0	0.2615769719458586
304.0	0.25673540801172046
305.0	0.2518865102847693
306.0	0.24703159889783943
307.0	0.24217204169981113
308.0	0.2373092388100941
309.0	0.23244461484969056
310.0	0.22757960214115255
311.0	0.2227156274160318
312.0	0.21785421829405974
313.0	0.21299689090775864
314.0	0.20814518421435474
315.0	0.20330063665265236
316.0	0.1984648136849779
317.0	0.193639308087362
318.0	0.1888257432350026
319.0	0.17980069833915793
320.0	0.1708638801154048
321.0	0.16202743857827864
322.0	0.15330367815218138
323.0	0.1447053316129835
324.0	0.13624525049986336
325.0	0.12793667546570597
326.0	0.11979312387858199
327.0	0.11182853559812696
328.0	0.10405750617201745
329.0	0.09649492417993764
330.0	0.0891571587505267
331.0	0.08206144304711892
332.0	0.07522774368977705
333.0	0.06867818985846912
334.0	0.06243748451377768
335.0	0.056536361876634134
336.0	0.05101166856765871
337.0	0.045910099780176676
338.0	0.04128993738888218
339.0	0.03722722525273231
340.0	0.03381958597402761
341.0	0.031200792274035154
342.0	0.02954828580342093
343.0	0.02910136598211217
344.0	0.030189756438938828
345.0	0.029602139551181204
346.0	0.029028028529066233
347.0	0.02846783902182773
348.0	0.027924462828904623
349.0	0.027385597687183343
350.0	0.026860725962901726
351.0	0.026346369911154306
352.0	0.025852779115055655
353.0	0.02535819584755647
354.0	0.024884493080059866
355.0	0.02440667793899942
356.0	0.023952300460238288
357.0	0.02346677850214306
358.0	0.022989906986878864
359.0	0.022489541217575047
360.0	0.02200243729885267
361.0	0.021484366692752395
362.0	0.02095839221147787
363.0	0.020433128582206368
364.0	0.019902581884993577
365.0	0.019380284946276163
366.0	0.018811880435211106
367.0	0.018280460146724242
368.0	0.017796546878512093
369.0	0.017332904424552483
370.0	0.016912995524332005
371.0	0.01650354006727263
372.0	0.016129511438802112
373.0	0.015762151134280068
374.0	0.015504525225759793
375.0	0.015320554467936065
376.0	0.015171522148276158
377.0	0.01510130547961878
378.0	0.015030032904583131
379.0	0.015110205872119498
380.0	0.015196225918464534
381.0	0.015396870578920578
382.0	0.015659361486759244
383.0	0.015965692123238402
384.0	0.01635856755211861
385.0	0.016769696914462562
386.0	0.017358794120545775
387.0	0.017983918898719295
388.0	0.018680004013111713
389.0	0.01903578277682859
390.0	0.019423378370129477
391.0	0.019954284586222937
392.0	0.020515494219604868
393.0	0.021153958879674407
394.0	0.021860007458515903
395.0	0.022612752545604905
396.0	0.02349933560502567
397.0	0.02443211304166697
398.0	0.025500884576062456
399.0	0.026687723875302688
400.0	0.027935434098780684
401.0	0.02638919554752619
402.0	0.02496454859288376
403.0	0.02372256995510529
404.0	0.02265464050249941
405.0	0.021689568969497707
406.0	0.020851740372319117
407.0	0.020109731147552722
408.0	0.01946211735343745
409.0	0.01893915344118291
410.0	0.018496153315839484
411.0	0.018152751386859314
412.0	0.01790521957924853
413.0	0.01772613735129006
414.0	0.017646098913624304
415.0	0.017638448854005683
416.0	0.017684387338498177
417.0	0.017807230172958446
418.0	0.017978978948106617
419.0	0.01819679974945412
420.0	0.01848640245960532
421.0	0.018815998431435645
422.0	0.019193091420675743
423.0	0.019629489526151015
424.0	0.02009833383628598
425.0	0.020597390071159176
426.0	0.021121782431211066
427.0	0.02166730423187653
428.0	0.022254414536059815
429.0	0.022881980883370262
430.0	0.02352545733051625
431.0	0.024187745229947696
432.0	0.024867054080018543
433.0	0.025556542477946625
434.0	0.02626589646857605
435.0	0.026992482126518242
436.0	0.027722897638818227
437.0	0.028475911918899425
438.0	0.02926298660719892
439.0	0.0300533542140295
440.0	0.030844601836775933
441.0	0.03163324404169521
442.0	0.032419607426122765
443.0	0.03321621359283192
444.0	0.03406462358573332
445.0	0.0349096996019265
446.0	0.03575030911998768
447.0	0.03652225016997987
448.0	0.03728531208428308
449.0	0.038038665571103386
450.0	0.03885796352727819
451.0	0.03968761744703791
452.0	0.04050796097523531
453.0	0.04129648471316566
454.0	0.04205150466756554
455.0	0.042793771624163895
456.0	0.043526687861936454
457.0	0.044261925410136835
458.0	0.04498327568909475
459.0	0.045690298726223606
460.0	0.04639620564948881
461.0	0.0470907901072735
462.0	0.04777034055463906
463.0	0.04843090304929602
464.0	0.049070400770211194
465.0	0.0496939705922658
466.0	0.050301375471572256
467.0	0.050996683743129316
468.0	0.05168773804207941
469.0	0.052362672106324816
470.0	0.0529933780218221
471.0	0.05356559912522575
472.0	0.0541209046616444
473.0	0.054659150546015015
474.0	0.05532539031164277
475.0	0.05601194559042023
476.0	0.056682439074480735
477.0	0.05732142090223074
478.0	0.0578067826073216
479.0	0.05827544758832657
480.0	0.058727408270924465
481.0	0.0591891215227033
482.0	0.05967321703111541
483.0	0.06013972025647106
484.0	0.060588588518917665
485.0	0.06101847178879909
486.0	0.06143068646120966
487.0	0.0618259060147407
488.0	0.062204164897520724
489.0	0.06256723985278347
490.0	0.06291389542679207
491.0	0.06324399933968172
492.0	0.06355762854506022
493.0	0.06387433338961625
494.0	0.06417463655224684
495.0	0.06445862609629048
496.0	0.06472741901859524
497.0	0.064989747031956
498.0	0.0652366420688275
499.0	0.06546821189003936
500.0	0.06568831997028575
501.0	0.06591478172757001
502.0	0.06612549804915505
503.0	0.0663205894853121
504.0	0.06650016290159073
505.0	0.06662265489110264
506.0	0.06673142934354959
507.0	0.06682662973113108
508.0	0.06690842533555591
509.0	0.0670370774442543
510.0	0.06715749184439565
511.0	0.06726302651079903
512.0	0.06735381912195179
513.0	0.06742040644577062
514.0	0.06746949303717525
515.0	0.06750554237685642
516.0	0.06752869850013478
517.0	0.0675466309726421
518.0	0.06756293195835392
519.0	0.06756636691121536
520.0	0.06755710290202159
521.0	0.06753629753674607
522.0	0.06751220026706263
523.0	0.0674760282207962
524.0	0.06742794973174035
525.0	0.06736812005703248
526.0	0.06730779062890743
527.0	0.06724288301013825
528.0	0.06716602434917027
529.0	0.06707737547315146
530.0	0.06697504626192104
531.0	0.06684349471063751
532.0	0.06670194959960046
533.0	0.06655058764690198
534.0	0.0663895677350807
535.0	0.06623998407142964
536.0	0.06609512447961288
537.0	0.06594121043702303
538.0	0.06577840916112689
539.0	0.06560686863595595
540.0	0.06542647286426034
541.0	0.06523682958161671
542.0	0.06503808120035441
543.0	0.06483039728290459
544.0	0.06461499899811067
545.0	0.06439550877999413
546.0	0.0641679866628594
547.0	0.06393258595575571
548.0	0.06368945175641436
549.0	0.06344264249506645
550.0	0.06319347871531872
551.0	0.06293593318964158
552.0	0.06267016566444535
553.0	0.062396328277554904
554.0	0.06212258158724095
555.0	0.061850385669616335
556.0	0.061572313184254115
557.0	0.061288497492837345
558.0	0.06099908040150494
559.0	0.06070566236344976
560.0	0.06040741431624443
561.0	0.06010269623436875
562.0	0.059791639904716046
563.0	0.059474391872167846
564.0	0.0591504173154596
565.0	0.05882005759154128
566.0	0.05848470258899029
567.0	0.05814447483563763
568.0	0.05779951833832775
569.0	0.057455722314201145
570.0	0.05712048916482842
571.0	0.05678023909105431
572.0	0.056435106278657755
573.0	0.056085215309857966
574.0	0.055730698884188155
575.0	0.055365898043040596
576.0	0.05499684112133973
577.0	0.05462366296136368
578.0	0.05424647297447352
579.0	0.05386540124156691
580.0	0.053492882742134436
581.0	0.05312527347161291
582.0	0.05275454429910711
583.0	0.05238081251756079
584.0	0.052004182993135216
585.0	0.05162455961067012
586.0	0.051241286229347725
587.0	0.05085516814296714
588.0	0.050466310392924006
589.0	0.05007482324874101
590.0	0.04968080974889549
591.0	0.04928747172099136
592.0	0.048893659781874724
593.0	0.0484973668664383
594.0	0.04809869440206657
595.0	0.047697744795179346
596.0	0.04729462645244865
597.0	0.04689331084510997
598.0	0.046490486643114566
599.0	0.04608583158933166
600.0	0.045679438285802405
601.0	0.045271401550686034
602.0	0.04486331749983433
603.0	0.044467211523888245
604.0	0.04406974907927564
605.0	0.043671018128827004
606.0	0.04327110898973966
607.0	0.04287010442333064
608.0	0.04246633645928208
609.0	0.042054624652528724
610.0	0.041642091434781175
611.0	0.041228827521159646
612.0	0.04081490734473649
613.0	0.04040041304938352
614.0	0.03998681147819985
615.0	0.03957820482821419
616.0	0.039169137108655064
617.0	0.038759684237758454
618.0	0.038349922571599505
619.0	0.037939932910472526
620.0	0.037529871162409925
621.0	0.03712051060235723
622.0	0.036711256851244045
623.0	0.03630218098344367
624.0	0.03589335313831503
625.0	0.035484839201208374
626.0	0.03507671409659495
627.0	0.03467483994093502
628.0	0.034274707812256965
629.0	0.03387490555086058
630.0	0.033475512412548016
631.0	0.03307658314150862
632.0	0.03267819516877825
633.0	0.03228037393652552
634.0	0.03188325224294282
635.0	0.03148695043384254
636.0	0.031091536542894555
637.0	0.030697064722215655
638.0	0.030303594604349934
639.0	0.02991118525430714
640.0	0.029521928264212995
641.0	0.02913403442896022
642.0	0.028747338328127477
643.0	0.0283618888225429
644.0	0.027977743515357683
645.0	0.027594943298932025
646.0	0.027214879498907375
647.0	0.026841493152139753
648.0	0.026469514363054943
649.0	0.026098986866411683
650.0	0.025729962804574166
651.0	0.025362478173756267
652.0	0.024996591144686074
653.0	0.024635770578993833
654.0	0.02428170253956245
655.0	0.023929263166213792
656.0	0.02357849740388531
657.0	0.02322943588214498
658.0	0.02288212214929801
659.0	0.022536598500088035
660.0	0.022190008080914196
661.0	0.021842425249746923
662.0	0.021496812771448073
663.0	0.02115320191646197
664.0	0.020811633044342494
665.0	0.020472143602954348
666.0	0.020134767382585076
667.0	0.019799825536432277
668.0	0.01946748877009466
669.0	0.019137354829700595
670.0	0.018809458343573962
671.0	0.018483827931836977
672.0	0.018160495238521243
673.0	0.01783949372441926
674.0	0.0175219169215301
675.0	0.01721092683275141
676.0	0.016902249647793282
677.0	0.0165959203981376
678.0	0.016291959050458087
679.0	0.01599039608668326
680.0	0.0156912557317604
681.0	0.015394567585955869
682.0	0.015105753268919952
683.0	0.014820687125858288
684.0	0.014538025128072783
685.0	0.014257792198750516
686.0	0.013980007563273762
687.0	0.013704692467737398
688.0	0.01343186759975054
689.0	0.013161632349247896
690.0	0.012894239311697421
691.0	0.012629386701345023
692.0	0.012367090570305835
693.0	0.012107376276113914
694.0	0.011850256360937254
695.0	0.011595745376575144
696.0	0.011343864567918145
697.0	0.011094235696501621
698.0	0.010846880811496307
699.0	0.010602206475911638
700.0	0.010360225805826113
701.0	0.010120960329297268
702.0	0.009884417716332911
703.0	0.00965061405867131
704.0	0.009419564874579053
705.0	0.009190124692220821
706.0	0.00896235222847302
707.0	0.008737430349050107
708.0	0.008515363446675169
709.0	0.008296165693292206
710.0	0.008079852632987855
711.0	0.007866423504316931
712.0	0.007655894252038714
713.0	0.0074517967769362784
714.0	0.007255736278346899
715.0	0.007062368145246561
716.0	0.006871702247399398
717.0	0.006683742524877045
718.0	0.006498496286527616
719.0	0.006315975805387366
720.0	0.006136182176191432
721.0	0.005958160288120643
722.0	0.0057791067031741725
723.0	0.005602939636079929
724.0	0.005429661877925039
725.0	0.005259278489304567
726.0	0.005091794841054876
727.0	0.00492721515561249
728.0	0.004765539312286808
729.0	0.004606774012161958
730.0	0.004454366930431923
731.0	0.004306212216155883
732.0	0.004160812805030883
733.0	0.004018169315637066
734.0	0.0038782863998063047
735.0	0.003741164018181688
736.0	0.0036068019186343836
737.0	0.003475203674843328
738.0	0.0033463670815782687
739.0	0.0032167453399156304
740.0	0.0030900206037435887
741.0	0.0029661945587824146
742.0	0.002845266408535822
743.0	0.0027272322203799586
744.0	0.002612093593817677
745.0	0.0024998457812584252
746.0	0.0023904899784573126
747.0	0.002284238936105388
748.0	0.002182764632914642
749.0	0.0020840687224181766
750.0	0.0019881502450710214
751.0	0.0018950047073942856
752.0	0.0018046284692249095
753.0	0.0017170167067040905
754.0	0.0016321662223698792
755.0	0.001550072778111444
756.0	0.0014707317228394164
757.0	0.001394874593713792
758.0	0.0013217583492122005
759.0	0.001251378606674001
760.0	0.0011837319893697876
761.0	0.00111881298361921
762.0	0.0010566153708394528
763.0	0.0009971353695446342
764.0	0.0009403665702976822
765.0	0.0008863040420168908
766.0	0.0008352098748204267
767.0	0.0007868737152506324
768.0	0.0007411688280204997
769.0	0.0006980865179170252
770.0	0.0006576201946305298
771.0	0.000619764101248217
772.0	0.0005845092642741156
773.0	0.0005518499915357965
774.0	0.0005217784925770588
775.0	0.0004941752224850594
776.0	0.00046820422788392707
777.0	0.00044490949026235784
778.0	0.0004242820084560645
779.0	0.000406312307120285
780.0	0.0003909914316711277
781.0	0.00037831108923678565
782.0	0.00036826110922698346
783.0	0.0003608321578325634
784.0	0.00035601528390573567
785.0	0.00035388352262735864
786.0	0.00035448153254418195
787.0	0.0003575725866019158
788.0	0.000363146801037325
789.0	0.0003711947302480024
790.0	0.00038170553463476206
791.0	0.00039466949944687714
792.0	0.00041007633890107603
793.0	0.00042791570866252304
794.0	0.00044817732734581367
795.0	0.00047090175022263816
796.0	0.0004962775991104288
797.0	0.0005241145651312351
798.0	0.0005544017080384782
799.0	0.0005871279949443796
800.0	0.0006222819503252808
801.0	0.0006598517333473088
802.0	0.0006998266662949772
803.0	0.0007421952023735031
804.0	0.0007869453458006899
805.0	0.0008340652473136423
806.0	0.0008831277160688254
807.0	0.0009343945783981436
808.0	0.0009878953802627208
809.0	0.0010436188753269026
810.0	0.0011015543011536253
811.0	0.0011616896562474006
812.0	0.0012240141018689864
813.0	0.0012885156722221853
814.0	0.0013551827946569936
815.0	0.0014240044504414326
816.0	0.0014938070878827115
817.0	0.0015629188273607708
818.0	0.0016339819942001682
819.0	0.0017069802387638963
820.0	0.0017819034778555766
821.0	0.0018587393292065144
822.0	0.0019374758784550066
823.0	0.002018098225338254
824.0	0.0021005957930931873
825.0	0.002184956642405729
826.0	0.0022711664084744754
827.0	0.002361253658177685
828.0	0.0024563396039187727
829.0	0.0025533973507889107
830.0	0.0026524154886413093
831.0	0.0027533834793276465
832.0	0.0028562884601448656
833.0	0.0029611209070491856
834.0	0.0030678678597359393
835.0	0.0031765187412384063
836.0	0.0032870620205499284
837.0	0.003399484080852194
838.0	0.003513774767576429
839.0	0.0036299235794929876
840.0	0.003747917254706561
841.0	0.0038677452015060112
842.0	0.003989394628153384
843.0	0.004112854948942246
844.0	0.0042381127122344125
845.0	0.004365158513965623
846.0	0.004493978842611134
847.0	0.0046245631398680025
848.0	0.004756899666200139
849.0	0.004890974134300116
850.0	0.005026776624134336
851.0	0.005164296619160909
852.0	0.005303521733611543
853.0	0.0054444388505376674
854.0	0.005587036139802324
855.0	0.005731304539778914
856.0	0.005877226052991067
857.0	0.006024797172816623
858.0	0.006173999817287731
859.0	0.006324826485622781
860.0	0.0064772625128905375
861.0	0.006631296084745454
862.0	0.0067869146860996075
863.0	0.006944110991915176
864.0	0.00710286951643819
865.0	0.007263178477724796
866.0	0.007425029280477207
867.0	0.007588407061003744
868.0	0.007753297696485436
869.0	0.007919695819858925
870.0	0.008087587414699646
871.0	0.008256959152490204
872.0	0.00842779934470958
873.0	0.008600099743510638
874.0	0.00877384281435541
875.0	0.008949021950263784
876.0	0.009125624797413147
877.0	0.009303639811582665
878.0	0.009483053671554817
879.0	0.009663856638895933
880.0	0.009846032725656277
881.0	0.010029579449440953
882.0	0.010214477181209906
883.0	0.010400718174976297
884.0	0.010588291047164059
885.0	0.01077718443987489
886.0	0.010967382265944157
887.0	0.011158880443399535
888.0	0.011351663535076656
889.0	0.01154572192198486
890.0	0.011741044384915598
891.0	0.011937617723950784
892.0	0.012135429785825122
893.0	0.01233447332067577
894.0	0.01253473629348338
895.0	0.012736207638792772
896.0	0.012938874235530981
897.0	0.01314272714076453
898.0	0.01334775227017021
899.0	0.013553942768664595
900.0	0.01376128674768548
