Source : TiO2_Si_Sputtering_50min_muestra2_sincinta.Z1.13h 53mn 55s
Spectrum : 1

Wavelength	Psi	Delta

829.9594	8.318	168.705
829.5408	8.391	168.654
829.1221	8.370	168.603
828.7034	8.437	168.654
828.2845	8.376	168.614
827.8656	8.397	168.584
827.4465	8.397	168.549
827.0275	8.389	168.478
826.6082	8.412	168.488
826.1889	8.408	168.477
825.7695	8.379	168.478
825.3500	8.323	168.435
824.9305	8.307	168.436
824.5108	8.321	168.452
824.0911	8.320	168.387
823.6713	8.320	168.324
823.2513	8.312	168.297
822.8313	8.303	168.348
822.4112	8.312	168.315
821.9910	8.332	168.367
821.5707	8.306	168.345
821.1503	8.295	168.386
820.7299	8.320	168.398
820.3093	8.341	168.427
819.8886	8.342	168.430
819.4679	8.344	168.422
819.0471	8.361	168.432
818.6262	8.373	168.428
818.2051	8.382	168.368
817.7841	8.402	168.331
817.3629	8.395	168.372
816.9416	8.421	168.383
816.5202	8.436	168.392
816.0988	8.457	168.389
815.6772	8.475	168.332
815.2556	8.467	168.379
814.8338	8.477	168.365
814.4120	8.487	168.345
813.9901	8.495	168.390
813.5681	8.503	168.406
813.1460	8.503	168.368
812.7238	8.502	168.382
812.3015	8.525	168.366
811.8792	8.508	168.417
811.4567	8.512	168.405
811.0341	8.515	168.393
810.6115	8.519	168.479
810.1888	8.517	168.451
809.7659	8.530	168.426
809.3430	8.536	168.398
808.9200	8.545	168.372
808.4969	8.552	168.324
808.0738	8.550	168.292
807.6505	8.553	168.286
807.2271	8.555	168.310
806.8036	8.566	168.265
806.3802	8.577	168.251
805.9564	8.587	168.226
805.5327	8.597	168.235
805.1089	8.608	168.183
804.6850	8.621	168.163
804.2610	8.623	168.154
803.8369	8.632	168.159
803.4127	8.644	168.158
802.9884	8.650	168.139
802.5640	8.658	168.142
802.1396	8.656	168.125
801.7150	8.657	168.124
801.2903	8.667	168.106
800.8657	8.666	168.120
800.4408	8.660	168.121
800.0159	8.666	168.122
799.5909	8.671	168.078
799.1658	8.680	168.070
798.7406	8.689	168.047
798.3153	8.704	168.059
797.8899	8.721	168.029
797.4644	8.729	167.997
797.0389	8.744	167.984
796.6132	8.754	167.975
796.1875	8.755	167.983
795.7617	8.765	167.916
795.3357	8.771	167.879
794.9097	8.782	167.836
794.4836	8.785	167.782
794.0574	8.790	167.789
793.6310	8.798	167.776
793.2047	8.806	167.751
792.7782	8.809	167.744
792.3516	8.815	167.741
791.9249	8.816	167.757
791.4982	8.829	167.718
791.0714	8.836	167.697
790.6444	8.842	167.684
790.2173	8.840	167.688
789.7902	8.847	167.662
789.3630	8.850	167.631
788.9357	8.859	167.628
788.5083	8.860	167.611
788.0807	8.858	167.632
787.6532	8.864	167.575
787.2256	8.860	167.586
786.7977	8.857	167.530
786.3699	8.864	167.518
785.9419	8.866	167.510
785.5139	8.870	167.496
785.0857	8.873	167.470
784.6575	8.879	167.415
784.2291	8.878	167.424
783.8007	8.880	167.424
783.3722	8.884	167.391
782.9435	8.892	167.357
782.5148	8.899	167.338
782.0861	8.894	167.375
781.6573	8.894	167.375
781.2282	8.899	167.357
780.7991	8.898	167.415
780.3698	8.902	167.449
779.9407	8.902	167.456
779.5113	8.901	167.477
779.0818	8.911	167.472
778.6523	8.922	167.432
778.2227	8.932	167.406
777.7930	8.934	167.403
777.3632	8.942	167.394
776.9332	8.949	167.373
776.5032	8.953	167.354
776.0731	8.956	167.373
775.6429	8.960	167.339
775.2126	8.964	167.349
774.7822	8.970	167.347
774.3517	8.971	167.363
773.9212	8.975	167.361
773.4905	8.978	167.394
773.0598	8.985	167.419
772.6289	8.992	167.445
772.1980	9.003	167.443
771.7669	9.004	167.433
771.3358	9.005	167.455
770.9046	9.008	167.456
770.4733	9.014	167.451
770.0419	9.017	167.466
769.6104	9.024	167.486
769.1787	9.029	167.503
768.7471	9.026	167.532
768.3152	9.037	167.552
767.8834	9.048	167.534
767.4514	9.055	167.494
767.0193	9.061	167.512
766.5872	9.068	167.502
766.1549	9.073	167.507
765.7224	9.078	167.542
765.2901	9.083	167.568
764.8575	9.090	167.590
764.4249	9.100	167.584
763.9922	9.111	167.606
763.5593	9.119	167.609
763.1264	9.126	167.630
762.6934	9.132	167.599
762.2603	9.135	167.598
761.8271	9.138	167.603
761.3938	9.140	167.607
760.9604	9.147	167.567
760.5269	9.154	167.551
760.0933	9.163	167.577
759.6597	9.172	167.573
759.2259	9.174	167.581
758.7921	9.180	167.618
758.3581	9.186	167.631
757.9240	9.186	167.620
757.4900	9.192	167.629
757.0556	9.195	167.634
756.6213	9.203	167.646
756.1868	9.211	167.626
755.7523	9.212	167.633
755.3177	9.218	167.620
754.8830	9.219	167.632
754.4482	9.221	167.625
754.0132	9.226	167.635
753.5782	9.234	167.615
753.1432	9.239	167.624
752.7079	9.244	167.628
752.2726	9.248	167.631
751.8373	9.251	167.637
751.4018	9.261	167.590
750.9662	9.267	167.589
750.5306	9.270	167.594
750.0948	9.276	167.587
749.6589	9.283	167.589
749.2230	9.287	167.598
748.7869	9.290	167.617
748.3508	9.297	167.593
747.9146	9.303	167.615
747.4782	9.305	167.647
747.0417	9.308	167.658
746.6052	9.312	167.666
746.1686	9.321	167.641
745.7319	9.330	167.638
745.2950	9.336	167.653
744.8582	9.346	167.608
744.4211	9.349	167.611
743.9841	9.354	167.616
743.5468	9.358	167.605
743.1096	9.362	167.595
742.6722	9.366	167.616
742.2347	9.365	167.613
741.7971	9.368	167.600
741.3594	9.369	167.608
740.9215	9.370	167.631
740.4838	9.374	167.654
740.0458	9.376	167.689
739.6077	9.377	167.747
739.1696	9.380	167.759
738.7313	9.384	167.781
738.2930	9.388	167.783
737.8545	9.391	167.781
737.4160	9.398	167.779
736.9773	9.399	167.784
736.5386	9.401	167.800
736.0996	9.401	167.814
735.6608	9.404	167.843
735.2218	9.408	167.856
734.7827	9.405	167.900
734.3434	9.408	167.893
733.9041	9.412	167.897
733.4647	9.411	167.912
733.0252	9.411	167.936
732.5856	9.420	167.917
732.1459	9.421	167.922
731.7061	9.418	167.927
731.2662	9.418	167.960
730.8261	9.416	167.972
730.3861	9.413	168.006
729.9459	9.415	167.996
729.5057	9.413	168.003
729.0653	9.419	167.979
728.6248	9.419	167.975
728.1843	9.416	168.011
727.7436	9.415	168.021
727.3028	9.413	168.040
726.8619	9.416	168.024
726.4210	9.415	168.040
725.9799	9.417	168.055
725.5388	9.418	168.045
725.0975	9.421	168.029
724.6562	9.422	168.054
724.2147	9.420	168.079
723.7732	9.419	168.085
723.3315	9.418	168.111
722.8898	9.421	168.118
722.4479	9.421	168.132
722.0060	9.421	168.129
721.5640	9.427	168.119
721.1218	9.427	168.128
720.6796	9.428	168.127
720.2373	9.430	168.116
719.7949	9.429	168.115
719.3524	9.433	168.110
718.9097	9.432	168.114
718.4670	9.433	168.093
718.0242	9.441	168.081
717.5813	9.443	168.063
717.1383	9.445	168.061
716.6952	9.448	168.044
716.2520	9.450	168.033
715.8087	9.456	168.000
715.3653	9.459	167.983
714.9218	9.459	167.999
714.4782	9.462	168.008
714.0345	9.468	167.986
713.5907	9.473	167.978
713.1469	9.474	167.960
712.7028	9.474	167.939
712.2588	9.480	167.927
711.8146	9.487	167.935
711.3703	9.493	167.907
710.9259	9.500	167.880
710.4814	9.504	167.865
710.0369	9.510	167.859
709.5922	9.516	167.859
709.1474	9.521	167.858
708.7026	9.527	167.842
708.2576	9.532	167.833
707.8125	9.537	167.828
707.3674	9.544	167.811
706.9221	9.552	167.789
706.4767	9.558	167.772
706.0313	9.564	167.741
705.5857	9.572	167.737
705.1401	9.581	167.735
704.6943	9.586	167.731
704.2484	9.592	167.715
703.8025	9.598	167.701
703.3564	9.605	167.668
702.9103	9.615	167.646
702.4641	9.623	167.620
702.0177	9.630	167.608
701.5712	9.637	167.593
701.1247	9.646	167.592
700.6780	9.651	167.597
700.2313	9.657	167.594
699.7844	9.663	167.587
699.3375	9.672	167.577
698.8904	9.678	167.557
698.4433	9.686	167.552
697.9961	9.695	167.523
697.5488	9.701	167.527
697.1013	9.706	167.515
696.6537	9.712	167.511
696.2061	9.721	167.504
695.7584	9.727	167.506
695.3105	9.734	167.486
694.8626	9.740	167.477
694.4146	9.747	167.458
693.9664	9.755	167.451
693.5182	9.767	167.451
693.0699	9.775	167.475
692.6215	9.786	167.469
692.1729	9.793	167.473
691.7243	9.799	167.490
691.2756	9.808	167.473
690.8267	9.815	167.462
690.3778	9.824	167.449
689.9288	9.831	167.447
689.4797	9.840	167.438
689.0304	9.846	167.425
688.5811	9.854	167.425
688.1317	9.860	167.413
687.6821	9.866	167.406
687.2325	9.875	167.389
686.7828	9.881	167.385
686.3329	9.889	167.383
685.8830	9.896	167.385
685.4330	9.906	167.370
684.9828	9.915	167.372
684.5327	9.920	167.365
684.0823	9.927	167.353
683.6319	9.936	167.346
683.1813	9.942	167.341
682.7307	9.950	167.331
682.2800	9.956	167.328
681.8292	9.964	167.328
681.3782	9.971	167.329
680.9272	9.973	167.325
680.4761	9.980	167.328
680.0248	9.984	167.324
679.5735	9.991	167.317
679.1221	9.995	167.324
678.6705	10.001	167.324
678.2189	10.006	167.332
677.7672	10.011	167.317
677.3154	10.016	167.315
676.8634	10.022	167.321
676.4114	10.024	167.317
675.9592	10.030	167.311
675.5070	10.036	167.302
675.0547	10.041	167.295
674.6022	10.043	167.288
674.1497	10.047	167.283
673.6971	10.049	167.286
673.2443	10.054	167.291
672.7915	10.058	167.278
672.3386	10.060	167.272
671.8855	10.064	167.257
671.4324	10.066	167.250
670.9791	10.072	167.241
670.5258	10.076	167.224
670.0723	10.079	167.211
669.6188	10.081	167.213
669.1651	10.084	167.211
668.7114	10.088	167.210
668.2575	10.088	167.212
667.8035	10.092	167.198
667.3495	10.096	167.188
666.8953	10.099	167.188
666.4411	10.102	167.178
665.9868	10.105	167.177
665.5323	10.109	167.168
665.0777	10.112	167.156
664.6230	10.115	167.153
664.1683	10.118	167.166
663.7134	10.120	167.163
663.2584	10.123	167.149
662.8034	10.126	167.144
662.3482	10.130	167.141
661.8929	10.133	167.140
661.4376	10.136	167.135
660.9821	10.137	167.131
660.5265	10.141	167.132
660.0708	10.144	167.130
659.6151	10.148	167.124
659.1592	10.153	167.116
658.7032	10.157	167.102
658.2471	10.159	167.092
657.7909	10.161	167.084
657.3346	10.166	167.085
656.8782	10.171	167.098
656.4218	10.174	167.089
655.9651	10.178	167.081
655.5084	10.181	167.066
655.0516	10.183	167.069
654.5947	10.186	167.069
654.1377	10.190	167.063
653.6806	10.193	167.064
653.2234	10.196	167.065
652.7661	10.201	167.075
652.3087	10.205	167.067
651.8511	10.208	167.066
651.3936	10.214	167.061
650.9358	10.220	167.064
650.4780	10.226	167.070
650.0201	10.233	167.080
649.5620	10.237	167.085
649.1039	10.241	167.088
648.6457	10.244	167.071
648.1873	10.251	167.064
647.7289	10.255	167.057
647.2703	10.259	167.049
646.8117	10.263	167.042
646.3530	10.269	167.039
645.8941	10.271	167.040
645.4351	10.274	167.034
644.9761	10.280	167.043
644.5169	10.283	167.035
644.0577	10.288	167.020
643.5983	10.291	167.013
643.1389	10.297	167.012
642.6793	10.300	167.003
642.2196	10.302	166.997
641.7598	10.308	166.997
641.2999	10.313	166.978
640.8400	10.319	166.971
640.3799	10.323	166.963
639.9197	10.329	166.953
639.4594	10.333	166.943
638.9990	10.336	166.931
638.5385	10.340	166.926
638.0779	10.341	166.917
637.6172	10.344	166.908
637.1564	10.347	166.909
636.6954	10.351	166.901
636.2344	10.356	166.885
635.7733	10.359	166.872
635.3121	10.360	166.860
634.8508	10.364	166.846
634.3893	10.369	166.831
633.9278	10.377	166.828
633.4662	10.387	166.811
633.0044	10.391	166.809
632.5425	10.393	166.809
632.0806	10.397	166.804
631.6186	10.394	166.801
631.1564	10.397	166.806
630.6942	10.395	166.790
630.2318	10.396	166.769
629.7693	10.390	166.763
629.3068	10.396	166.750
628.8441	10.392	166.741
628.3813	10.402	166.737
627.9184	10.408	166.733
627.4554	10.419	166.746
626.9923	10.421	166.726
626.5291	10.415	166.732
626.0658	10.415	166.719
625.6024	10.418	166.718
625.1389	10.422	166.763
624.6753	10.426	166.774
624.2115	10.419	166.808
623.7477	10.417	166.831
623.2838	10.431	166.866
622.8198	10.437	166.878
622.3557	10.436	166.785
621.8914	10.435	166.703
621.4271	10.433	166.613
620.9626	10.424	166.506
620.4980	10.407	166.414
620.0334	10.406	166.321
619.5687	10.412	166.221
619.1038	10.407	166.143
618.6388	10.398	166.060
618.1737	10.398	165.985
617.7086	10.388	165.908
617.2433	10.382	165.832
616.7779	10.379	165.759
616.3124	10.374	165.700
615.8468	10.363	165.648
615.3810	10.362	165.578
614.9153	10.352	165.524
614.4492	10.344	165.468
613.9833	10.338	165.430
613.5172	10.334	165.385
613.0510	10.332	165.348
612.5847	10.329	165.318
612.1182	10.328	165.291
611.6516	10.326	165.255
611.1850	10.325	165.233
610.7183	10.324	165.209
610.2514	10.324	165.191
609.7844	10.323	165.173
609.3173	10.326	165.159
608.8502	10.330	165.156
608.3829	10.332	165.167
607.9156	10.336	165.170
607.4480	10.343	165.178
606.9804	10.350	165.196
606.5127	10.358	165.204
606.0449	10.366	165.220
605.5770	10.373	165.247
605.1089	10.384	165.265
604.6408	10.394	165.281
604.1726	10.408	165.312
603.7042	10.422	165.343
603.2358	10.436	165.378
602.7673	10.449	165.424
602.2986	10.460	165.472
601.8298	10.472	165.510
601.3610	10.485	165.558
600.8920	10.500	165.606
600.4229	10.515	165.655
599.9537	10.532	165.707
599.4844	10.550	165.763
599.0150	10.569	165.824
598.5455	10.587	165.881
598.0759	10.605	165.934
597.6062	10.622	165.998
597.1364	10.641	166.063
596.6664	10.663	166.121
596.1964	10.681	166.200
595.7263	10.702	166.275
595.2560	10.719	166.346
594.7857	10.734	166.427
594.3152	10.751	166.493
593.8447	10.770	166.560
593.3741	10.788	166.627
592.9032	10.811	166.685
592.4323	10.833	166.741
591.9613	10.860	166.807
591.4902	10.886	166.871
591.0190	10.917	166.930
590.5477	10.937	166.993
590.0763	10.968	167.052
589.6048	10.983	167.113
589.1331	11.002	167.174
588.6614	11.012	167.203
588.1896	11.029	167.258
587.7176	11.054	167.282
587.2455	11.077	167.312
586.7734	11.094	167.329
586.3011	11.107	167.287
585.8287	11.115	167.264
585.3563	11.136	167.194
584.8837	11.155	167.122
584.4109	11.152	167.019
583.9382	11.155	166.904
583.4652	11.164	166.878
582.9922	11.172	166.836
582.5191	11.179	166.804
582.0458	11.191	166.789
581.5725	11.209	166.768
581.0991	11.213	166.747
580.6255	11.210	166.746
580.1519	11.216	166.721
579.6780	11.225	166.707
579.2042	11.226	166.692
578.7303	11.236	166.676
578.2561	11.242	166.673
577.7819	11.243	166.662
577.3076	11.245	166.641
576.8332	11.257	166.617
576.3586	11.259	166.617
575.8840	11.270	166.607
575.4093	11.280	166.602
574.9344	11.290	166.584
574.4595	11.298	166.583
573.9844	11.302	166.577
573.5092	11.309	166.567
573.0339	11.316	166.553
572.5586	11.323	166.544
572.0831	11.330	166.536
571.6075	11.339	166.526
571.1318	11.349	166.522
570.6559	11.360	166.517
570.1801	11.369	166.517
569.7040	11.375	166.512
569.2278	11.388	166.500
568.7516	11.397	166.495
568.2753	11.406	166.491
567.7989	11.414	166.481
567.3222	11.421	166.476
566.8455	11.431	166.466
566.3687	11.441	166.457
565.8918	11.449	166.460
565.4149	11.459	166.463
564.9377	11.466	166.462
564.4605	11.473	166.466
563.9832	11.478	166.462
563.5057	11.486	166.456
563.0282	11.493	166.449
562.5505	11.503	166.447
562.0728	11.512	166.451
561.5948	11.520	166.449
561.1169	11.528	166.443
560.6388	11.536	166.435
560.1606	11.544	166.437
559.6823	11.551	166.430
559.2039	11.558	166.426
558.7253	11.565	166.425
558.2467	11.575	166.427
557.7679	11.585	166.422
557.2891	11.595	166.426
556.8102	11.605	166.419
556.3311	11.614	166.417
555.8519	11.623	166.426
555.3726	11.632	166.418
554.8932	11.640	166.415
554.4137	11.648	166.410
553.9341	11.657	166.411
553.4543	11.667	166.408
552.9745	11.675	166.404
552.4946	11.682	166.408
552.0145	11.689	166.410
551.5345	11.699	166.408
551.0541	11.706	166.414
550.5737	11.713	166.414
550.0933	11.722	166.411
549.6126	11.730	166.403
549.1320	11.737	166.403
548.6511	11.745	166.397
548.1702	11.753	166.389
547.6891	11.760	166.389
547.2080	11.768	166.395
546.7267	11.775	166.402
546.2454	11.783	166.408
545.7639	11.791	166.412
545.2823	11.798	166.409
544.8007	11.805	166.407
544.3188	11.813	166.407
543.8369	11.821	166.409
543.3549	11.827	166.410
542.8728	11.831	166.410
542.3905	11.836	166.415
541.9082	11.843	166.408
541.4257	11.851	166.409
540.9431	11.857	166.406
540.4604	11.862	166.417
539.9777	11.869	166.412
539.4948	11.875	166.407
539.0118	11.883	166.408
538.5286	11.888	166.405
538.0454	11.893	166.409
537.5621	11.899	166.408
537.0786	11.904	166.398
536.5950	11.909	166.392
536.1114	11.915	166.392
535.6276	11.922	166.390
535.1437	11.928	166.389
534.6597	11.934	166.384
534.1756	11.943	166.372
533.6913	11.948	166.361
533.2070	11.957	166.358
532.7226	11.965	166.358
532.2380	11.972	166.350
531.7534	11.982	166.344
531.2686	11.990	166.347
530.7837	11.998	166.340
530.2987	12.005	166.343
529.8136	12.014	166.339
529.3284	12.022	166.340
528.8430	12.030	166.340
528.3576	12.040	166.334
527.8720	12.049	166.322
527.3864	12.057	166.318
526.9006	12.067	166.317
526.4147	12.078	166.320
525.9287	12.088	166.318
525.4426	12.098	166.318
524.9564	12.109	166.310
524.4700	12.120	166.302
523.9836	12.134	166.288
523.4971	12.146	166.279
523.0104	12.159	166.268
522.5236	12.170	166.273
522.0367	12.183	166.260
521.5497	12.196	166.257
521.0626	12.208	166.259
520.5754	12.223	166.257
520.0881	12.239	166.245
519.6006	12.252	166.247
519.1131	12.265	166.242
518.6254	12.284	166.237
518.1377	12.297	166.231
517.6498	12.311	166.223
517.1618	12.321	166.227
516.6737	12.335	166.228
516.1855	12.351	166.229
515.6971	12.367	166.217
515.2087	12.379	166.214
514.7202	12.394	166.222
514.2314	12.411	166.229
513.7427	12.424	166.231
513.2538	12.441	166.227
512.7648	12.455	166.220
512.2757	12.470	166.214
511.7864	12.488	166.206
511.2971	12.503	166.199
510.8076	12.517	166.201
510.3181	12.534	166.189
509.8284	12.543	166.191
509.3386	12.553	166.195
508.8488	12.568	166.191
508.3587	12.584	166.189
507.8686	12.597	166.193
507.3784	12.610	166.190
506.8880	12.620	166.180
506.3976	12.633	166.161
505.9070	12.643	166.141
505.4163	12.660	166.137
504.9255	12.677	166.131
504.4346	12.692	166.116
503.9436	12.703	166.105
503.4525	12.712	166.091
502.9612	12.726	166.076
502.4698	12.740	166.068
501.9784	12.754	166.050
501.4868	12.766	166.042
500.9951	12.778	166.034
500.5033	12.793	166.021
500.0114	12.806	165.999
499.5193	12.820	165.984
499.0272	12.832	165.969
498.5349	12.844	165.955
498.0426	12.857	165.943
497.5501	12.871	165.927
497.0575	12.888	165.904
496.5648	12.905	165.889
496.0720	12.920	165.869
495.5790	12.933	165.852
495.0860	12.948	165.822
494.5928	12.961	165.799
494.0995	12.976	165.779
493.6062	12.990	165.763
493.1127	13.004	165.747
492.6190	13.020	165.723
492.1253	13.036	165.698
491.6315	13.050	165.675
491.1375	13.062	165.652
490.6435	13.078	165.621
490.1493	13.094	165.604
489.6550	13.109	165.578
489.1606	13.125	165.552
488.6661	13.140	165.526
488.1714	13.159	165.491
487.6767	13.174	165.463
487.1818	13.193	165.442
486.6869	13.210	165.415
486.1918	13.228	165.391
485.6966	13.241	165.361
485.2013	13.261	165.332
484.7058	13.277	165.298
484.2103	13.292	165.272
483.7146	13.312	165.242
483.2189	13.330	165.223
482.7230	13.349	165.199
482.2270	13.364	165.176
481.7309	13.380	165.138
481.2346	13.395	165.113
480.7383	13.411	165.086
480.2419	13.430	165.059
479.7453	13.447	165.038
479.2486	13.462	165.018
478.7518	13.477	164.996
478.2549	13.493	164.976
477.7579	13.506	164.957
477.2608	13.521	164.938
476.7635	13.535	164.928
476.2662	13.553	164.907
475.7687	13.571	164.889
475.2711	13.585	164.867
474.7734	13.598	164.851
474.2756	13.617	164.838
473.7776	13.628	164.814
473.2796	13.639	164.789
472.7814	13.651	164.763
472.2831	13.660	164.747
471.7848	13.672	164.736
471.2863	13.688	164.723
470.7876	13.698	164.709
470.2889	13.711	164.704
469.7900	13.726	164.687
469.2911	13.735	164.692
468.7920	13.753	164.678
468.2928	13.771	164.670
467.7935	13.784	164.665
467.2941	13.800	164.659
466.7945	13.819	164.655
466.2949	13.836	164.651
465.7951	13.851	164.649
465.2952	13.865	164.661
464.7952	13.885	164.679
464.2951	13.898	164.684
463.7949	13.908	164.692
463.2946	13.916	164.703
462.7941	13.929	164.710
462.2935	13.943	164.717
461.7928	13.954	164.724
461.2921	13.968	164.732
460.7911	13.981	164.737
460.2901	13.999	164.744
459.7889	14.015	164.754
459.2877	14.031	164.767
458.7863	14.047	164.767
458.2848	14.064	164.770
457.7832	14.077	164.783
457.2815	14.091	164.796
456.7796	14.110	164.811
456.2777	14.131	164.825
455.7756	14.144	164.841
455.2734	14.168	164.864
454.7711	14.188	164.880
454.2687	14.210	164.893
453.7662	14.232	164.899
453.2635	14.256	164.903
452.7608	14.279	164.906
452.2579	14.303	164.909
451.7549	14.328	164.911
451.2518	14.353	164.913
450.7485	14.379	164.914
450.2452	14.405	164.914

