Source : Fit
Spectrum : 1

Wavelength	Psi	Delta

829.9594	8.822	168.897
829.5408	8.824	168.888
829.1221	8.825	168.879
828.7034	8.827	168.870
828.2845	8.828	168.861
827.8656	8.830	168.852
827.4465	8.832	168.842
827.0275	8.833	168.833
826.6082	8.835	168.824
826.1889	8.836	168.817
825.7695	8.838	168.810
825.3500	8.839	168.803
824.9305	8.841	168.797
824.5108	8.842	168.790
824.0911	8.844	168.783
823.6713	8.846	168.776
823.2513	8.847	168.770
822.8313	8.849	168.763
822.4112	8.850	168.756
821.9910	8.852	168.749
821.5707	8.854	168.742
821.1503	8.855	168.735
820.7299	8.857	168.729
820.3093	8.858	168.722
819.8886	8.860	168.715
819.4679	8.861	168.708
819.0471	8.863	168.701
818.6262	8.865	168.695
818.2051	8.866	168.688
817.7841	8.868	168.681
817.3629	8.870	168.674
816.9416	8.871	168.667
816.5202	8.873	168.660
816.0988	8.874	168.654
815.6772	8.876	168.647
815.2556	8.878	168.642
814.8338	8.880	168.637
814.4120	8.882	168.631
813.9901	8.885	168.626
813.5681	8.887	168.621
813.1460	8.889	168.616
812.7238	8.891	168.611
812.3015	8.893	168.606
811.8792	8.895	168.600
811.4567	8.897	168.595
811.0341	8.899	168.590
810.6115	8.902	168.585
810.1888	8.904	168.580
809.7659	8.907	168.574
809.3430	8.909	168.569
808.9200	8.912	168.563
808.4969	8.914	168.558
808.0738	8.917	168.552
807.6505	8.920	168.547
807.2271	8.922	168.542
806.8036	8.925	168.536
806.3802	8.928	168.531
805.9564	8.930	168.525
805.5327	8.933	168.520
805.1089	8.936	168.514
804.6850	8.938	168.509
804.2610	8.941	168.503
803.8369	8.944	168.498
803.4127	8.946	168.493
802.9884	8.949	168.487
802.5640	8.952	168.482
802.1396	8.954	168.476
801.7150	8.957	168.471
801.2903	8.960	168.465
800.8657	8.962	168.460
800.4408	8.965	168.454
800.0159	8.968	168.449
799.5909	8.970	168.443
799.1658	8.971	168.437
798.7406	8.972	168.431
798.3153	8.974	168.424
797.8899	8.975	168.418
797.4644	8.977	168.412
797.0389	8.978	168.406
796.6132	8.979	168.400
796.1875	8.981	168.394
795.7617	8.982	168.387
795.3357	8.983	168.381
794.9097	8.985	168.375
794.4836	8.986	168.370
794.0574	8.988	168.366
793.6310	8.989	168.362
793.2047	8.991	168.358
792.7782	8.992	168.354
792.3516	8.994	168.350
791.9249	8.995	168.346
791.4982	8.997	168.342
791.0714	8.998	168.338
790.6444	9.000	168.334
790.2173	9.001	168.330
789.7902	9.003	168.326
789.3630	9.004	168.322
788.9357	9.006	168.317
788.5083	9.008	168.313
788.0807	9.010	168.308
787.6532	9.012	168.303
787.2256	9.014	168.299
786.7977	9.016	168.294
786.3699	9.018	168.290
785.9419	9.020	168.285
785.5139	9.023	168.281
785.0857	9.025	168.276
784.6575	9.027	168.272
784.2291	9.029	168.266
783.8007	9.032	168.261
783.3722	9.034	168.256
782.9435	9.037	168.251
782.5148	9.039	168.246
782.0861	9.042	168.241
781.6573	9.045	168.236
781.2282	9.047	168.231
780.7991	9.050	168.225
780.3698	9.052	168.220
779.9407	9.055	168.215
779.5113	9.057	168.208
779.0818	9.060	168.198
778.6523	9.062	168.189
778.2227	9.065	168.179
777.7930	9.067	168.170
777.3632	9.070	168.160
776.9332	9.072	168.151
776.5032	9.075	168.141
776.0731	9.077	168.132
775.6429	9.080	168.122
775.2126	9.082	168.113
774.7822	9.085	168.105
774.3517	9.087	168.100
773.9212	9.089	168.095
773.4905	9.092	168.091
773.0598	9.094	168.086
772.6289	9.096	168.081
772.1980	9.099	168.077
771.7669	9.101	168.072
771.3358	9.103	168.068
770.9046	9.105	168.063
770.4733	9.108	168.058
770.0419	9.110	168.054
769.6104	9.112	168.049
769.1787	9.115	168.045
768.7471	9.117	168.040
768.3152	9.119	168.036
767.8834	9.122	168.031
767.4514	9.124	168.026
767.0193	9.126	168.022
766.5872	9.129	168.017
766.1549	9.131	168.013
765.7224	9.133	168.008
765.2901	9.136	168.004
764.8575	9.138	167.999
764.4249	9.141	167.994
763.9922	9.144	167.989
763.5593	9.147	167.984
763.1264	9.149	167.979
762.6934	9.152	167.974
762.2603	9.155	167.969
761.8271	9.158	167.964
761.3938	9.160	167.959
760.9604	9.163	167.954
760.5269	9.166	167.948
760.0933	9.169	167.938
759.6597	9.172	167.928
759.2259	9.175	167.918
758.7921	9.178	167.908
758.3581	9.181	167.898
757.9240	9.184	167.888
757.4900	9.187	167.878
757.0556	9.190	167.868
756.6213	9.194	167.858
756.1868	9.197	167.849
755.7523	9.200	167.841
755.3177	9.203	167.836
754.8830	9.206	167.831
754.4482	9.209	167.825
754.0132	9.213	167.820
753.5782	9.216	167.815
753.1432	9.219	167.810
752.7079	9.222	167.804
752.2726	9.226	167.799
751.8373	9.229	167.794
751.4018	9.232	167.788
750.9662	9.235	167.784
750.5306	9.238	167.779
750.0948	9.241	167.774
749.6589	9.244	167.769
749.2230	9.247	167.764
748.7869	9.250	167.759
748.3508	9.253	167.754
747.9146	9.256	167.749
747.4782	9.259	167.745
747.0417	9.262	167.740
746.6052	9.265	167.735
746.1686	9.268	167.730
745.7319	9.271	167.725
745.2950	9.274	167.720
744.8582	9.277	167.716
744.4211	9.280	167.711
743.9841	9.283	167.706
743.5468	9.286	167.701
743.1096	9.289	167.697
742.6722	9.292	167.692
742.2347	9.295	167.685
741.7971	9.298	167.676
741.3594	9.301	167.667
740.9215	9.303	167.658
740.4838	9.306	167.649
740.0458	9.308	167.640
739.6077	9.311	167.631
739.1696	9.314	167.622
738.7313	9.316	167.613
738.2930	9.319	167.604
737.8545	9.321	167.596
737.4160	9.324	167.592
736.9773	9.326	167.588
736.5386	9.329	167.584
736.0996	9.331	167.580
735.6608	9.334	167.576
735.2218	9.336	167.572
734.7827	9.339	167.568
734.3434	9.341	167.564
733.9041	9.344	167.560
733.4647	9.346	167.554
733.0252	9.348	167.546
732.5856	9.351	167.539
732.1459	9.353	167.531
731.7061	9.356	167.523
731.2662	9.358	167.515
730.8261	9.360	167.507
730.3861	9.363	167.499
729.9459	9.365	167.491
729.5057	9.367	167.483
729.0653	9.371	167.477
728.6248	9.374	167.472
728.1843	9.378	167.467
727.7436	9.382	167.462
727.3028	9.386	167.457
726.8619	9.390	167.452
726.4210	9.393	167.447
725.9799	9.397	167.442
725.5388	9.401	167.437
725.0975	9.405	167.432
724.6562	9.409	167.427
724.2147	9.413	167.421
723.7732	9.416	167.416
723.3315	9.420	167.411
722.8898	9.424	167.406
722.4479	9.428	167.401
722.0060	9.432	167.395
721.5640	9.436	167.390
721.1218	9.439	167.385
720.6796	9.443	167.380
720.2373	9.447	167.376
719.7949	9.450	167.371
719.3524	9.454	167.367
718.9097	9.457	167.362
718.4670	9.461	167.358
718.0242	9.465	167.354
717.5813	9.468	167.349
717.1383	9.472	167.345
716.6952	9.475	167.341
716.2520	9.479	167.337
715.8087	9.482	167.333
715.3653	9.485	167.329
714.9218	9.488	167.325
714.4782	9.492	167.321
714.0345	9.495	167.317
713.5907	9.498	167.314
713.1469	9.502	167.310
712.7028	9.505	167.306
712.2588	9.508	167.302
711.8146	9.512	167.299
711.3703	9.515	167.295
710.9259	9.518	167.291
710.4814	9.522	167.288
710.0369	9.525	167.284
709.5922	9.528	167.280
709.1474	9.532	167.277
708.7026	9.535	167.273
708.2576	9.539	167.267
707.8125	9.542	167.257
707.3674	9.546	167.248
706.9221	9.550	167.239
706.4767	9.554	167.229
706.0313	9.557	167.220
705.5857	9.561	167.211
705.1401	9.565	167.202
704.6943	9.569	167.192
704.2484	9.573	167.186
703.8025	9.577	167.181
703.3564	9.581	167.177
702.9103	9.585	167.173
702.4641	9.589	167.169
702.0177	9.593	167.165
701.5712	9.597	167.161
701.1247	9.601	167.157
700.6780	9.605	167.153
700.2313	9.609	167.149
699.7844	9.613	167.143
699.3375	9.617	167.138
698.8904	9.621	167.133
698.4433	9.625	167.128
697.9961	9.630	167.123
697.5488	9.634	167.118
697.1013	9.638	167.112
696.6537	9.642	167.107
696.2061	9.647	167.102
695.7584	9.651	167.097
695.3105	9.655	167.092
694.8626	9.660	167.086
694.4146	9.664	167.081
693.9664	9.669	167.076
693.5182	9.673	167.071
693.0699	9.678	167.065
692.6215	9.682	167.060
692.1729	9.687	167.056
691.7243	9.691	167.051
691.2756	9.696	167.047
690.8267	9.700	167.042
690.3778	9.705	167.037
689.9288	9.709	167.033
689.4797	9.714	167.028
689.0304	9.718	167.024
688.5811	9.723	167.020
688.1317	9.727	167.016
687.6821	9.731	167.012
687.2325	9.735	167.008
686.7828	9.739	167.004
686.3329	9.743	167.001
685.8830	9.748	166.997
685.4330	9.752	166.993
684.9828	9.756	166.990
684.5327	9.760	166.986
684.0823	9.764	166.982
683.6319	9.768	166.979
683.1813	9.773	166.975
682.7307	9.777	166.972
682.2800	9.781	166.968
681.8292	9.785	166.964
681.3782	9.789	166.961
680.9272	9.794	166.957
680.4761	9.799	166.953
680.0248	9.803	166.949
679.5735	9.808	166.945
679.1221	9.812	166.941
678.6705	9.817	166.937
678.2189	9.822	166.933
677.7672	9.826	166.930
677.3154	9.831	166.926
676.8634	9.836	166.921
676.4114	9.842	166.917
675.9592	9.847	166.912
675.5070	9.852	166.908
675.0547	9.857	166.904
674.6022	9.862	166.900
674.1497	9.867	166.895
673.6971	9.872	166.891
673.2443	9.877	166.887
672.7915	9.883	166.883
672.3386	9.888	166.879
671.8855	9.893	166.875
671.4324	9.898	166.871
670.9791	9.903	166.866
670.5258	9.909	166.862
670.0723	9.914	166.859
669.6188	9.918	166.856
669.1651	9.923	166.853
668.7114	9.928	166.850
668.2575	9.933	166.848
667.8035	9.938	166.845
667.3495	9.942	166.843
666.8953	9.947	166.840
666.4411	9.952	166.837
665.9868	9.957	166.833
665.5323	9.962	166.830
665.0777	9.966	166.826
664.6230	9.971	166.822
664.1683	9.976	166.818
663.7134	9.981	166.815
663.2584	9.986	166.811
662.8034	9.990	166.808
662.3482	9.995	166.804
661.8929	10.000	166.800
661.4376	10.005	166.797
660.9821	10.010	166.793
660.5265	10.014	166.790
660.0708	10.019	166.786
659.6151	10.024	166.783
659.1592	10.029	166.780
658.7032	10.034	166.776
658.2471	10.039	166.772
657.7909	10.044	166.769
657.3346	10.048	166.766
656.8782	10.053	166.762
656.4218	10.058	166.759
655.9651	10.063	166.755
655.5084	10.068	166.752
655.0516	10.073	166.749
654.5947	10.078	166.746
654.1377	10.083	166.743
653.6806	10.087	166.740
653.2234	10.092	166.737
652.7661	10.097	166.734
652.3087	10.102	166.730
651.8511	10.107	166.727
651.3936	10.112	166.723
650.9358	10.117	166.719
650.4780	10.122	166.716
650.0201	10.128	166.712
649.5620	10.133	166.709
649.1039	10.138	166.706
648.6457	10.143	166.702
648.1873	10.148	166.699
647.7289	10.153	166.695
647.2703	10.158	166.692
646.8117	10.163	166.689
646.3530	10.168	166.686
645.8941	10.173	166.683
645.4351	10.179	166.679
644.9761	10.185	166.676
644.5169	10.190	166.672
644.0577	10.196	166.668
643.5983	10.202	166.665
643.1389	10.207	166.661
642.6793	10.213	166.658
642.2196	10.219	166.654
641.7598	10.225	166.650
641.2999	10.231	166.647
640.8400	10.238	166.642
640.3799	10.244	166.639
639.9197	10.250	166.635
639.4594	10.256	166.631
638.9990	10.263	166.627
638.5385	10.269	166.624
638.0779	10.275	166.620
637.6172	10.282	166.616
637.1564	10.288	166.613
636.6954	10.294	166.609
636.2344	10.301	166.606
635.7733	10.307	166.603
635.3121	10.312	166.601
634.8508	10.318	166.600
634.3893	10.323	166.599
633.9278	10.328	166.598
633.4662	10.334	166.597
633.0044	10.339	166.596
632.5425	10.345	166.595
632.0806	10.350	166.594
631.6186	10.356	166.594
631.1564	10.361	166.593
630.6942	10.367	166.592
630.2318	10.372	166.591
629.7693	10.378	166.591
629.3068	10.383	166.590
628.8441	10.389	166.589
628.3813	10.394	166.587
627.9184	10.400	166.586
627.4554	10.405	166.585
626.9923	10.411	166.583
626.5291	10.416	166.582
626.0658	10.422	166.580
625.6024	10.427	166.578
625.1389	10.433	166.576
624.6753	10.438	166.574
624.2115	10.444	166.572
623.7477	10.449	166.570
623.2838	10.455	166.568
622.8198	10.461	166.566
622.3557	10.466	166.564
621.8914	10.472	166.562
621.4271	10.477	166.561
620.9626	10.483	166.559
620.4980	10.488	166.557
620.0334	10.494	166.555
619.5687	10.500	166.553
619.1038	10.507	166.549
618.6388	10.513	166.546
618.1737	10.520	166.543
617.7086	10.527	166.539
617.2433	10.533	166.536
616.7779	10.540	166.533
616.3124	10.547	166.530
615.8468	10.553	166.527
615.3810	10.560	166.524
614.9153	10.566	166.521
614.4492	10.573	166.518
613.9833	10.580	166.515
613.5172	10.587	166.513
613.0510	10.593	166.510
612.5847	10.600	166.508
612.1182	10.607	166.506
611.6516	10.614	166.504
611.1850	10.621	166.502
610.7183	10.628	166.500
610.2514	10.635	166.498
609.7844	10.642	166.497
609.3173	10.649	166.495
608.8502	10.656	166.494
608.3829	10.663	166.493
607.9156	10.670	166.491
607.4480	10.677	166.490
606.9804	10.684	166.489
606.5127	10.691	166.488
606.0449	10.698	166.487
605.5770	10.705	166.486
605.1089	10.712	166.485
604.6408	10.719	166.484
604.1726	10.727	166.482
603.7042	10.734	166.481
603.2358	10.741	166.480
602.7673	10.748	166.479
602.2986	10.756	166.478
601.8298	10.763	166.477
601.3610	10.770	166.477
600.8920	10.777	166.476
600.4229	10.784	166.475
599.9537	10.792	166.474
599.4844	10.799	166.474
599.0150	10.806	166.473
598.5455	10.813	166.471
598.0759	10.821	166.470
597.6062	10.828	166.468
597.1364	10.835	166.466
596.6664	10.842	166.465
596.1964	10.849	166.463
595.7263	10.856	166.460
595.2560	10.863	166.458
594.7857	10.870	166.455
594.3152	10.878	166.452
593.8447	10.885	166.450
593.3741	10.892	166.447
592.9032	10.899	166.445
592.4323	10.906	166.442
591.9613	10.913	166.440
591.4902	10.920	166.437
591.0190	10.927	166.435
590.5477	10.934	166.433
590.0763	10.942	166.433
589.6048	10.949	166.435
589.1331	10.956	166.437
588.6614	10.964	166.439
588.1896	10.971	166.441
587.7176	10.978	166.444
587.2455	10.986	166.446
586.7734	10.993	166.448
586.3011	11.000	166.450
585.8287	11.008	166.453
585.3563	11.015	166.455
584.8837	11.022	166.457
584.4109	11.030	166.458
583.9382	11.038	166.459
583.4652	11.046	166.460
582.9922	11.054	166.460
582.5191	11.061	166.461
582.0458	11.069	166.462
581.5725	11.077	166.461
581.0991	11.085	166.460
580.6255	11.094	166.459
580.1519	11.102	166.458
579.6780	11.110	166.457
579.2042	11.118	166.457
578.7303	11.126	166.456
578.2561	11.135	166.455
577.7819	11.143	166.455
577.3076	11.151	166.454
576.8332	11.159	166.454
576.3586	11.168	166.452
575.8840	11.177	166.449
575.4093	11.186	166.446
574.9344	11.195	166.444
574.4595	11.204	166.441
573.9844	11.212	166.439
573.5092	11.221	166.437
573.0339	11.230	166.434
572.5586	11.239	166.432
572.0831	11.248	166.430
571.6075	11.257	166.428
571.1318	11.266	166.427
570.6559	11.274	166.427
570.1801	11.283	166.427
569.7040	11.291	166.428
569.2278	11.300	166.428
568.7516	11.308	166.429
568.2753	11.317	166.432
567.7989	11.325	166.435
567.3222	11.333	166.438
566.8455	11.341	166.441
566.3687	11.350	166.445
565.8918	11.358	166.448
565.4149	11.366	166.451
564.9377	11.375	166.455
564.4605	11.383	166.458
563.9832	11.391	166.462
563.5057	11.400	166.465
563.0282	11.409	166.462
562.5505	11.418	166.459
562.0728	11.427	166.456
561.5948	11.437	166.453
561.1169	11.446	166.450
560.6388	11.455	166.448
560.1606	11.464	166.445
559.6823	11.474	166.443
559.2039	11.483	166.440
558.7253	11.492	166.438
558.2467	11.502	166.435
557.7679	11.511	166.433
557.2891	11.520	166.431
556.8102	11.530	166.429
556.3311	11.539	166.426
555.8519	11.548	166.424
555.3726	11.557	166.422
554.8932	11.567	166.421
554.4137	11.576	166.419
553.9341	11.586	166.417
553.4543	11.595	166.415
552.9745	11.604	166.413
552.4946	11.614	166.412
552.0145	11.623	166.410
551.5345	11.632	166.409
551.0541	11.642	166.407
550.5737	11.651	166.407
550.0933	11.660	166.407
549.6126	11.670	166.407
549.1320	11.679	166.406
548.6511	11.688	166.406
548.1702	11.697	166.406
547.6891	11.707	166.406
547.2080	11.716	166.406
546.7267	11.725	166.407
546.2454	11.735	166.407
545.7639	11.744	166.408
545.2823	11.753	166.409
544.8007	11.762	166.410
544.3188	11.772	166.412
543.8369	11.781	166.413
543.3549	11.790	166.416
542.8728	11.799	166.418
542.3905	11.808	166.420
541.9082	11.817	166.423
541.4257	11.826	166.425
540.9431	11.835	166.428
540.4604	11.845	166.431
539.9777	11.854	166.433
539.4948	11.863	166.436
539.0118	11.872	166.438
538.5286	11.883	166.432
538.0454	11.894	166.427
537.5621	11.905	166.421
537.0786	11.916	166.415
536.5950	11.927	166.410
536.1114	11.938	166.404
535.6276	11.949	166.399
535.1437	11.961	166.393
534.6597	11.972	166.388
534.1756	11.982	166.384
533.6913	11.993	166.380
533.2070	12.003	166.377
532.7226	12.014	166.374
532.2380	12.025	166.371
531.7534	12.035	166.369
531.2686	12.045	166.368
530.7837	12.055	166.367
530.2987	12.065	166.367
529.8136	12.075	166.366
529.3284	12.085	166.365
528.8430	12.095	166.364
528.3576	12.105	166.364
527.8720	12.115	166.363
527.3864	12.126	166.361
526.9006	12.137	166.358
526.4147	12.148	166.356
525.9287	12.158	166.353
525.4426	12.169	166.350
524.9564	12.180	166.347
524.4700	12.191	166.344
523.9836	12.202	166.342
523.4971	12.213	166.339
523.0104	12.223	166.336
522.5236	12.235	166.332
522.0367	12.246	166.329
521.5497	12.257	166.325
521.0626	12.268	166.321
520.5754	12.280	166.317
520.0881	12.291	166.312
519.6006	12.303	166.307
519.1131	12.314	166.302
518.6254	12.326	166.298
518.1377	12.337	166.293
517.6498	12.349	166.288
517.1618	12.360	166.284
516.6737	12.372	166.279
516.1855	12.384	166.274
515.6971	12.395	166.269
515.2087	12.407	166.264
514.7202	12.419	166.259
514.2314	12.431	166.254
513.7427	12.443	166.249
513.2538	12.455	166.244
512.7648	12.466	166.239
512.2757	12.478	166.234
511.7864	12.490	166.229
511.2971	12.502	166.223
510.8076	12.513	166.217
510.3181	12.525	166.212
509.8284	12.537	166.205
509.3386	12.548	166.199
508.8488	12.560	166.192
508.3587	12.571	166.186
507.8686	12.583	166.179
507.3784	12.594	166.173
506.8880	12.606	166.166
506.3976	12.617	166.160
505.9070	12.629	166.153
505.4163	12.642	166.144
504.9255	12.655	166.136
504.4346	12.667	166.127
503.9436	12.680	166.118
503.4525	12.693	166.109
502.9612	12.705	166.101
502.4698	12.718	166.092
501.9784	12.731	166.083
501.4868	12.743	166.075
500.9951	12.756	166.066
500.5033	12.768	166.057
500.0114	12.781	166.048
499.5193	12.794	166.040
499.0272	12.806	166.031
498.5349	12.819	166.022
498.0426	12.831	166.013
497.5501	12.844	166.005
497.0575	12.857	165.996
496.5648	12.869	165.987
496.0720	12.882	165.979
495.5790	12.894	165.969
495.0860	12.907	165.959
494.5928	12.919	165.949
494.0995	12.932	165.939
493.6062	12.944	165.929
493.1127	12.957	165.919
492.6190	12.970	165.910
492.1253	12.982	165.900
491.6315	12.995	165.888
491.1375	13.009	165.875
490.6435	13.022	165.863
490.1493	13.036	165.850
489.6550	13.050	165.835
489.1606	13.064	165.820
488.6661	13.078	165.805
488.1714	13.093	165.789
487.6767	13.107	165.774
487.1818	13.121	165.759
486.6869	13.135	165.744
486.1918	13.149	165.728
485.6966	13.164	165.711
485.2013	13.179	165.694
484.7058	13.194	165.677
484.2103	13.209	165.660
483.7146	13.224	165.642
483.2189	13.239	165.625
482.7230	13.254	165.608
482.2270	13.269	165.591
481.7309	13.284	165.572
481.2346	13.299	165.554
480.7383	13.314	165.535
480.2419	13.329	165.517
479.7453	13.345	165.497
479.2486	13.360	165.478
478.7518	13.375	165.458
478.2549	13.391	165.439
477.7579	13.406	165.419
477.2608	13.421	165.400
476.7635	13.437	165.380
476.2662	13.453	165.359
475.7687	13.468	165.337
475.2711	13.484	165.316
474.7734	13.500	165.294
474.2756	13.516	165.273
473.7776	13.532	165.252
473.2796	13.548	165.230
472.7814	13.564	165.207
472.2831	13.580	165.184
471.7848	13.595	165.162
471.2863	13.611	165.138
470.7876	13.627	165.113
470.2889	13.643	165.089
469.7900	13.659	165.065
469.2911	13.675	165.040
468.7920	13.691	165.016
468.2928	13.707	164.991
467.7935	13.722	164.966
467.2941	13.739	164.936
466.7945	13.755	164.907
466.2949	13.772	164.877
465.7951	13.788	164.848
465.2952	13.805	164.818
464.7952	13.821	164.788
464.2951	13.837	164.759
463.7949	13.855	164.728
463.2946	13.872	164.698
462.7941	13.889	164.667
462.2935	13.907	164.635
461.7928	13.925	164.604
461.2921	13.943	164.572
460.7911	13.961	164.540
460.2901	13.979	164.509
459.7889	13.997	164.477
459.2877	14.015	164.445
458.7863	14.033	164.411
458.2848	14.052	164.375
457.7832	14.070	164.340
457.2815	14.089	164.305
456.7796	14.107	164.269
456.2777	14.126	164.234
455.7756	14.144	164.199
455.2734	14.163	164.161
454.7711	14.182	164.122
454.2687	14.201	164.085
453.7662	14.220	164.045
453.2635	14.239	164.004
452.7608	14.258	163.963
452.2579	14.278	163.922
451.7549	14.297	163.882
451.2518	14.316	163.841
450.7485	14.335	163.799
450.2452	14.356	163.751

