Source : Fit
Spectrum : 1

Wavelength	Psi	Delta

829.9594	9.206	168.666
829.5408	9.210	168.662
829.1221	9.214	168.657
828.7034	9.217	168.653
828.2845	9.221	168.648
827.8656	9.225	168.643
827.4465	9.229	168.639
827.0275	9.232	168.634
826.6082	9.236	168.629
826.1889	9.240	168.623
825.7695	9.243	168.616
825.3500	9.247	168.610
824.9305	9.250	168.604
824.5108	9.254	168.597
824.0911	9.257	168.590
823.6713	9.261	168.584
823.2513	9.264	168.577
822.8313	9.268	168.571
822.4112	9.271	168.564
821.9910	9.275	168.557
821.5707	9.278	168.550
821.1503	9.282	168.544
820.7299	9.285	168.537
820.3093	9.289	168.530
819.8886	9.292	168.523
819.4679	9.296	168.516
819.0471	9.300	168.509
818.6262	9.303	168.502
818.2051	9.307	168.495
817.7841	9.310	168.488
817.3629	9.314	168.481
816.9416	9.317	168.474
816.5202	9.321	168.466
816.0988	9.325	168.459
815.6772	9.328	168.452
815.2556	9.331	168.446
814.8338	9.334	168.440
814.4120	9.337	168.434
813.9901	9.341	168.428
813.5681	9.344	168.422
813.1460	9.347	168.416
812.7238	9.350	168.410
812.3015	9.353	168.404
811.8792	9.356	168.398
811.4567	9.359	168.392
811.0341	9.362	168.386
810.6115	9.366	168.380
810.1888	9.369	168.375
809.7659	9.372	168.371
809.3430	9.375	168.367
808.9200	9.377	168.364
808.4969	9.380	168.360
808.0738	9.383	168.356
807.6505	9.386	168.352
807.2271	9.389	168.349
806.8036	9.392	168.345
806.3802	9.395	168.341
805.9564	9.398	168.337
805.5327	9.401	168.333
805.1089	9.404	168.329
804.6850	9.407	168.325
804.2610	9.410	168.322
803.8369	9.413	168.318
803.4127	9.416	168.314
802.9884	9.419	168.310
802.5640	9.422	168.306
802.1396	9.425	168.302
801.7150	9.428	168.298
801.2903	9.432	168.294
800.8657	9.435	168.290
800.4408	9.438	168.286
800.0159	9.441	168.281
799.5909	9.444	168.273
799.1658	9.448	168.262
798.7406	9.452	168.251
798.3153	9.456	168.241
797.8899	9.460	168.230
797.4644	9.464	168.219
797.0389	9.468	168.208
796.6132	9.472	168.197
796.1875	9.476	168.187
795.7617	9.480	168.176
795.3357	9.483	168.165
794.9097	9.487	168.153
794.4836	9.491	168.142
794.0574	9.495	168.130
793.6310	9.498	168.118
793.2047	9.502	168.106
792.7782	9.505	168.094
792.3516	9.509	168.082
791.9249	9.513	168.070
791.4982	9.516	168.058
791.0714	9.520	168.046
790.6444	9.524	168.034
790.2173	9.527	168.021
789.7902	9.531	168.009
789.3630	9.534	167.999
788.9357	9.538	167.990
788.5083	9.541	167.980
788.0807	9.545	167.971
787.6532	9.548	167.962
787.2256	9.551	167.952
786.7977	9.555	167.943
786.3699	9.558	167.933
785.9419	9.562	167.923
785.5139	9.565	167.914
785.0857	9.569	167.904
784.6575	9.572	167.895
784.2291	9.575	167.888
783.8007	9.579	167.882
783.3722	9.582	167.875
782.9435	9.585	167.868
782.5148	9.589	167.862
782.0861	9.592	167.855
781.6573	9.595	167.848
781.2282	9.599	167.841
780.7991	9.602	167.835
780.3698	9.606	167.828
779.9407	9.609	167.821
779.5113	9.613	167.815
779.0818	9.617	167.809
778.6523	9.621	167.803
778.2227	9.625	167.797
777.7930	9.629	167.791
777.3632	9.633	167.785
776.9332	9.637	167.779
776.5032	9.641	167.773
776.0731	9.645	167.767
775.6429	9.649	167.761
775.2126	9.653	167.755
774.7822	9.657	167.748
774.3517	9.661	167.738
773.9212	9.664	167.729
773.4905	9.668	167.719
773.0598	9.671	167.710
772.6289	9.675	167.700
772.1980	9.678	167.691
771.7669	9.682	167.681
771.3358	9.685	167.671
770.9046	9.689	167.662
770.4733	9.692	167.652
770.0419	9.696	167.642
769.6104	9.699	167.633
769.1787	9.703	167.623
768.7471	9.707	167.613
768.3152	9.710	167.603
767.8834	9.714	167.593
767.4514	9.717	167.584
767.0193	9.721	167.574
766.5872	9.724	167.564
766.1549	9.728	167.554
765.7224	9.731	167.544
765.2901	9.735	167.534
764.8575	9.738	167.526
764.4249	9.742	167.519
763.9922	9.745	167.511
763.5593	9.749	167.503
763.1264	9.752	167.495
762.6934	9.756	167.488
762.2603	9.759	167.480
761.8271	9.763	167.472
761.3938	9.767	167.464
760.9604	9.770	167.456
760.5269	9.774	167.449
760.0933	9.778	167.444
759.6597	9.782	167.439
759.2259	9.786	167.434
758.7921	9.791	167.429
758.3581	9.795	167.423
757.9240	9.799	167.418
757.4900	9.803	167.413
757.0556	9.808	167.407
756.6213	9.812	167.402
756.1868	9.816	167.396
755.7523	9.820	167.391
755.3177	9.823	167.385
754.8830	9.827	167.379
754.4482	9.831	167.373
754.0132	9.834	167.366
753.5782	9.838	167.360
753.1432	9.841	167.354
752.7079	9.845	167.348
752.2726	9.848	167.342
751.8373	9.852	167.336
751.4018	9.856	167.330
750.9662	9.859	167.322
750.5306	9.863	167.314
750.0948	9.867	167.306
749.6589	9.870	167.298
749.2230	9.874	167.290
748.7869	9.878	167.282
748.3508	9.881	167.274
747.9146	9.885	167.266
747.4782	9.888	167.258
747.0417	9.892	167.249
746.6052	9.896	167.241
746.1686	9.899	167.233
745.7319	9.903	167.225
745.2950	9.907	167.217
744.8582	9.911	167.209
744.4211	9.914	167.200
743.9841	9.918	167.192
743.5468	9.922	167.184
743.1096	9.925	167.175
742.6722	9.929	167.167
742.2347	9.933	167.158
741.7971	9.937	167.148
741.3594	9.942	167.137
740.9215	9.946	167.127
740.4838	9.951	167.116
740.0458	9.955	167.106
739.6077	9.960	167.095
739.1696	9.964	167.085
738.7313	9.969	167.074
738.2930	9.973	167.064
737.8545	9.977	167.052
737.4160	9.981	167.040
736.9773	9.985	167.027
736.5386	9.989	167.015
736.0996	9.992	167.002
735.6608	9.996	166.989
735.2218	10.000	166.977
734.7827	10.003	166.964
734.3434	10.007	166.951
733.9041	10.011	166.939
733.4647	10.015	166.926
733.0252	10.019	166.913
732.5856	10.024	166.900
732.1459	10.028	166.887
731.7061	10.032	166.873
731.2662	10.037	166.860
730.8261	10.041	166.847
730.3861	10.045	166.834
729.9459	10.050	166.821
729.5057	10.054	166.807
729.0653	10.058	166.798
728.6248	10.062	166.793
728.1843	10.066	166.787
727.7436	10.069	166.781
727.3028	10.073	166.775
726.8619	10.077	166.769
726.4210	10.081	166.764
725.9799	10.085	166.758
725.5388	10.088	166.752
725.0975	10.092	166.746
724.6562	10.096	166.740
724.2147	10.100	166.734
723.7732	10.104	166.728
723.3315	10.108	166.722
722.8898	10.112	166.716
722.4479	10.115	166.710
722.0060	10.119	166.704
721.5640	10.123	166.698
721.1218	10.127	166.691
720.6796	10.131	166.685
720.2373	10.135	166.677
719.7949	10.139	166.669
719.3524	10.143	166.661
718.9097	10.146	166.653
718.4670	10.150	166.645
718.0242	10.154	166.637
717.5813	10.158	166.629
717.1383	10.162	166.621
716.6952	10.166	166.613
716.2520	10.169	166.603
715.8087	10.173	166.594
715.3653	10.177	166.584
714.9218	10.181	166.574
714.4782	10.185	166.564
714.0345	10.188	166.554
713.5907	10.192	166.544
713.1469	10.196	166.534
712.7028	10.200	166.524
712.2588	10.203	166.514
711.8146	10.207	166.504
711.3703	10.211	166.495
710.9259	10.215	166.485
710.4814	10.219	166.475
710.0369	10.222	166.465
709.5922	10.226	166.455
709.1474	10.230	166.445
708.7026	10.234	166.435
708.2576	10.238	166.426
707.8125	10.243	166.417
707.3674	10.247	166.409
706.9221	10.252	166.401
706.4767	10.257	166.392
706.0313	10.262	166.384
705.5857	10.266	166.375
705.1401	10.271	166.367
704.6943	10.276	166.358
704.2484	10.280	166.350
703.8025	10.284	166.343
703.3564	10.288	166.336
702.9103	10.292	166.329
702.4641	10.296	166.322
702.0177	10.300	166.315
701.5712	10.304	166.308
701.1247	10.308	166.300
700.6780	10.312	166.293
700.2313	10.316	166.287
699.7844	10.320	166.280
699.3375	10.324	166.274
698.8904	10.329	166.267
698.4433	10.333	166.261
697.9961	10.337	166.254
697.5488	10.341	166.248
697.1013	10.345	166.241
696.6537	10.350	166.235
696.2061	10.354	166.229
695.7584	10.358	166.223
695.3105	10.363	166.218
694.8626	10.367	166.212
694.4146	10.371	166.207
693.9664	10.376	166.201
693.5182	10.380	166.196
693.0699	10.384	166.190
692.6215	10.389	166.184
692.1729	10.393	166.179
691.7243	10.397	166.174
691.2756	10.402	166.168
690.8267	10.406	166.163
690.3778	10.410	166.157
689.9288	10.414	166.152
689.4797	10.419	166.146
689.0304	10.423	166.141
688.5811	10.427	166.134
688.1317	10.431	166.127
687.6821	10.436	166.119
687.2325	10.440	166.112
686.7828	10.444	166.104
686.3329	10.448	166.097
685.8830	10.452	166.089
685.4330	10.456	166.082
684.9828	10.460	166.074
684.5327	10.464	166.066
684.0823	10.469	166.059
683.6319	10.473	166.051
683.1813	10.477	166.044
682.7307	10.481	166.036
682.2800	10.485	166.029
681.8292	10.489	166.022
681.3782	10.493	166.014
680.9272	10.498	166.008
680.4761	10.502	166.002
680.0248	10.506	165.997
679.5735	10.511	165.992
679.1221	10.515	165.986
678.6705	10.520	165.981
678.2189	10.524	165.975
677.7672	10.528	165.970
677.3154	10.533	165.965
676.8634	10.537	165.962
676.4114	10.542	165.958
675.9592	10.547	165.955
675.5070	10.551	165.951
675.0547	10.556	165.948
674.6022	10.561	165.944
674.1497	10.565	165.941
673.6971	10.570	165.937
673.2443	10.575	165.934
672.7915	10.579	165.930
672.3386	10.584	165.927
671.8855	10.589	165.923
671.4324	10.594	165.920
670.9791	10.598	165.916
670.5258	10.603	165.913
670.0723	10.608	165.909
669.6188	10.612	165.904
669.1651	10.616	165.898
668.7114	10.621	165.893
668.2575	10.625	165.888
667.8035	10.630	165.883
667.3495	10.634	165.878
666.8953	10.638	165.873
666.4411	10.643	165.868
665.9868	10.648	165.862
665.5323	10.652	165.856
665.0777	10.657	165.851
664.6230	10.661	165.845
664.1683	10.666	165.839
663.7134	10.670	165.834
663.2584	10.675	165.828
662.8034	10.680	165.823
662.3482	10.684	165.817
661.8929	10.689	165.811
661.4376	10.693	165.805
660.9821	10.698	165.800
660.5265	10.703	165.794
660.0708	10.707	165.788
659.6151	10.712	165.783
659.1592	10.716	165.777
658.7032	10.721	165.772
658.2471	10.726	165.766
657.7909	10.730	165.760
657.3346	10.735	165.755
656.8782	10.740	165.749
656.4218	10.744	165.744
655.9651	10.749	165.738
655.5084	10.753	165.733
655.0516	10.758	165.727
654.5947	10.763	165.722
654.1377	10.767	165.717
653.6806	10.772	165.711
653.2234	10.777	165.706
652.7661	10.781	165.701
652.3087	10.786	165.696
651.8511	10.791	165.691
651.3936	10.795	165.686
650.9358	10.800	165.681
650.4780	10.805	165.676
650.0201	10.810	165.671
649.5620	10.815	165.666
649.1039	10.820	165.661
648.6457	10.824	165.657
648.1873	10.829	165.652
647.7289	10.834	165.647
647.2703	10.839	165.643
646.8117	10.844	165.638
646.3530	10.848	165.633
645.8941	10.853	165.629
645.4351	10.858	165.626
644.9761	10.864	165.623
644.5169	10.869	165.621
644.0577	10.874	165.618
643.5983	10.879	165.616
643.1389	10.884	165.613
642.6793	10.890	165.611
642.2196	10.895	165.609
641.7598	10.901	165.609
641.2999	10.907	165.608
640.8400	10.912	165.607
640.3799	10.918	165.607
639.9197	10.924	165.606
639.4594	10.929	165.606
638.9990	10.935	165.605
638.5385	10.941	165.605
638.0779	10.947	165.604
637.6172	10.952	165.604
637.1564	10.958	165.603
636.6954	10.964	165.602
636.2344	10.970	165.602
635.7733	10.976	165.601
635.3121	10.980	165.599
634.8508	10.985	165.597
634.3893	10.990	165.594
633.9278	10.995	165.592
633.4662	11.000	165.590
633.0044	11.005	165.588
632.5425	11.010	165.586
632.0806	11.015	165.585
631.6186	11.020	165.583
631.1564	11.025	165.581
630.6942	11.030	165.580
630.2318	11.035	165.578
629.7693	11.040	165.577
629.3068	11.045	165.576
628.8441	11.050	165.574
628.3813	11.055	165.572
627.9184	11.060	165.570
627.4554	11.065	165.569
626.9923	11.070	165.567
626.5291	11.075	165.566
626.0658	11.080	165.564
625.6024	11.086	165.562
625.1389	11.091	165.560
624.6753	11.096	165.558
624.2115	11.101	165.556
623.7477	11.106	165.554
623.2838	11.112	165.553
622.8198	11.117	165.551
622.3557	11.122	165.550
621.8914	11.127	165.548
621.4271	11.133	165.547
620.9626	11.138	165.546
620.4980	11.143	165.545
620.0334	11.148	165.544
619.5687	11.154	165.544
619.1038	11.161	165.544
618.6388	11.167	165.545
618.1737	11.173	165.546
617.7086	11.180	165.547
617.2433	11.186	165.547
616.7779	11.192	165.548
616.3124	11.199	165.549
615.8468	11.205	165.550
615.3810	11.211	165.551
614.9153	11.218	165.552
614.4492	11.224	165.553
613.9833	11.230	165.554
613.5172	11.237	165.556
613.0510	11.243	165.558
612.5847	11.250	165.560
612.1182	11.256	165.562
611.6516	11.263	165.564
611.1850	11.269	165.566
610.7183	11.276	165.569
610.2514	11.283	165.572
609.7844	11.289	165.575
609.3173	11.296	165.578
608.8502	11.303	165.582
608.3829	11.309	165.585
607.9156	11.316	165.588
607.4480	11.323	165.592
606.9804	11.330	165.595
606.5127	11.337	165.599
606.0449	11.343	165.602
605.5770	11.350	165.606
605.1089	11.357	165.610
604.6408	11.364	165.614
604.1726	11.371	165.617
603.7042	11.378	165.621
603.2358	11.385	165.625
602.7673	11.392	165.629
602.2986	11.399	165.633
601.8298	11.406	165.637
601.3610	11.413	165.642
600.8920	11.420	165.646
600.4229	11.428	165.650
599.9537	11.435	165.655
599.4844	11.442	165.659
599.0150	11.449	165.664
598.5455	11.456	165.667
598.0759	11.463	165.670
597.6062	11.471	165.674
597.1364	11.478	165.677
596.6664	11.485	165.681
596.1964	11.492	165.685
595.7263	11.500	165.687
595.2560	11.507	165.690
594.7857	11.514	165.692
594.3152	11.521	165.695
593.8447	11.529	165.698
593.3741	11.536	165.701
592.9032	11.543	165.704
592.4323	11.551	165.707
591.9613	11.558	165.710
591.4902	11.565	165.713
591.0190	11.573	165.717
590.5477	11.580	165.720
590.0763	11.587	165.727
589.6048	11.595	165.734
589.1331	11.602	165.742
588.6614	11.610	165.750
588.1896	11.617	165.758
587.7176	11.625	165.766
587.2455	11.633	165.774
586.7734	11.640	165.782
586.3011	11.648	165.790
585.8287	11.656	165.799
585.3563	11.664	165.807
584.8837	11.671	165.816
584.4109	11.679	165.823
583.9382	11.688	165.831
583.4652	11.696	165.838
582.9922	11.704	165.846
582.5191	11.713	165.853
582.0458	11.721	165.861
581.5725	11.730	165.867
581.0991	11.739	165.873
580.6255	11.748	165.879
580.1519	11.756	165.885
579.6780	11.765	165.891
579.2042	11.774	165.898
578.7303	11.783	165.904
578.2561	11.792	165.911
577.7819	11.801	165.917
577.3076	11.810	165.924
576.8332	11.819	165.930
576.3586	11.829	165.936
575.8840	11.839	165.940
575.4093	11.848	165.945
574.9344	11.858	165.949
574.4595	11.868	165.954
573.9844	11.878	165.959
573.5092	11.888	165.963
573.0339	11.897	165.968
572.5586	11.907	165.973
572.0831	11.917	165.978
571.6075	11.927	165.983
571.1318	11.937	165.989
570.6559	11.947	165.996
570.1801	11.957	166.004
569.7040	11.966	166.011
569.2278	11.976	166.019
568.7516	11.986	166.027
568.2753	11.996	166.037
567.7989	12.005	166.047
567.3222	12.015	166.057
566.8455	12.025	166.068
566.3687	12.035	166.078
565.8918	12.045	166.089
565.4149	12.054	166.100
564.9377	12.064	166.111
564.4605	12.074	166.122
563.9832	12.085	166.133
563.5057	12.095	166.143
563.0282	12.106	166.147
562.5505	12.116	166.152
562.0728	12.127	166.156
561.5948	12.138	166.160
561.1169	12.149	166.164
560.6388	12.160	166.169
560.1606	12.171	166.173
559.6823	12.182	166.178
559.2039	12.193	166.182
558.7253	12.204	166.187
558.2467	12.215	166.192
557.7679	12.226	166.197
557.2891	12.237	166.201
556.8102	12.248	166.206
556.3311	12.259	166.211
555.8519	12.271	166.216
555.3726	12.282	166.221
554.8932	12.293	166.226
554.4137	12.305	166.232
553.9341	12.316	166.237
553.4543	12.328	166.242
552.9745	12.339	166.248
552.4946	12.351	166.254
552.0145	12.362	166.259
551.5345	12.374	166.265
551.0541	12.385	166.271
550.5737	12.397	166.278
550.0933	12.409	166.285
549.6126	12.421	166.292
549.1320	12.433	166.299
548.6511	12.444	166.306
548.1702	12.456	166.313
547.6891	12.468	166.321
547.2080	12.480	166.328
546.7267	12.493	166.336
546.2454	12.505	166.343
545.7639	12.517	166.352
545.2823	12.529	166.361
544.8007	12.542	166.370
544.3188	12.554	166.378
543.8369	12.566	166.388
543.3549	12.579	166.397
542.8728	12.591	166.408
542.3905	12.604	166.418
541.9082	12.617	166.428
541.4257	12.630	166.438
540.9431	12.642	166.449
540.4604	12.655	166.459
539.9777	12.668	166.470
539.4948	12.681	166.481
539.0118	12.695	166.490
538.5286	12.708	166.489
538.0454	12.722	166.488
537.5621	12.735	166.487
537.0786	12.749	166.486
536.5950	12.763	166.485
536.1114	12.776	166.485
535.6276	12.790	166.484
535.1437	12.804	166.483
534.6597	12.818	166.483
534.1756	12.831	166.484
533.6913	12.845	166.486
533.2070	12.859	166.489
532.7226	12.873	166.491
532.2380	12.887	166.494
531.7534	12.901	166.499
531.2686	12.915	166.504
530.7837	12.929	166.510
530.2987	12.943	166.516
529.8136	12.957	166.521
529.3284	12.971	166.527
528.8430	12.986	166.533
528.3576	13.000	166.540
527.8720	13.015	166.546
527.3864	13.029	166.550
526.9006	13.044	166.552
526.4147	13.059	166.554
525.9287	13.073	166.557
525.4426	13.088	166.559
524.9564	13.103	166.561
524.4700	13.118	166.564
523.9836	13.133	166.567
523.4971	13.148	166.569
523.0104	13.163	166.571
522.5236	13.178	166.572
522.0367	13.194	166.573
521.5497	13.209	166.574
521.0626	13.224	166.575
520.5754	13.239	166.575
520.0881	13.255	166.574
519.6006	13.270	166.573
519.1131	13.286	166.573
518.6254	13.301	166.572
518.1377	13.317	166.572
517.6498	13.332	166.572
517.1618	13.348	166.571
516.6737	13.364	166.571
516.1855	13.379	166.570
515.6971	13.395	166.568
515.2087	13.411	166.566
514.7202	13.427	166.565
514.2314	13.443	166.564
513.7427	13.459	166.563
513.2538	13.475	166.561
512.7648	13.491	166.561
512.2757	13.508	166.560
511.7864	13.524	166.559
511.2971	13.540	166.558
510.8076	13.556	166.558
510.3181	13.572	166.557
509.8284	13.588	166.557
509.3386	13.605	166.557
508.8488	13.621	166.557
508.3587	13.637	166.558
507.8686	13.653	166.558
507.3784	13.670	166.559
506.8880	13.687	166.559
506.3976	13.703	166.560
505.9070	13.720	166.559
505.4163	13.736	166.555
504.9255	13.753	166.551
504.4346	13.769	166.547
503.9436	13.786	166.543
503.4525	13.803	166.539
502.9612	13.819	166.535
502.4698	13.836	166.532
501.9784	13.853	166.529
501.4868	13.870	166.526
500.9951	13.887	166.523
500.5033	13.904	166.520
500.0114	13.921	166.517
499.5193	13.938	166.515
499.0272	13.955	166.512
498.5349	13.972	166.510
498.0426	13.990	166.508
497.5501	14.007	166.506
497.0575	14.025	166.504
496.5648	14.042	166.503
496.0720	14.060	166.501
495.5790	14.078	166.499
495.0860	14.095	166.498
494.5928	14.113	166.496
494.0995	14.131	166.495
493.6062	14.149	166.494
493.1127	14.167	166.493
492.6190	14.185	166.492
492.1253	14.203	166.492
491.6315	14.221	166.489
491.1375	14.239	166.485
490.6435	14.256	166.482
490.1493	14.274	166.479
489.6550	14.291	166.473
489.1606	14.309	166.468
488.6661	14.326	166.463
488.1714	14.343	166.458
487.6767	14.361	166.453
487.1818	14.378	166.449
486.6869	14.396	166.445
486.1918	14.414	166.441
485.6966	14.431	166.435
485.2013	14.448	166.430
484.7058	14.465	166.425
484.2103	14.483	166.420
483.7146	14.500	166.416
483.2189	14.518	166.412
482.7230	14.536	166.408
482.2270	14.554	166.404
481.7309	14.571	166.401
481.2346	14.589	166.397
480.7383	14.607	166.394
480.2419	14.624	166.391
479.7453	14.642	166.388
479.2486	14.660	166.386
478.7518	14.678	166.383
478.2549	14.696	166.382
477.7579	14.714	166.380
477.2608	14.733	166.379
476.7635	14.751	166.378
476.2662	14.769	166.377
475.7687	14.787	166.375
475.2711	14.805	166.374
474.7734	14.823	166.374
474.2756	14.842	166.374
473.7776	14.860	166.374
473.2796	14.879	166.375
472.7814	14.898	166.377
472.2831	14.917	166.379
471.7848	14.936	166.381
471.2863	14.955	166.384
470.7876	14.974	166.387
470.2889	14.993	166.391
469.7900	15.013	166.395
469.2911	15.032	166.400
468.7920	15.052	166.405
468.2928	15.072	166.410
467.7935	15.092	166.415
467.2941	15.112	166.423
466.7945	15.131	166.431
466.2949	15.151	166.440
465.7951	15.171	166.448
465.2952	15.191	166.457
464.7952	15.212	166.467
464.2951	15.233	166.476
463.7949	15.253	166.485
463.2946	15.274	166.494
462.7941	15.294	166.503
462.2935	15.315	166.512
461.7928	15.335	166.522
461.2921	15.356	166.531
460.7911	15.377	166.541
460.2901	15.398	166.551
459.7889	15.420	166.562
459.2877	15.442	166.572
458.7863	15.463	166.585
458.2848	15.485	166.598
457.7832	15.507	166.611
457.2815	15.530	166.625
456.7796	15.552	166.639
456.2777	15.575	166.653
455.7756	15.599	166.667
455.2734	15.622	166.683
454.7711	15.645	166.699
454.2687	15.669	166.715
453.7662	15.693	166.733
453.2635	15.717	166.752
452.7608	15.742	166.770
452.2579	15.767	166.788
451.7549	15.792	166.807
451.2518	15.818	166.825
450.7485	15.844	166.844
450.2452	15.870	166.868

