Source : TiO2_Si_Sputtering_50min_sincinta.Y1.13h 57mn 08s
Spectrum : 1

Wavelength	Psi	Delta

829.9594	7.637	166.212
829.5408	7.685	166.157
829.1221	7.663	166.156
828.7034	7.671	166.132
828.2845	7.642	166.113
827.8656	7.662	166.063
827.4465	7.643	165.986
827.0275	7.614	165.936
826.6082	7.634	165.946
826.1889	7.638	165.902
825.7695	7.655	165.903
825.3500	7.643	165.914
824.9305	7.640	165.924
824.5108	7.628	165.889
824.0911	7.617	165.856
823.6713	7.614	165.796
823.2513	7.606	165.765
822.8313	7.599	165.750
822.4112	7.614	165.733
821.9910	7.647	165.772
821.5707	7.633	165.748
821.1503	7.628	165.727
820.7299	7.646	165.708
820.3093	7.653	165.751
819.8886	7.653	165.722
819.4679	7.674	165.732
819.0471	7.692	165.724
818.6262	7.708	165.712
818.2051	7.709	165.697
817.7841	7.716	165.713
817.3629	7.717	165.749
816.9416	7.732	165.793
816.5202	7.740	165.801
816.0988	7.752	165.836
815.6772	7.770	165.783
815.2556	7.763	165.771
814.8338	7.774	165.794
814.4120	7.784	165.789
813.9901	7.791	165.824
813.5681	7.799	165.863
813.1460	7.801	165.859
812.7238	7.802	165.863
812.3015	7.827	165.808
811.8792	7.813	165.864
811.4567	7.821	165.864
811.0341	7.823	165.884
810.6115	7.829	165.913
810.1888	7.829	165.869
809.7659	7.840	165.848
809.3430	7.844	165.854
808.9200	7.856	165.860
808.4969	7.863	165.814
808.0738	7.865	165.795
807.6505	7.869	165.751
807.2271	7.869	165.741
806.8036	7.880	165.671
806.3802	7.890	165.667
805.9564	7.898	165.623
805.5327	7.902	165.581
805.1089	7.912	165.505
804.6850	7.920	165.496
804.2610	7.921	165.464
803.8369	7.930	165.425
803.4127	7.939	165.348
802.9884	7.940	165.347
802.5640	7.944	165.382
802.1396	7.943	165.349
801.7150	7.941	165.388
801.2903	7.947	165.347
800.8657	7.944	165.363
800.4408	7.938	165.348
800.0159	7.943	165.364
799.5909	7.944	165.364
799.1658	7.951	165.340
798.7406	7.963	165.309
798.3153	7.973	165.318
797.8899	7.989	165.285
797.4644	7.992	165.298
797.0389	8.005	165.291
796.6132	8.016	165.255
796.1875	8.014	165.240
795.7617	8.024	165.228
795.3357	8.029	165.246
794.9097	8.037	165.236
794.4836	8.042	165.220
794.0574	8.049	165.184
793.6310	8.062	165.154
793.2047	8.070	165.119
792.7782	8.074	165.130
792.3516	8.078	165.160
791.9249	8.077	165.142
791.4982	8.089	165.103
791.0714	8.093	165.101
790.6444	8.098	165.107
790.2173	8.101	165.113
789.7902	8.107	165.089
789.3630	8.112	165.054
788.9357	8.119	165.037
788.5083	8.121	165.050
788.0807	8.124	165.087
787.6532	8.132	165.101
787.2256	8.132	165.129
786.7977	8.134	165.097
786.3699	8.142	165.103
785.9419	8.146	165.116
785.5139	8.151	165.130
785.0857	8.159	165.105
784.6575	8.168	165.073
784.2291	8.171	165.055
783.8007	8.173	165.048
783.3722	8.176	165.037
782.9435	8.185	165.018
782.5148	8.194	165.031
782.0861	8.195	165.060
781.6573	8.197	165.067
781.2282	8.201	165.057
780.7991	8.204	165.071
780.3698	8.209	165.081
779.9407	8.208	165.102
779.5113	8.209	165.120
779.0818	8.220	165.106
778.6523	8.232	165.102
778.2227	8.242	165.042
777.7930	8.244	165.024
777.3632	8.252	165.030
776.9332	8.259	165.027
776.5032	8.264	165.027
776.0731	8.266	165.002
775.6429	8.269	164.974
775.2126	8.271	164.981
774.7822	8.278	164.992
774.3517	8.280	165.025
773.9212	8.288	165.007
773.4905	8.290	165.010
773.0598	8.295	165.011
772.6289	8.299	164.995
772.1980	8.306	164.991
771.7669	8.305	164.977
771.3358	8.305	164.976
770.9046	8.309	164.974
770.4733	8.314	164.968
770.0419	8.317	164.985
769.6104	8.323	165.005
769.1787	8.326	165.019
768.7471	8.324	165.041
768.3152	8.332	165.052
767.8834	8.340	165.074
767.4514	8.347	165.024
767.0193	8.353	165.004
766.5872	8.360	164.992
766.1549	8.365	164.958
765.7224	8.371	164.998
765.2901	8.378	165.014
764.8575	8.388	165.019
764.4249	8.396	165.030
763.9922	8.406	165.009
763.5593	8.416	165.016
763.1264	8.420	165.052
762.6934	8.428	165.051
762.2603	8.431	165.038
761.8271	8.438	165.062
761.3938	8.442	165.073
760.9604	8.447	165.078
760.5269	8.456	165.097
760.0933	8.465	165.106
759.6597	8.473	165.088
759.2259	8.477	165.094
758.7921	8.482	165.105
758.3581	8.489	165.101
757.9240	8.487	165.131
757.4900	8.493	165.146
757.0556	8.496	165.166
756.6213	8.504	165.170
756.1868	8.512	165.170
755.7523	8.514	165.178
755.3177	8.522	165.189
754.8830	8.524	165.229
754.4482	8.524	165.230
754.0132	8.527	165.254
753.5782	8.534	165.258
753.1432	8.540	165.290
752.7079	8.546	165.301
752.2726	8.552	165.321
751.8373	8.554	165.321
751.4018	8.562	165.295
750.9662	8.567	165.302
750.5306	8.572	165.318
750.0948	8.576	165.306
749.6589	8.582	165.297
749.2230	8.584	165.317
748.7869	8.587	165.349
748.3508	8.595	165.358
747.9146	8.600	165.365
747.4782	8.603	165.383
747.0417	8.608	165.369
746.6052	8.610	165.341
746.1686	8.618	165.319
745.7319	8.623	165.310
745.2950	8.630	165.309
744.8582	8.634	165.319
744.4211	8.637	165.330
743.9841	8.644	165.338
743.5468	8.648	165.330
743.1096	8.651	165.329
742.6722	8.653	165.336
742.2347	8.653	165.369
741.7971	8.657	165.353
741.3594	8.658	165.367
740.9215	8.662	165.368
740.4838	8.665	165.368
740.0458	8.667	165.389
739.6077	8.668	165.397
739.1696	8.672	165.393
738.7313	8.674	165.403
738.2930	8.677	165.398
737.8545	8.677	165.403
737.4160	8.682	165.382
736.9773	8.685	165.383
736.5386	8.688	165.399
736.0996	8.691	165.411
735.6608	8.697	165.432
735.2218	8.700	165.433
734.7827	8.700	165.456
734.3434	8.704	165.459
733.9041	8.711	165.452
733.4647	8.715	165.464
733.0252	8.716	165.490
732.5856	8.724	165.476
732.1459	8.726	165.466
731.7061	8.725	165.466
731.2662	8.730	165.499
730.8261	8.730	165.512
730.3861	8.728	165.529
729.9459	8.731	165.549
729.5057	8.733	165.560
729.0653	8.737	165.555
728.6248	8.735	165.571
728.1843	8.735	165.584
727.7436	8.734	165.630
727.3028	8.733	165.665
726.8619	8.737	165.661
726.4210	8.736	165.675
725.9799	8.738	165.700
725.5388	8.739	165.676
725.0975	8.743	165.668
724.6562	8.747	165.666
724.2147	8.745	165.684
723.7732	8.745	165.685
723.3315	8.745	165.713
722.8898	8.749	165.711
722.4479	8.749	165.728
722.0060	8.749	165.753
721.5640	8.755	165.751
721.1218	8.757	165.752
720.6796	8.759	165.761
720.2373	8.761	165.769
719.7949	8.760	165.792
719.3524	8.763	165.811
718.9097	8.761	165.812
718.4670	8.762	165.797
718.0242	8.769	165.801
717.5813	8.771	165.801
717.1383	8.776	165.801
716.6952	8.781	165.773
716.2520	8.782	165.782
715.8087	8.785	165.762
715.3653	8.789	165.748
714.9218	8.791	165.758
714.4782	8.795	165.754
714.0345	8.799	165.744
713.5907	8.803	165.741
713.1469	8.805	165.731
712.7028	8.806	165.722
712.2588	8.811	165.707
711.8146	8.816	165.694
711.3703	8.821	165.675
710.9259	8.826	165.647
710.4814	8.829	165.642
710.0369	8.835	165.641
709.5922	8.839	165.647
709.1474	8.844	165.631
708.7026	8.848	165.633
708.2576	8.854	165.616
707.8125	8.858	165.602
707.3674	8.864	165.592
706.9221	8.870	165.571
706.4767	8.876	165.557
706.0313	8.881	165.516
705.5857	8.888	165.495
705.1401	8.896	165.487
704.6943	8.903	165.463
704.2484	8.907	165.455
703.8025	8.911	165.458
703.3564	8.919	165.420
702.9103	8.927	165.413
702.4641	8.935	165.406
702.0177	8.942	165.404
701.5712	8.949	165.393
701.1247	8.961	165.381
700.6780	8.969	165.381
700.2313	8.977	165.391
699.7844	8.986	165.387
699.3375	8.994	165.368
698.8904	9.002	165.335
698.4433	9.010	165.327
697.9961	9.019	165.309
697.5488	9.027	165.303
697.1013	9.032	165.302
696.6537	9.037	165.300
696.2061	9.046	165.283
695.7584	9.053	165.264
695.3105	9.062	165.251
694.8626	9.070	165.234
694.4146	9.076	165.222
693.9664	9.085	165.212
693.5182	9.097	165.214
693.0699	9.105	165.210
692.6215	9.114	165.198
692.1729	9.121	165.177
691.7243	9.129	165.175
691.2756	9.137	165.167
690.8267	9.143	165.161
690.3778	9.154	165.141
689.9288	9.163	165.131
689.4797	9.172	165.126
689.0304	9.180	165.123
688.5811	9.188	165.137
688.1317	9.194	165.134
687.6821	9.200	165.142
687.2325	9.209	165.119
686.7828	9.216	165.130
686.3329	9.224	165.143
685.8830	9.231	165.147
685.4330	9.241	165.133
684.9828	9.249	165.124
684.5327	9.255	165.109
684.0823	9.262	165.110
683.6319	9.268	165.109
683.1813	9.272	165.119
682.7307	9.281	165.101
682.2800	9.288	165.090
681.8292	9.297	165.096
681.3782	9.305	165.096
680.9272	9.310	165.088
680.4761	9.318	165.083
680.0248	9.320	165.084
679.5735	9.326	165.093
679.1221	9.330	165.084
678.6705	9.335	165.076
678.2189	9.340	165.078
677.7672	9.345	165.070
677.3154	9.348	165.070
676.8634	9.354	165.071
676.4114	9.358	165.058
675.9592	9.361	165.052
675.5070	9.366	165.039
675.0547	9.370	165.033
674.6022	9.371	165.032
674.1497	9.374	165.036
673.6971	9.376	165.031
673.2443	9.380	165.038
672.7915	9.382	165.035
672.3386	9.384	165.029
671.8855	9.387	165.022
671.4324	9.390	165.020
670.9791	9.393	165.011
670.5258	9.397	165.010
670.0723	9.400	165.000
669.6188	9.403	164.995
669.1651	9.404	164.996
668.7114	9.409	164.998
668.2575	9.412	165.014
667.8035	9.415	165.014
667.3495	9.419	164.997
666.8953	9.422	165.000
666.4411	9.426	164.993
665.9868	9.428	165.005
665.5323	9.431	165.002
665.0777	9.436	164.987
664.6230	9.439	164.966
664.1683	9.444	164.965
663.7134	9.447	164.969
663.2584	9.449	164.968
662.8034	9.452	164.954
662.3482	9.455	164.943
661.8929	9.457	164.943
661.4376	9.460	164.951
660.9821	9.462	164.951
660.5265	9.464	164.944
660.0708	9.466	164.941
659.6151	9.472	164.934
659.1592	9.476	164.929
658.7032	9.482	164.923
658.2471	9.486	164.918
657.7909	9.489	164.919
657.3346	9.494	164.918
656.8782	9.498	164.926
656.4218	9.502	164.917
655.9651	9.508	164.917
655.5084	9.512	164.909
655.0516	9.514	164.916
654.5947	9.518	164.918
654.1377	9.522	164.923
653.6806	9.525	164.919
653.2234	9.531	164.917
652.7661	9.535	164.922
652.3087	9.537	164.924
651.8511	9.541	164.926
651.3936	9.544	164.932
650.9358	9.550	164.936
650.4780	9.555	164.940
650.0201	9.562	164.934
649.5620	9.566	164.942
649.1039	9.571	164.940
648.6457	9.574	164.930
648.1873	9.580	164.932
647.7289	9.585	164.938
647.2703	9.591	164.942
646.8117	9.595	164.934
646.3530	9.599	164.938
645.8941	9.601	164.938
645.4351	9.608	164.924
644.9761	9.612	164.929
644.5169	9.616	164.923
644.0577	9.622	164.909
643.5983	9.625	164.916
643.1389	9.631	164.908
642.6793	9.633	164.912
642.2196	9.636	164.913
641.7598	9.641	164.917
641.2999	9.647	164.910
640.8400	9.654	164.908
640.3799	9.656	164.911
639.9197	9.662	164.905
639.4594	9.666	164.907
638.9990	9.669	164.893
638.5385	9.674	164.890
638.0779	9.676	164.890
637.6172	9.679	164.884
637.1564	9.684	164.885
636.6954	9.689	164.881
636.2344	9.693	164.871
635.7733	9.695	164.863
635.3121	9.696	164.857
634.8508	9.702	164.858
634.3893	9.706	164.858
633.9278	9.716	164.858
633.4662	9.726	164.850
633.0044	9.732	164.852
632.5425	9.735	164.853
632.0806	9.737	164.862
631.6186	9.734	164.870
631.1564	9.739	164.869
630.6942	9.737	164.850
630.2318	9.736	164.836
629.7693	9.732	164.828
629.3068	9.737	164.824
628.8441	9.734	164.820
628.3813	9.745	164.811
627.9184	9.752	164.809
627.4554	9.764	164.818
626.9923	9.768	164.802
626.5291	9.764	164.817
626.0658	9.763	164.815
625.6024	9.765	164.822
625.1389	9.768	164.863
624.6753	9.775	164.879
624.2115	9.771	164.916
623.7477	9.771	164.943
623.2838	9.788	164.972
622.8198	9.794	164.978
622.3557	9.794	164.896
621.8914	9.795	164.819
621.4271	9.793	164.738
620.9626	9.787	164.628
620.4980	9.771	164.530
620.0334	9.771	164.425
619.5687	9.777	164.323
619.1038	9.771	164.250
618.6388	9.763	164.166
618.1737	9.763	164.093
617.7086	9.755	164.008
617.2433	9.748	163.935
616.7779	9.746	163.861
616.3124	9.741	163.811
615.8468	9.732	163.763
615.3810	9.730	163.705
614.9153	9.720	163.648
614.4492	9.712	163.601
613.9833	9.707	163.567
613.5172	9.704	163.527
613.0510	9.704	163.483
612.5847	9.702	163.452
612.1182	9.702	163.422
611.6516	9.700	163.407
611.1850	9.700	163.390
610.7183	9.699	163.380
610.2514	9.700	163.360
609.7844	9.700	163.341
609.3173	9.702	163.337
608.8502	9.707	163.333
608.3829	9.709	163.353
607.9156	9.716	163.357
607.4480	9.723	163.369
606.9804	9.729	163.399
606.5127	9.739	163.411
606.0449	9.746	163.435
605.5770	9.754	163.461
605.1089	9.765	163.483
604.6408	9.774	163.518
604.1726	9.788	163.547
603.7042	9.804	163.588
603.2358	9.817	163.628
602.7673	9.830	163.672
602.2986	9.842	163.715
601.8298	9.856	163.761
601.3610	9.871	163.811
600.8920	9.886	163.859
600.4229	9.901	163.916
599.9537	9.917	163.975
599.4844	9.935	164.031
599.0150	9.954	164.104
598.5455	9.971	164.169
598.0759	9.989	164.225
597.6062	10.006	164.294
597.1364	10.026	164.369
596.6664	10.050	164.442
596.1964	10.070	164.519
595.7263	10.092	164.590
595.2560	10.109	164.664
594.7857	10.123	164.735
594.3152	10.139	164.815
593.8447	10.157	164.883
593.3741	10.177	164.943
592.9032	10.203	165.003
592.4323	10.225	165.064
591.9613	10.253	165.150
591.4902	10.278	165.225
591.0190	10.311	165.290
590.5477	10.332	165.365
590.0763	10.364	165.426
589.6048	10.380	165.489
589.1331	10.400	165.551
588.6614	10.410	165.592
588.1896	10.427	165.653
587.7176	10.451	165.688
587.2455	10.475	165.730
586.7734	10.494	165.743
586.3011	10.508	165.714
585.8287	10.516	165.686
585.3563	10.537	165.623
584.8837	10.555	165.557
584.4109	10.551	165.454
583.9382	10.556	165.354
583.4652	10.567	165.323
582.9922	10.575	165.291
582.5191	10.583	165.257
582.0458	10.594	165.244
581.5725	10.612	165.228
581.0991	10.617	165.217
580.6255	10.615	165.223
580.1519	10.622	165.204
579.6780	10.633	165.198
579.2042	10.635	165.183
578.7303	10.645	165.184
578.2561	10.652	165.183
577.7819	10.656	165.180
577.3076	10.660	165.170
576.8332	10.672	165.153
576.3586	10.676	165.150
575.8840	10.688	165.148
575.4093	10.700	165.152
574.9344	10.711	165.140
574.4595	10.719	165.140
573.9844	10.726	165.137
573.5092	10.735	165.129
573.0339	10.743	165.123
572.5586	10.752	165.115
572.0831	10.761	165.118
571.6075	10.773	165.107
571.1318	10.784	165.113
570.6559	10.796	165.112
570.1801	10.808	165.108
569.7040	10.816	165.114
569.2278	10.828	165.108
568.7516	10.838	165.113
568.2753	10.850	165.122
567.7989	10.860	165.113
567.3222	10.868	165.115
566.8455	10.879	165.118
566.3687	10.889	165.117
565.8918	10.900	165.120
565.4149	10.912	165.122
564.9377	10.920	165.130
564.4605	10.929	165.128
563.9832	10.937	165.124
563.5057	10.944	165.122
563.0282	10.953	165.126
562.5505	10.965	165.124
562.0728	10.973	165.131
561.5948	10.983	165.135
561.1169	10.993	165.136
560.6388	11.002	165.135
560.1606	11.011	165.142
559.6823	11.020	165.133
559.2039	11.029	165.130
558.7253	11.038	165.136
558.2467	11.050	165.141
557.7679	11.061	165.146
557.2891	11.071	165.147
556.8102	11.079	165.151
556.3311	11.090	165.158
555.8519	11.099	165.167
555.3726	11.109	165.174
554.8932	11.119	165.172
554.4137	11.128	165.171
553.9341	11.137	165.176
553.4543	11.146	165.185
552.9745	11.153	165.190
552.4946	11.161	165.199
552.0145	11.171	165.204
551.5345	11.181	165.207
551.0541	11.189	165.211
550.5737	11.196	165.225
550.0933	11.204	165.236
549.6126	11.210	165.237
549.1320	11.218	165.241
548.6511	11.226	165.241
548.1702	11.234	165.245
547.6891	11.242	165.246
547.2080	11.249	165.255
546.7267	11.258	165.260
546.2454	11.266	165.271
545.7639	11.274	165.289
545.2823	11.281	165.293
544.8007	11.289	165.303
544.3188	11.298	165.303
543.8369	11.306	165.320
543.3549	11.314	165.329
542.8728	11.319	165.335
542.3905	11.327	165.343
541.9082	11.336	165.349
541.4257	11.345	165.362
540.9431	11.353	165.363
540.4604	11.360	165.376
539.9777	11.369	165.378
539.4948	11.377	165.382
539.0118	11.385	165.385
538.5286	11.392	165.392
538.0454	11.399	165.404
537.5621	11.406	165.410
537.0786	11.414	165.412
536.5950	11.422	165.418
536.1114	11.431	165.424
535.6276	11.439	165.432
535.1437	11.447	165.438
534.6597	11.454	165.441
534.1756	11.463	165.446
533.6913	11.470	165.454
533.2070	11.479	165.459
532.7226	11.490	165.471
532.2380	11.500	165.470
531.7534	11.511	165.477
531.2686	11.522	165.498
530.7837	11.533	165.514
530.2987	11.544	165.525
529.8136	11.554	165.535
529.3284	11.564	165.548
528.8430	11.572	165.560
528.3576	11.586	165.564
527.8720	11.598	165.567
527.3864	11.609	165.573
526.9006	11.622	165.586
526.4147	11.636	165.598
525.9287	11.650	165.606
525.4426	11.666	165.620
524.9564	11.678	165.622
524.4700	11.691	165.627
523.9836	11.706	165.635
523.4971	11.723	165.641
523.0104	11.738	165.639
522.5236	11.754	165.651
522.0367	11.771	165.651
521.5497	11.786	165.650
521.0626	11.799	165.658
520.5754	11.816	165.664
520.0881	11.832	165.663
519.6006	11.849	165.668
519.1131	11.866	165.673
518.6254	11.884	165.686
518.1377	11.899	165.697
517.6498	11.917	165.700
517.1618	11.930	165.701
516.6737	11.946	165.714
516.1855	11.962	165.715
515.6971	11.981	165.714
515.2087	11.998	165.720
514.7202	12.016	165.735
514.2314	12.035	165.741
513.7427	12.052	165.753
513.2538	12.073	165.765
512.7648	12.090	165.772
512.2757	12.106	165.782
511.7864	12.126	165.787
511.2971	12.144	165.791
510.8076	12.162	165.797
510.3181	12.179	165.792
509.8284	12.194	165.791
509.3386	12.208	165.795
508.8488	12.226	165.787
508.3587	12.247	165.786
507.8686	12.265	165.779
507.3784	12.282	165.772
506.8880	12.296	165.768
506.3976	12.313	165.770
505.9070	12.326	165.770
505.4163	12.347	165.760
504.9255	12.368	165.750
504.4346	12.388	165.730
503.9436	12.405	165.728
503.4525	12.419	165.714
502.9612	12.436	165.698
502.4698	12.453	165.692
501.9784	12.469	165.686
501.4868	12.485	165.685
500.9951	12.501	165.679
500.5033	12.519	165.669
500.0114	12.537	165.659
499.5193	12.553	165.645
499.0272	12.567	165.637
498.5349	12.583	165.626
498.0426	12.599	165.615
497.5501	12.614	165.600
497.0575	12.633	165.585
496.5648	12.653	165.574
496.0720	12.671	165.564
495.5790	12.687	165.560
495.0860	12.706	165.535
494.5928	12.721	165.521
494.0995	12.740	165.507
493.6062	12.758	165.493
493.1127	12.775	165.481
492.6190	12.795	165.470
492.1253	12.815	165.458
491.6315	12.831	165.453
491.1375	12.847	165.445
490.6435	12.866	165.421
490.1493	12.885	165.410
489.6550	12.902	165.402
489.1606	12.923	165.391
488.6661	12.943	165.381
488.1714	12.968	165.365
487.6767	12.988	165.351
487.1818	13.009	165.343
486.6869	13.031	165.329
486.1918	13.052	165.314
485.6966	13.070	165.303
485.2013	13.093	165.291
484.7058	13.111	165.273
484.2103	13.133	165.263
483.7146	13.157	165.252
483.2189	13.181	165.244
482.7230	13.204	165.234
482.2270	13.223	165.229
481.7309	13.242	165.213
481.2346	13.260	165.207
480.7383	13.280	165.207
480.2419	13.303	165.200
479.7453	13.325	165.195
479.2486	13.345	165.197
478.7518	13.364	165.201
478.2549	13.384	165.206
477.7579	13.403	165.200
477.2608	13.424	165.197
476.7635	13.443	165.197
476.2662	13.466	165.204
475.7687	13.490	165.198
475.2711	13.511	165.201
474.7734	13.530	165.205
474.2756	13.550	165.208
473.7776	13.567	165.207
473.2796	13.582	165.210
472.7814	13.599	165.208
472.2831	13.614	165.206
471.7848	13.630	165.210
471.2863	13.653	165.204
470.7876	13.670	165.202
470.2889	13.689	165.211
469.7900	13.708	165.215
469.2911	13.725	165.227
468.7920	13.750	165.230
468.2928	13.774	165.238
467.7935	13.794	165.253
467.2941	13.814	165.270
466.7945	13.839	165.295
466.2949	13.863	165.316
465.7951	13.887	165.336
465.2952	13.903	165.354
464.7952	13.927	165.373
464.2951	13.945	165.391
463.7949	13.961	165.409
463.2946	13.974	165.442
462.7941	13.993	165.457
462.2935	14.013	165.475
461.7928	14.030	165.510
461.2921	14.050	165.524
460.7911	14.067	165.535
460.2901	14.087	165.547
459.7889	14.106	165.568
459.2877	14.128	165.592
458.7863	14.148	165.618
458.2848	14.172	165.638
457.7832	14.188	165.658
457.2815	14.205	165.679
456.7796	14.229	165.702
456.2777	14.253	165.733
455.7756	14.274	165.765
455.2734	14.303	165.788
454.7711	14.328	165.825
454.2687	14.355	165.849
453.7662	14.382	165.871
453.2635	14.410	165.892
452.7608	14.438	165.912
452.2579	14.466	165.933
451.7549	14.495	165.953
451.2518	14.524	165.972
450.7485	14.554	165.992
450.2452	14.585	166.011

