Source : Fit
Spectrum : 1

Wavelength	Psi	Delta

829.9594	35.823	75.122
829.5408	35.844	75.119
829.1221	35.865	75.117
828.7034	35.887	75.114
828.2845	35.908	75.111
827.8656	35.929	75.108
827.4465	35.950	75.106
827.0275	35.972	75.103
826.6082	35.993	75.101
826.1889	36.014	75.098
825.7695	36.035	75.096
825.3500	36.057	75.094
824.9305	36.078	75.091
824.5108	36.099	75.089
824.0911	36.121	75.087
823.6713	36.142	75.085
823.2513	36.163	75.082
822.8313	36.185	75.080
822.4112	36.206	75.078
821.9910	36.228	75.076
821.5707	36.250	75.074
821.1503	36.271	75.072
820.7299	36.293	75.070
820.3093	36.315	75.068
819.8886	36.337	75.066
819.4679	36.359	75.064
819.0471	36.381	75.062
818.6262	36.403	75.060
818.2051	36.425	75.058
817.7841	36.447	75.056
817.3629	36.469	75.055
816.9416	36.491	75.053
816.5202	36.513	75.051
816.0988	36.536	75.049
815.6772	36.558	75.048
815.2556	36.580	75.047
814.8338	36.603	75.046
814.4120	36.625	75.045
813.9901	36.648	75.045
813.5681	36.670	75.044
813.1460	36.693	75.044
812.7238	36.715	75.043
812.3015	36.738	75.042
811.8792	36.761	75.042
811.4567	36.784	75.041
811.0341	36.806	75.041
810.6115	36.829	75.040
810.1888	36.852	75.040
809.7659	36.875	75.041
809.3430	36.899	75.041
808.9200	36.922	75.041
808.4969	36.945	75.042
808.0738	36.969	75.042
807.6505	36.992	75.043
807.2271	37.015	75.043
806.8036	37.039	75.044
806.3802	37.062	75.044
805.9564	37.086	75.045
805.5327	37.110	75.045
805.1089	37.133	75.046
804.6850	37.157	75.047
804.2610	37.181	75.047
803.8369	37.205	75.048
803.4127	37.229	75.049
802.9884	37.253	75.050
802.5640	37.277	75.051
802.1396	37.301	75.052
801.7150	37.325	75.052
801.2903	37.349	75.053
800.8657	37.374	75.054
800.4408	37.398	75.055
800.0159	37.422	75.057
799.5909	37.447	75.056
799.1658	37.471	75.055
798.7406	37.495	75.054
798.3153	37.520	75.053
797.8899	37.544	75.052
797.4644	37.569	75.052
797.0389	37.593	75.051
796.6132	37.618	75.050
796.1875	37.643	75.049
795.7617	37.667	75.049
795.3357	37.692	75.048
794.9097	37.717	75.047
794.4836	37.742	75.047
794.0574	37.766	75.046
793.6310	37.791	75.046
793.2047	37.816	75.046
792.7782	37.841	75.046
792.3516	37.866	75.045
791.9249	37.891	75.045
791.4982	37.916	75.045
791.0714	37.941	75.045
790.6444	37.967	75.045
790.2173	37.992	75.045
789.7902	38.017	75.045
789.3630	38.043	75.046
788.9357	38.069	75.046
788.5083	38.094	75.047
788.0807	38.120	75.048
787.6532	38.146	75.049
787.2256	38.172	75.050
786.7977	38.198	75.051
786.3699	38.224	75.052
785.9419	38.250	75.053
785.5139	38.277	75.054
785.0857	38.303	75.055
784.6575	38.329	75.057
784.2291	38.356	75.059
783.8007	38.382	75.061
783.3722	38.409	75.063
782.9435	38.436	75.065
782.5148	38.463	75.067
782.0861	38.490	75.069
781.6573	38.517	75.072
781.2282	38.544	75.074
780.7991	38.571	75.076
780.3698	38.598	75.079
779.9407	38.626	75.081
779.5113	38.653	75.083
779.0818	38.681	75.085
778.6523	38.709	75.087
778.2227	38.737	75.089
777.7930	38.765	75.092
777.3632	38.793	75.094
776.9332	38.822	75.096
776.5032	38.850	75.098
776.0731	38.879	75.101
775.6429	38.907	75.103
775.2126	38.936	75.105
774.7822	38.964	75.108
774.3517	38.992	75.110
773.9212	39.020	75.113
773.4905	39.049	75.115
773.0598	39.077	75.118
772.6289	39.105	75.120
772.1980	39.134	75.123
771.7669	39.162	75.126
771.3358	39.191	75.128
770.9046	39.220	75.131
770.4733	39.249	75.134
770.0419	39.277	75.137
769.6104	39.306	75.140
769.1787	39.335	75.143
768.7471	39.364	75.146
768.3152	39.394	75.149
767.8834	39.423	75.152
767.4514	39.452	75.155
767.0193	39.482	75.158
766.5872	39.511	75.161
766.1549	39.541	75.164
765.7224	39.570	75.168
765.2901	39.600	75.171
764.8575	39.630	75.175
764.4249	39.660	75.179
763.9922	39.690	75.183
763.5593	39.720	75.187
763.1264	39.751	75.192
762.6934	39.781	75.196
762.2603	39.811	75.200
761.8271	39.842	75.205
761.3938	39.873	75.209
760.9604	39.903	75.213
760.5269	39.934	75.218
760.0933	39.966	75.223
759.6597	39.998	75.227
759.2259	40.029	75.232
758.7921	40.061	75.237
758.3581	40.093	75.242
757.9240	40.125	75.247
757.4900	40.157	75.252
757.0556	40.189	75.257
756.6213	40.222	75.262
756.1868	40.254	75.267
755.7523	40.286	75.273
755.3177	40.318	75.278
754.8830	40.350	75.284
754.4482	40.382	75.290
754.0132	40.415	75.296
753.5782	40.447	75.302
753.1432	40.479	75.308
752.7079	40.512	75.314
752.2726	40.545	75.320
751.8373	40.577	75.326
751.4018	40.610	75.333
750.9662	40.643	75.338
750.5306	40.676	75.344
750.0948	40.709	75.350
749.6589	40.742	75.356
749.2230	40.775	75.362
748.7869	40.809	75.369
748.3508	40.842	75.375
747.9146	40.875	75.381
747.4782	40.909	75.387
747.0417	40.943	75.394
746.6052	40.977	75.400
746.1686	41.011	75.407
745.7319	41.045	75.413
745.2950	41.079	75.420
744.8582	41.113	75.426
744.4211	41.147	75.433
743.9841	41.182	75.440
743.5468	41.216	75.447
743.1096	41.251	75.453
742.6722	41.285	75.460
742.2347	41.321	75.467
741.7971	41.356	75.473
741.3594	41.392	75.479
740.9215	41.427	75.485
740.4838	41.463	75.492
740.0458	41.499	75.498
739.6077	41.535	75.504
739.1696	41.571	75.511
738.7313	41.607	75.517
738.2930	41.644	75.524
737.8545	41.680	75.531
737.4160	41.716	75.537
736.9773	41.752	75.544
736.5386	41.788	75.551
736.0996	41.824	75.557
735.6608	41.860	75.564
735.2218	41.897	75.571
734.7827	41.933	75.578
734.3434	41.970	75.585
733.9041	42.007	75.592
733.4647	42.044	75.599
733.0252	42.082	75.606
732.5856	42.119	75.613
732.1459	42.157	75.620
731.7061	42.195	75.627
731.2662	42.233	75.634
730.8261	42.271	75.641
730.3861	42.310	75.648
729.9459	42.348	75.656
729.5057	42.387	75.663
729.0653	42.425	75.672
728.6248	42.464	75.682
728.1843	42.502	75.692
727.7436	42.541	75.702
727.3028	42.580	75.712
726.8619	42.619	75.723
726.4210	42.659	75.733
725.9799	42.698	75.744
725.5388	42.737	75.754
725.0975	42.777	75.765
724.6562	42.817	75.775
724.2147	42.857	75.786
723.7732	42.897	75.797
723.3315	42.937	75.808
722.8898	42.977	75.819
722.4479	43.017	75.830
722.0060	43.058	75.841
721.5640	43.099	75.852
721.1218	43.140	75.863
720.6796	43.180	75.874
720.2373	43.221	75.885
719.7949	43.262	75.896
719.3524	43.304	75.907
718.9097	43.345	75.918
718.4670	43.387	75.930
718.0242	43.428	75.941
717.5813	43.470	75.952
717.1383	43.512	75.964
716.6952	43.554	75.975
716.2520	43.596	75.986
715.8087	43.639	75.997
715.3653	43.681	76.009
714.9218	43.724	76.020
714.4782	43.766	76.031
714.0345	43.809	76.043
713.5907	43.852	76.054
713.1469	43.895	76.066
712.7028	43.939	76.077
712.2588	43.982	76.089
711.8146	44.026	76.101
711.3703	44.069	76.113
710.9259	44.113	76.125
710.4814	44.157	76.137
710.0369	44.202	76.149
709.5922	44.246	76.161
709.1474	44.291	76.174
708.7026	44.335	76.186
708.2576	44.381	76.199
707.8125	44.426	76.212
707.3674	44.473	76.225
706.9221	44.519	76.239
706.4767	44.565	76.252
706.0313	44.612	76.266
705.5857	44.659	76.279
705.1401	44.705	76.293
704.6943	44.753	76.307
704.2484	44.799	76.321
703.8025	44.846	76.335
703.3564	44.893	76.350
702.9103	44.940	76.364
702.4641	44.987	76.379
702.0177	45.034	76.394
701.5712	45.082	76.409
701.1247	45.129	76.424
700.6780	45.177	76.439
700.2313	45.225	76.454
699.7844	45.274	76.470
699.3375	45.322	76.485
698.8904	45.371	76.501
698.4433	45.420	76.517
697.9961	45.469	76.533
697.5488	45.518	76.549
697.1013	45.568	76.565
696.6537	45.618	76.582
696.2061	45.667	76.598
695.7584	45.718	76.615
695.3105	45.768	76.632
694.8626	45.818	76.649
694.4146	45.869	76.666
693.9664	45.920	76.684
693.5182	45.971	76.701
693.0699	46.022	76.719
692.6215	46.073	76.736
692.1729	46.125	76.754
691.7243	46.177	76.772
691.2756	46.228	76.790
690.8267	46.281	76.808
690.3778	46.333	76.826
689.9288	46.385	76.845
689.4797	46.438	76.863
689.0304	46.491	76.882
688.5811	46.544	76.900
688.1317	46.597	76.918
687.6821	46.651	76.936
687.2325	46.704	76.954
686.7828	46.758	76.972
686.3329	46.812	76.991
685.8830	46.866	77.009
685.4330	46.921	77.028
684.9828	46.975	77.047
684.5327	47.030	77.066
684.0823	47.085	77.085
683.6319	47.141	77.104
683.1813	47.196	77.123
682.7307	47.252	77.142
682.2800	47.308	77.162
681.8292	47.364	77.181
681.3782	47.420	77.201
680.9272	47.477	77.222
680.4761	47.534	77.242
680.0248	47.591	77.263
679.5735	47.649	77.284
679.1221	47.706	77.305
678.6705	47.764	77.327
678.2189	47.822	77.348
677.7672	47.881	77.370
677.3154	47.939	77.392
676.8634	47.998	77.414
676.4114	48.057	77.437
675.9592	48.117	77.460
675.5070	48.176	77.483
675.0547	48.236	77.506
674.6022	48.296	77.530
674.1497	48.357	77.553
673.6971	48.417	77.577
673.2443	48.478	77.601
672.7915	48.539	77.625
672.3386	48.600	77.649
671.8855	48.662	77.673
671.4324	48.724	77.697
670.9791	48.786	77.722
670.5258	48.848	77.747
670.0723	48.911	77.771
669.6188	48.973	77.795
669.1651	49.036	77.819
668.7114	49.099	77.844
668.2575	49.163	77.868
667.8035	49.227	77.893
667.3495	49.291	77.917
666.8953	49.355	77.942
666.4411	49.419	77.967
665.9868	49.484	77.992
665.5323	49.550	78.018
665.0777	49.615	78.043
664.6230	49.681	78.069
664.1683	49.747	78.094
663.7134	49.814	78.120
663.2584	49.880	78.146
662.8034	49.947	78.172
662.3482	50.015	78.199
661.8929	50.082	78.225
661.4376	50.150	78.252
660.9821	50.218	78.279
660.5265	50.287	78.306
660.0708	50.355	78.333
659.6151	50.425	78.360
659.1592	50.494	78.387
658.7032	50.564	78.415
658.2471	50.634	78.443
657.7909	50.704	78.470
657.3346	50.774	78.498
656.8782	50.845	78.527
656.4218	50.917	78.555
655.9651	50.988	78.584
655.5084	51.060	78.612
655.0516	51.132	78.641
654.5947	51.205	78.670
654.1377	51.277	78.700
653.6806	51.350	78.729
653.2234	51.424	78.759
652.7661	51.498	78.788
652.3087	51.572	78.818
651.8511	51.646	78.849
651.3936	51.721	78.880
650.9358	51.796	78.910
650.4780	51.872	78.941
650.0201	51.948	78.972
649.5620	52.024	79.004
649.1039	52.101	79.035
648.6457	52.178	79.067
648.1873	52.255	79.099
647.7289	52.332	79.131
647.2703	52.410	79.163
646.8117	52.489	79.196
646.3530	52.567	79.229
645.8941	52.646	79.262
645.4351	52.726	79.296
644.9761	52.806	79.330
644.5169	52.886	79.365
644.0577	52.966	79.400
643.5983	53.047	79.435
643.1389	53.128	79.471
642.6793	53.210	79.507
642.2196	53.292	79.543
641.7598	53.374	79.581
641.2999	53.457	79.618
640.8400	53.540	79.656
640.3799	53.624	79.695
639.9197	53.708	79.733
639.4594	53.792	79.772
638.9990	53.877	79.811
638.5385	53.962	79.850
638.0779	54.048	79.889
637.6172	54.133	79.929
637.1564	54.220	79.969
636.6954	54.306	80.009
636.2344	54.394	80.049
635.7733	54.481	80.090
635.3121	54.569	80.128
634.8508	54.657	80.167
634.3893	54.745	80.206
633.9278	54.834	80.245
633.4662	54.923	80.284
633.0044	55.013	80.324
632.5425	55.103	80.363
632.0806	55.194	80.404
631.6186	55.285	80.444
631.1564	55.376	80.484
630.6942	55.468	80.525
630.2318	55.560	80.566
629.7693	55.653	80.608
629.3068	55.746	80.649
628.8441	55.840	80.691
628.3813	55.934	80.733
627.9184	56.029	80.776
627.4554	56.124	80.819
626.9923	56.220	80.862
626.5291	56.316	80.905
626.0658	56.413	80.949
625.6024	56.510	80.993
625.1389	56.608	81.037
624.6753	56.706	81.081
624.2115	56.805	81.126
623.7477	56.904	81.171
623.2838	57.004	81.216
622.8198	57.104	81.262
622.3557	57.205	81.308
621.8914	57.306	81.354
621.4271	57.407	81.401
620.9626	57.510	81.448
620.4980	57.612	81.495
620.0334	57.715	81.542
619.5687	57.819	81.592
619.1038	57.924	81.644
618.6388	58.028	81.695
618.1737	58.134	81.747
617.7086	58.239	81.800
617.2433	58.346	81.853
616.7779	58.453	81.906
616.3124	58.560	81.959
615.8468	58.668	82.013
615.3810	58.777	82.067
614.9153	58.886	82.122
614.4492	58.995	82.177
613.9833	59.105	82.232
613.5172	59.216	82.288
613.0510	59.327	82.345
612.5847	59.438	82.402
612.1182	59.550	82.459
611.6516	59.663	82.517
611.1850	59.776	82.575
610.7183	59.890	82.634
610.2514	60.004	82.694
609.7844	60.119	82.754
609.3173	60.234	82.814
608.8502	60.350	82.875
608.3829	60.466	82.937
607.9156	60.583	82.998
607.4480	60.701	83.061
606.9804	60.819	83.124
606.5127	60.938	83.187
606.0449	61.057	83.251
605.5770	61.177	83.315
605.1089	61.298	83.380
604.6408	61.419	83.445
604.1726	61.541	83.511
603.7042	61.663	83.578
603.2358	61.786	83.645
602.7673	61.910	83.713
602.2986	62.034	83.781
601.8298	62.159	83.850
601.3610	62.284	83.919
600.8920	62.410	83.989
600.4229	62.537	84.060
599.9537	62.664	84.131
599.4844	62.792	84.203
599.0150	62.921	84.275
598.5455	63.051	84.348
598.0759	63.181	84.422
597.6062	63.312	84.496
597.1364	63.443	84.570
596.6664	63.576	84.646
596.1964	63.709	84.722
595.7263	63.842	84.798
595.2560	63.977	84.876
594.7857	64.112	84.954
594.3152	64.248	85.033
593.8447	64.385	85.112
593.3741	64.522	85.192
592.9032	64.660	85.273
592.4323	64.799	85.355
591.9613	64.939	85.437
591.4902	65.079	85.521
591.0190	65.219	85.605
590.5477	65.361	85.690
590.0763	65.502	85.775
589.6048	65.644	85.861
589.1331	65.786	85.949
588.6614	65.929	86.037
588.1896	66.073	86.125
587.7176	66.217	86.215
587.2455	66.362	86.306
586.7734	66.508	86.398
586.3011	66.655	86.490
585.8287	66.802	86.584
585.3563	66.950	86.678
584.8837	67.099	86.774
584.4109	67.249	86.873
583.9382	67.399	86.973
583.4652	67.550	87.074
582.9922	67.702	87.176
582.5191	67.855	87.279
582.0458	68.009	87.384
581.5725	68.163	87.492
581.0991	68.318	87.602
580.6255	68.474	87.713
580.1519	68.631	87.825
579.6780	68.788	87.939
579.2042	68.947	88.054
578.7303	69.106	88.170
578.2561	69.265	88.288
577.7819	69.426	88.408
577.3076	69.587	88.529
576.8332	69.749	88.652
576.3586	69.912	88.779
575.8840	70.075	88.909
575.4093	70.240	89.041
574.9344	70.405	89.175
574.4595	70.571	89.311
573.9844	70.738	89.449
573.5092	70.905	89.588
573.0339	71.074	89.730
572.5586	71.243	89.874
572.0831	71.412	90.021
571.6075	71.583	90.169
571.1318	71.754	90.319
570.6559	71.925	90.469
570.1801	72.098	90.622
569.7040	72.271	90.778
569.2278	72.445	90.936
568.7516	72.619	91.097
568.2753	72.794	91.257
567.7989	72.969	91.421
567.3222	73.146	91.587
566.8455	73.323	91.756
566.3687	73.501	91.928
565.8918	73.679	92.103
565.4149	73.859	92.282
564.9377	74.039	92.464
564.4605	74.219	92.650
563.9832	74.401	92.839
563.5057	74.583	93.034
563.0282	74.768	93.242
562.5505	74.953	93.454
562.0728	75.138	93.671
561.5948	75.325	93.893
561.1169	75.512	94.120
560.6388	75.699	94.352
560.1606	75.888	94.590
559.6823	76.077	94.833
559.2039	76.267	95.082
558.7253	76.457	95.338
558.2467	76.648	95.600
557.7679	76.840	95.869
557.2891	77.032	96.145
556.8102	77.225	96.429
556.3311	77.419	96.721
555.8519	77.613	97.020
555.3726	77.808	97.329
554.8932	78.003	97.647
554.4137	78.199	97.975
553.9341	78.395	98.312
553.4543	78.592	98.661
552.9745	78.790	99.020
552.4946	78.988	99.392
552.0145	79.186	99.776
551.5345	79.385	100.173
551.0541	79.584	100.585
550.5737	79.783	101.010
550.0933	79.983	101.451
549.6126	80.183	101.909
549.1320	80.383	102.384
548.6511	80.584	102.879
548.1702	80.784	103.394
547.6891	80.985	103.931
547.2080	81.186	104.491
546.7267	81.387	105.076
546.2454	81.589	105.687
545.7639	81.789	106.326
545.2823	81.990	106.995
544.8007	82.190	107.696
544.3188	82.391	108.434
543.8369	82.591	109.210
543.3549	82.790	110.025
542.8728	82.988	110.885
542.3905	83.186	111.794
541.9082	83.383	112.755
541.4257	83.579	113.775
540.9431	83.774	114.857
540.4604	83.967	116.008
539.9777	84.159	117.233
539.4948	84.348	118.540
539.0118	84.536	119.942
538.5286	84.719	121.491
538.0454	84.900	123.149
537.5621	85.076	124.928
537.0786	85.249	126.837
536.5950	85.417	128.888
536.1114	85.579	131.093
535.6276	85.736	133.463
535.1437	85.885	136.011
534.6597	86.027	138.747
534.1756	86.160	141.674
533.6913	86.283	144.799
533.2070	86.396	148.132
532.7226	86.496	151.672
532.2380	86.584	155.414
531.7534	86.657	159.329
531.2686	86.715	163.407
530.7837	86.757	167.617
530.2987	86.782	171.924
529.8136	86.788	176.281
529.3284	86.777	180.643
528.8430	86.748	184.962
528.3576	86.702	189.193
527.8720	86.638	193.297
527.3864	86.558	197.239
526.9006	86.462	200.993
526.4147	86.351	204.546
525.9287	86.228	207.889
525.4426	86.093	211.024
524.9564	85.948	213.953
524.4700	85.792	216.684
523.9836	85.629	219.225
523.4971	85.457	221.589
523.0104	85.279	223.787
522.5236	85.093	225.826
522.0367	84.902	227.725
521.5497	84.706	229.494
521.0626	84.506	231.143
520.5754	84.301	232.678
520.0881	84.092	234.113
519.6006	83.879	235.456
519.1131	83.664	236.716
518.6254	83.446	237.900
518.1377	83.225	239.015
517.6498	83.003	240.066
517.1618	82.778	241.058
516.6737	82.551	241.996
516.1855	82.322	242.880
515.6971	82.092	243.718
515.2087	81.860	244.514
514.7202	81.626	245.272
514.2314	81.392	245.994
513.7427	81.156	246.683
513.2538	80.919	247.341
512.7648	80.682	247.971
512.2757	80.443	248.574
511.7864	80.203	249.153
511.2971	79.963	249.709
510.8076	79.721	250.244
510.3181	79.479	250.758
509.8284	79.236	251.254
509.3386	78.993	251.733
508.8488	78.749	252.194
508.3587	78.504	252.641
507.8686	78.259	253.072
507.3784	78.014	253.490
506.8880	77.769	253.894
506.3976	77.523	254.287
505.9070	77.276	254.664
505.4163	77.029	255.024
504.9255	76.782	255.373
504.4346	76.535	255.713
503.9436	76.287	256.044
503.4525	76.040	256.367
502.9612	75.792	256.682
502.4698	75.544	256.989
501.9784	75.297	257.289
501.4868	75.049	257.581
500.9951	74.801	257.868
500.5033	74.553	258.148
500.0114	74.306	258.422
499.5193	74.058	258.690
499.0272	73.811	258.953
498.5349	73.563	259.210
498.0426	73.316	259.463
497.5501	73.069	259.711
497.0575	72.822	259.954
496.5648	72.576	260.193
496.0720	72.330	260.428
495.5790	72.083	260.658
495.0860	71.837	260.884
494.5928	71.591	261.107
494.0995	71.345	261.325
493.6062	71.100	261.541
493.1127	70.855	261.753
492.6190	70.611	261.962
492.1253	70.367	262.168
491.6315	70.122	262.367
491.1375	69.879	262.563
490.6435	69.635	262.755
490.1493	69.392	262.946
489.6550	69.149	263.130
489.1606	68.907	263.310
488.6661	68.665	263.489
488.1714	68.423	263.666
487.6767	68.182	263.840
487.1818	67.942	264.013
486.6869	67.702	264.184
486.1918	67.463	264.353
485.6966	67.224	264.517
485.2013	66.985	264.679
484.7058	66.748	264.840
484.2103	66.510	264.999
483.7146	66.274	265.157
483.2189	66.038	265.313
482.7230	65.803	265.468
482.2270	65.569	265.621
481.7309	65.335	265.772
481.2346	65.101	265.922
480.7383	64.869	266.070
480.2419	64.637	266.216
479.7453	64.406	266.361
479.2486	64.175	266.504
478.7518	63.945	266.647
478.2549	63.716	266.788
477.7579	63.488	266.928
477.2608	63.261	267.068
476.7635	63.034	267.205
476.2662	62.808	267.340
475.7687	62.583	267.474
475.2711	62.358	267.607
474.7734	62.135	267.739
474.2756	61.912	267.870
473.7776	61.690	268.000
473.2796	61.469	268.130
472.7814	61.249	268.257
472.2831	61.029	268.384
471.7848	60.810	268.511
471.2863	60.592	268.636
470.7876	60.375	268.760
470.2889	60.159	268.883
469.7900	59.943	269.005
469.2911	59.728	269.127
468.7920	59.515	269.248
468.2928	59.302	269.368
467.7935	59.090	269.487
467.2941	58.878	269.603
466.7945	58.667	269.718
466.2949	58.458	269.833
465.7951	58.249	269.946
465.2952	58.041	270.059
464.7952	57.834	270.172
464.2951	57.628	270.283
463.7949	57.423	270.392
463.2946	57.219	270.500
462.7941	57.017	270.608
462.2935	56.815	270.713
461.7928	56.614	270.817
461.2921	56.415	270.921
460.7911	56.216	271.024
460.2901	56.018	271.126
459.7889	55.822	271.228
459.2877	55.626	271.329
458.7863	55.431	271.428
458.2848	55.237	271.526
457.7832	55.044	271.623
457.2815	54.852	271.720
456.7796	54.661	271.816
456.2777	54.471	271.911
455.7756	54.282	272.006
455.2734	54.094	272.099
454.7711	53.907	272.191
454.2687	53.720	272.282
453.7662	53.535	272.372
453.2635	53.351	272.461
452.7608	53.167	272.549
452.2579	52.985	272.636
451.7549	52.804	272.723
451.2518	52.623	272.810
450.7485	52.444	272.895
450.2452	52.265	272.977

