# lams, desv_psi, desv_delta
999.025300 0.010408 1.937825
998.641500 0.010408 1.937825
998.257800 0.010408 1.937825
997.873900 0.010408 1.937825
997.490000 0.010408 1.937825
997.106000 0.010408 1.937825
996.721900 0.010408 1.937825
996.337700 0.010408 1.937825
995.953500 0.010408 1.937825
995.569200 0.010408 1.937825
995.184800 0.010408 1.937825
994.800300 0.010408 1.937825
994.415800 0.010408 1.937825
994.031100 8.887998 3.462165
993.646400 6.657195 2.007518
993.261700 11.292370 27.950346
992.876800 16.133976 4.979008
992.491900 17.125177 8.144531
992.106900 4.256116 2.355675
991.721800 1.982532 3.013953
991.336700 2.546207 2.954385
990.951400 1.437214 6.150147
990.566100 1.863983 11.663305
990.180700 0.884954 5.037228
989.795300 0.974178 9.639977
989.409700 0.785259 10.265228
989.024100 0.375746 11.350705
988.638400 2.158190 12.304494
988.252600 0.790800 12.523463
987.866800 1.181677 12.509868
987.480900 0.678997 12.756685
987.094900 0.290211 11.726892
986.708800 0.322308 12.239551
986.322600 0.336161 10.817940
985.936400 0.047721 13.759122
985.550100 0.135220 15.602311
985.163800 0.421894 14.760431
984.777300 0.790980 14.812025
984.390700 0.974934 14.469033
984.004100 0.282196 17.282260
983.617400 1.125865 36.396528
983.230700 1.300452 25.872824
982.843800 0.189391 28.607594
982.456900 0.945146 10.673305
982.069900 1.379020 19.745149
981.682800 3.252628 17.611363
981.295700 10.450798 67.670122
980.908400 5.625515 2.263930
980.521100 1.577786 5.224495
980.133700 3.829490 14.078851
979.746300 8.557118 28.862244
979.358700 10.140170 29.091363
978.971100 14.133578 32.547407
978.583400 15.664803 12.548124
978.195600 4.091812 23.797306
977.807700 2.237067 46.089379
977.419900 2.597828 49.416424
977.031900 3.359046 15.307298
976.643700 1.513322 6.255902
976.255600 1.779490 12.869425
975.867400 0.556148 12.393749
975.479000 2.119895 10.829086
975.090600 0.691388 15.498237
974.702100 0.786342 13.354014
974.313600 0.662812 13.937145
973.925000 0.554822 14.038357
973.536300 0.590066 14.913149
973.147500 0.477165 16.931673
972.758600 1.377318 12.127116
972.369700 2.374669 8.360215
971.980700 6.257198 10.296407
971.591600 1.490836 12.894001
971.202400 1.842142 14.017126
970.813100 0.996231 14.670454
970.423800 0.206352 15.664145
970.034400 1.411027 10.771012
969.644900 1.521368 16.743345
969.255300 1.123719 18.983679
968.865700 0.719588 18.024225
968.476000 1.133736 17.408756
968.086100 0.937337 17.298428
967.696200 2.653875 17.108797
967.306300 0.987813 17.611023
966.916300 0.807871 17.389900
966.526100 1.408594 17.529028
966.135900 0.713616 16.611022
965.745700 0.454138 15.978123
965.355300 13.774353 94.382692
964.964900 20.572028 91.710829
964.574300 4.391383 17.011874
964.183800 3.295916 17.177929
963.793100 41.497387 92.901482
963.402300 2.294288 2.448334
963.011500 7.454444 10.469351
962.620700 8.227216 21.032252
962.229700 3.092018 54.715373
961.838600 0.215181 40.321358
961.447400 1.777079 4.593297
961.056200 0.658410 5.865219
960.664900 0.660879 5.337680
960.273600 1.821299 6.387743
959.882100 1.976595 6.881251
959.490500 0.316255 21.447756
959.098900 1.241766 13.035137
958.707300 1.992438 19.881953
958.315500 5.336322 24.209592
957.923600 4.882571 24.538807
957.531700 3.844775 25.732676
957.139600 2.155582 25.564623
956.747600 1.398974 22.138019
956.355400 0.679103 25.982919
955.963200 1.922463 10.452927
955.570900 0.316323 12.008978
955.178400 0.890774 5.306628
954.785900 2.828473 15.967752
954.393400 3.030797 15.986784
954.000700 5.530384 16.552548
953.608000 1.711107 22.502500
953.215200 5.287233 32.237963
952.822300 9.418166 30.597221
952.429300 8.145699 20.269012
952.036300 7.224689 13.933853
951.643200 3.808760 7.331408
951.249900 4.581158 11.504458
950.856700 22.710397 6.771661
950.463300 1.838677 17.001397
950.069900 2.167028 17.742301
949.676300 2.574343 17.411266
949.282700 1.028980 16.117565
948.889000 1.059741 17.806380
948.495300 0.988219 14.217901
948.101400 0.840199 15.557231
947.707500 1.827002 14.414936
947.313500 5.778970 30.876495
946.919400 11.238576 57.759754
946.525300 5.903209 42.219816
946.131000 6.418443 99.044588
945.736700 6.828475 30.703948
945.342300 7.699049 9.504272
944.947800 4.973433 16.840676
944.553200 3.439529 22.280021
944.158600 34.374534 79.294867
943.763900 1.612810 25.946848
943.369100 1.883589 12.210188
942.974200 7.592712 0.218101
942.579200 7.040882 31.909232
942.184100 2.546041 103.905554
941.789000 3.349734 26.719450
941.393800 5.715251 34.799746
940.998500 5.596958 60.442507
940.603100 3.440588 14.431633
940.207700 1.338862 9.713980
939.812200 1.962811 2.523091
939.416600 2.214907 9.101701
939.020900 4.257863 4.845849
938.625100 2.484006 5.029162
938.229200 1.301027 8.682063
937.833300 3.239525 90.033123
937.437300 6.187270 95.185206
937.041200 4.978435 11.064506
936.645000 1.653363 9.188932
936.248700 0.953513 2.511013
935.852400 0.690323 0.852055
935.456000 1.166211 1.554652
935.059400 2.343114 8.560133
934.662900 0.828551 7.536330
934.266200 0.942393 28.228235
933.869400 14.161143 22.916942
933.472700 1.490499 34.674599
933.075700 1.070643 17.632888
932.678700 1.089266 7.367766
932.281700 39.008706 97.316865
931.884500 1.828321 31.531648
931.487300 3.126213 30.882226
931.090000 9.770343 13.437679
930.692600 2.171108 11.751719
930.295100 1.475940 7.822464
929.897500 1.853038 11.912122
929.499900 0.947745 20.786664
929.102200 1.516134 6.150458
928.704300 1.128580 11.772889
928.306500 1.671145 2.888112
927.908500 1.323157 3.075218
927.510400 1.133751 1.582444
927.112300 0.782026 0.823148
926.714100 0.735187 3.005457
926.315800 0.825782 3.060009
925.917400 0.442133 29.204198
925.519000 0.189447 15.584000
925.120400 1.602809 4.870866
924.721800 0.757768 4.865367
924.323100 0.485190 5.500495
923.924300 1.003873 50.176972
923.525500 1.000310 77.150980
923.126500 8.140742 83.412741
922.727500 2.540788 87.514850
922.328300 28.090311 20.167386
921.929100 24.950499 19.776129
921.529800 22.419686 19.372770
921.130500 23.025377 19.647893
920.731100 21.295130 19.066005
920.331500 22.477800 20.606724
919.931900 9.249957 85.901682
919.532200 0.716059 98.571353
919.132400 7.390245 89.442243
918.732600 1.944275 110.277742
918.332600 3.431732 4.296409
917.932600 2.603827 4.498884
917.532500 6.390816 1.740699
917.132300 0.953720 1.544788
916.732100 0.881741 1.079201
916.331700 3.233158 1.510799
915.931300 4.582465 1.774751
915.530800 4.539545 2.279496
915.130200 1.663267 2.230136
914.729500 0.445755 6.699044
914.328700 0.294588 1.897569
913.927900 0.184072 54.709488
913.527000 0.627951 49.780156
913.125900 1.416429 58.775598
912.724900 1.000680 28.729638
912.323700 0.384275 16.899747
911.922400 5.200277 14.528302
911.521100 18.072537 38.886795
911.119600 13.815061 66.746504
910.718100 6.610157 29.256266
910.316500 10.155843 93.869002
909.914900 9.548483 56.430634
909.513100 11.042278 100.071865
909.111300 9.364149 46.791503
908.709300 6.870967 28.876356
908.307300 4.653140 15.261675
907.905200 3.876949 10.795589
907.503100 14.768910 8.123064
907.100800 9.388027 7.070135
906.698400 4.285542 12.019865
906.296000 2.113228 22.678745
905.893500 4.040898 22.187091
905.490900 6.522125 8.125900
905.088300 7.717518 4.983639
904.685500 24.076048 23.133839
904.282600 7.385711 20.692507
903.879700 1.782298 17.862565
903.476700 3.034141 5.324296
903.073600 0.869607 7.228986
902.670400 0.509325 5.785858
902.267200 1.207299 6.230210
901.863800 1.552743 7.013015
901.460400 3.115239 6.595902
901.056900 8.369242 2.017016
900.653300 24.898328 6.866110
900.249600 13.457290 0.974055
899.845800 6.728304 32.880779
899.442000 2.576746 3.676528
899.038000 2.183323 3.672849
898.634000 2.558641 3.600024
898.229900 0.915720 1.692115
897.825700 3.031733 3.558560
897.421400 4.311537 8.125352
897.017100 3.620839 12.351811
896.612700 2.819566 11.386011
896.208100 3.939901 12.683555
895.803500 3.641289 12.828310
895.398900 3.205701 12.823987
894.994100 2.824491 13.244551
894.589200 1.817051 15.729270
894.184300 1.753063 6.518754
893.779200 1.101405 14.397238
893.374100 0.156532 22.307547
892.968900 0.877111 11.665931
892.563700 0.883613 9.679116
892.158300 0.626161 3.255167
891.752800 0.455349 3.806454
891.347300 0.428395 11.848704
890.941700 0.881919 23.868678
890.535900 2.000643 28.512972
890.130200 2.825246 45.524859
889.724300 1.631959 15.104192
889.318400 1.015848 9.185250
888.912300 2.573508 0.451183
888.506200 2.366327 1.662385
888.100000 2.231933 13.142766
887.693700 2.837205 12.978224
887.287300 2.791731 13.748151
886.880800 2.784062 13.867672
886.474300 1.877763 15.135955
886.067600 1.861803 16.146462
885.660900 1.487998 15.452653
885.254100 1.794617 16.242451
884.847200 1.837926 15.578917
884.440200 2.057862 15.066891
884.033200 2.264964 14.521143
883.626000 2.581746 14.249698
883.218800 4.313214 13.431173
882.811500 4.278804 15.634116
882.404100 3.412986 11.935631
881.996600 2.027897 8.461302
881.589000 1.647809 3.962195
881.181300 5.028832 22.638535
880.773600 5.357277 54.395766
880.365800 2.307226 41.351914
879.957900 0.605974 73.357924
879.549900 0.481951 13.728824
879.141800 1.085739 4.396416
878.733600 4.607113 8.320480
878.325300 6.116481 9.834747
877.917000 6.600396 9.766957
877.508500 6.026693 9.785138
877.100000 3.818039 7.042316
876.691500 0.170994 2.032697
876.282800 4.947438 15.255439
875.874000 1.494259 84.171419
875.465100 9.698576 25.325282
875.056200 10.759740 32.757941
874.647200 4.794314 76.349367
874.238000 0.485908 33.391642
873.828900 21.959320 92.073420
873.419600 21.273221 16.085969
873.010200 5.815936 19.269562
872.600700 1.670496 13.259728
872.191200 6.697610 10.277320
871.781600 4.498125 15.059261
871.371800 2.597361 20.255814
870.962000 1.365008 17.118487
870.552100 1.620955 15.112384
870.142200 0.707661 21.702108
869.732100 0.401632 13.472284
869.321900 2.326582 16.405415
868.911700 2.809323 16.172103
868.501300 3.071803 15.825170
868.090900 3.086044 15.386818
867.680500 2.919332 15.818524
867.269900 2.744103 15.585817
866.859200 2.666028 15.834169
866.448500 2.274499 16.331656
866.037600 2.497153 16.943319
865.626700 2.169041 16.505978
865.215700 2.112294 16.083248
864.804600 2.086388 15.777699
864.393400 1.964613 15.830374
863.982100 1.988272 16.381824
863.570700 1.881026 16.321866
863.159300 1.586370 16.194448
862.747700 1.736735 16.914336
862.336100 1.856616 17.615133
861.924400 2.192362 18.415839
861.512600 1.835519 18.443285
861.100800 1.503584 17.896636
860.688800 1.255050 18.011255
860.276700 1.653645 18.684033
859.864600 1.951808 18.078123
859.452300 1.778408 19.449676
859.040000 1.725098 19.557584
858.627600 1.578737 19.750194
858.215100 1.499066 19.773727
857.802600 1.361323 20.400271
857.389900 1.012430 20.905934
856.977100 0.860085 21.406366
856.564300 0.888637 21.749054
856.151400 0.925269 22.295195
855.738300 0.827107 21.861334
855.325300 0.881446 22.768933
854.912000 0.923622 23.417879
854.498800 0.989256 22.597210
854.085400 0.925633 22.314185
853.671900 1.056418 23.205062
853.258400 0.884056 22.945141
852.844800 0.773170 22.808572
852.431100 0.827339 21.851169
852.017300 1.466979 23.811854
851.603400 1.192304 23.027213
851.189400 1.377524 23.555396
850.775300 1.573984 24.957476
850.361200 1.682107 23.033155
849.947000 1.597151 23.391188
849.532600 2.155095 24.833350
849.118200 2.379061 25.688482
848.703700 2.504683 25.650399
848.289100 2.247837 25.312597
847.874400 2.353730 24.647175
847.459700 2.730717 24.821891
847.044800 2.836525 24.460714
846.629800 3.231547 24.415055
846.214800 3.917398 24.365234
845.799700 3.993558 24.216506
845.384500 3.987325 24.297438
844.969200 4.030379 24.502636
844.553800 3.888389 24.690263
844.138300 3.871286 24.460173
843.722700 3.865506 23.997138
843.307100 4.144460 23.636392
842.891400 4.100900 24.184418
842.475500 4.086894 24.282510
842.059600 4.270151 24.841375
841.643600 4.274685 24.712864
841.227500 4.085437 24.277059
840.811300 4.077805 23.875269
840.395100 4.271293 24.142581
839.978700 4.333966 24.183234
839.562300 4.288091 23.925117
839.145700 4.473942 23.754092
838.729100 4.640330 23.548500
838.312400 4.698805 23.494162
837.895600 4.728286 23.153567
837.478700 4.741063 22.900289
837.061700 4.791180 22.761857
836.644700 4.762419 22.584880
836.227500 4.792706 22.611594
835.810200 4.804061 22.581542
835.392900 4.801342 22.360708
834.975500 4.827100 22.311054
834.557900 4.815537 22.213009
834.140300 4.813091 22.248361
833.722700 4.821799 22.279606
833.304900 4.829881 22.281987
832.887000 4.819051 22.326367
832.469100 4.795854 22.359179
832.051000 4.779486 22.424057
831.632900 4.764828 22.424074
831.214600 4.744842 22.451336
830.796300 4.725669 22.458568
830.377900 4.718086 22.501544
829.959400 4.691282 22.565998
829.540800 4.645127 22.677887
829.122100 4.595123 22.789506
828.703400 4.542591 22.886374
828.284500 4.486193 22.941594
827.865600 4.444239 23.049139
827.446500 4.395313 23.132052
827.027500 4.336617 23.310774
826.608200 4.281854 23.456087
826.188900 4.223200 23.661955
825.769500 4.168853 23.837082
825.350000 4.108713 24.030129
824.930500 4.045482 24.213007
824.510800 3.978742 24.427239
824.091100 3.918990 24.656816
823.671300 3.850522 24.861360
823.251300 3.785363 25.126919
822.831300 3.721652 25.375131
822.411200 3.653303 25.618694
821.991000 3.596844 25.862732
821.570700 3.528242 26.099963
821.150300 3.459025 26.374945
820.729900 3.392617 26.636560
820.309300 3.325080 26.921743
819.888600 3.261402 27.188251
819.467900 3.193601 27.465323
819.047100 3.127060 27.744539
818.626200 3.057232 28.037104
818.205100 2.986831 28.319215
817.784100 2.915048 28.601955
817.362900 2.833767 28.918201
816.941600 2.763079 29.208324
816.520200 2.684659 29.506125
816.098800 2.606499 29.811825
815.677200 2.534172 30.119189
815.255600 2.453739 30.411824
814.833800 2.376422 30.706427
814.412000 2.306737 30.957775
813.990100 2.228343 31.228524
813.568100 2.150481 31.489846
813.146000 2.061119 31.759365
812.723800 1.971885 32.015514
812.301500 1.906714 32.245723
811.879200 1.805551 32.492089
811.456700 1.720000 32.723131
811.034100 1.637080 32.923134
810.611500 1.551807 33.138316
810.188800 1.470129 33.308940
809.765900 1.385814 33.475233
809.343000 1.295626 33.615902
808.920000 1.218439 33.738131
808.496900 1.130594 33.857580
808.073700 1.043132 33.946097
807.650500 0.960004 34.037261
807.227100 0.868940 34.103315
806.803600 0.785500 34.154457
806.380100 0.699884 34.191326
805.956400 0.622407 34.202733
805.532700 0.545644 34.210767
805.108900 0.468721 34.184070
804.685000 0.401060 34.181046
804.261000 0.334576 34.122233
803.836900 0.286870 34.080457
803.412700 0.254410 34.012619
802.988400 0.237153 33.934495
802.564000 0.244937 33.853408
802.139600 0.280886 33.721386
801.715000 0.330385 33.587104
801.290300 0.387599 33.461086
800.865700 0.446334 33.320720
800.440800 0.515582 33.136682
800.015900 0.578699 32.984188
799.590900 0.642184 32.807802
799.165800 0.703864 32.638062
798.740600 0.769794 32.443776
798.315300 0.832180 32.246315
797.889900 0.893698 32.052011
797.464400 0.955678 31.839425
797.038900 1.009939 31.622590
796.613200 1.066380 31.405938
796.187500 1.124806 31.158231
795.761700 1.178607 30.936220
795.335700 1.226459 30.708625
794.909700 1.279287 30.480917
794.483600 1.330711 30.228898
794.057400 1.378650 29.982370
793.631000 1.428161 29.713373
793.204700 1.472491 29.453625
792.778200 1.519831 29.176874
792.351600 1.561029 28.918320
791.924900 1.602383 28.646361
791.498200 1.641934 28.393025
791.071400 1.679427 28.148496
790.644400 1.713833 27.884623
790.217300 1.747050 27.623960
789.790200 1.782624 27.356068
789.363000 1.813392 27.098723
788.935700 1.844099 26.856395
788.508300 1.874297 26.581178
788.080700 1.901106 26.308241
787.653200 1.928557 26.046178
787.225500 1.950004 25.788955
786.797700 1.970395 25.535008
786.369900 1.991196 25.291741
785.941900 2.012603 25.037939
785.513900 2.032044 24.790443
785.085700 2.050499 24.530136
784.657500 2.068198 24.289619
784.229100 2.083313 24.056652
783.800700 2.098047 23.824444
783.372200 2.113175 23.587301
782.943500 2.127779 23.359979
782.514800 2.140083 23.134603
782.086100 2.149273 22.908705
781.657200 2.157474 22.685900
781.228200 2.165814 22.459783
780.799100 2.174685 22.232996
780.369900 2.183293 22.012009
779.940700 2.189254 21.796972
779.511300 2.195614 21.580863
779.081800 2.203033 21.370874
778.652300 2.211576 21.163518
778.222700 2.218532 20.962006
777.793000 2.223965 20.754825
777.363200 2.231851 20.555235
776.933200 2.238871 20.353904
776.503200 2.245092 20.164219
776.073100 2.252577 19.974579
775.642900 2.257610 19.791081
775.212600 2.263562 19.605654
774.782200 2.271441 19.425893
774.351700 2.276739 19.236164
773.921200 2.285358 19.062610
773.490500 2.294704 18.887404
773.059800 2.301674 18.708910
772.628900 2.313293 18.544151
772.198000 2.325912 18.381728
771.766900 2.338370 18.213459
771.335800 2.349633 18.048048
770.904600 2.363424 17.884122
770.473300 2.380199 17.738231
770.041900 2.392554 17.595719
769.610400 2.403656 17.438143
769.178700 2.427104 17.312506
768.747100 2.449638 17.203625
768.315200 2.461548 17.103896
767.883400 2.473866 16.962172
767.451400 2.500564 16.834409
767.019300 2.536974 16.701886
766.587200 2.567921 16.574825
766.154900 2.600148 16.443413
765.722500 2.640917 16.314335
765.290100 2.683662 16.239159
764.857500 2.729473 16.115731
764.424900 2.777901 16.007515
763.992200 2.840217 15.928818
763.559300 2.906592 15.844365
763.126400 2.974637 15.762785
762.693400 3.045927 15.658490
762.260300 3.130384 15.581452
761.827100 3.216484 15.513410
761.393800 3.313200 15.459717
760.960400 3.417186 15.420251
760.526900 3.524792 15.389635
760.093300 3.642447 15.384534
759.659700 3.768543 15.390401
759.225900 3.896162 15.408378
758.792100 4.021035 15.451145
758.358100 4.158954 15.503590
757.924000 4.283654 15.600868
757.489900 4.427322 15.683346
757.055600 4.573237 15.792221
756.621300 4.704912 15.952479
756.186800 4.849246 16.119102
755.752300 5.002712 16.293623
755.317700 5.153239 16.524611
754.883000 5.305639 16.739639
754.448200 5.441222 17.002848
754.013200 5.576383 17.298802
753.578200 5.701376 17.607961
753.143100 5.821541 17.945905
752.707900 5.910786 18.262270
752.272600 5.990717 18.548830
751.837300 6.058185 18.859074
751.401800 6.094240 19.206944
750.966200 6.121582 19.577460
750.530600 6.131816 19.976831
750.094800 6.140329 20.423740
749.658900 6.132366 20.885853
749.223000 6.112126 21.385403
748.786900 6.068065 21.909782
748.350800 5.997805 22.489480
747.914600 5.913274 23.107007
747.478200 5.817011 23.721148
747.041700 5.706633 24.441767
746.605200 5.573101 25.150039
746.168600 5.432125 25.943034
745.731900 5.286261 26.747540
745.295000 5.102863 27.608229
744.858200 4.945636 28.483848
744.421100 4.741486 29.407878
743.984100 4.526885 30.347077
743.546800 4.301898 31.309859
743.109600 4.085288 32.250634
742.672200 3.851151 33.219087
742.234700 3.625782 34.180808
741.797100 3.374407 35.116825
741.359400 3.156855 35.966889
740.921600 2.922328 36.887678
740.483800 2.718837 37.657426
740.045800 2.565329 38.310760
739.607700 2.454633 38.931475
739.169600 2.395286 39.416042
738.731300 2.399641 39.825077
738.293000 2.455916 40.244381
737.854500 2.566806 40.483467
737.416000 2.733968 40.622256
736.977300 2.945594 40.608815
736.538600 3.205778 40.672330
736.099700 3.483441 40.546159
735.660800 3.783563 40.468110
735.221800 4.103002 40.438791
734.782700 4.430243 40.323198
734.343400 4.767178 40.138075
733.904100 5.116215 40.095665
733.464700 5.456950 39.872664
733.025200 5.792524 39.515986
732.585600 6.129886 39.170749
732.145900 6.456087 38.777161
731.706100 6.764676 38.228001
731.266200 7.069875 37.630443
730.826200 7.364091 37.005182
730.386100 7.641046 36.310464
729.945900 7.882773 35.407978
729.505700 8.103174 34.592914
729.065300 8.306303 33.544729
728.624800 8.492558 32.478645
728.184300 8.667338 31.479424
727.743600 8.818275 30.457852
727.302800 8.954360 29.500514
726.861900 9.080282 28.512164
726.421000 9.177138 27.617959
725.979900 9.249590 26.823319
725.538800 9.309943 26.074355
725.097500 9.342886 25.537425
724.656100 9.347987 25.113358
724.214700 9.342595 24.873213
723.773200 9.317129 24.702748
723.331500 9.274409 24.549789
722.889800 9.210990 24.411084
722.447900 9.131794 24.308748
722.006000 9.035966 24.213027
721.564000 8.910393 24.194977
721.121800 8.769032 24.269677
720.679600 8.607317 24.411064
720.237300 8.422734 24.629351
719.794900 8.215445 24.898927
719.352400 7.998068 25.047686
718.909700 7.772424 25.318374
718.467000 7.564412 25.463361
718.024200 7.343194 25.651925
717.581300 7.135850 25.942510
717.138300 6.917748 26.283771
716.695200 6.681993 26.671776
716.252000 6.446698 27.106976
715.808700 6.210512 27.577750
715.365300 5.980505 28.017389
714.921800 5.752384 28.461156
714.478200 5.522354 28.987392
714.034500 5.360070 29.393129
713.590700 5.189350 29.854190
713.146900 5.022203 30.346812
712.702800 4.838141 30.905565
712.258800 4.675500 31.470730
711.814600 4.514156 32.097532
711.370300 4.332948 32.710782
710.925900 4.179660 33.275296
710.481400 4.012170 33.886529
710.036900 3.848020 34.479564
709.592200 3.715183 35.043084
709.147400 3.576846 35.633775
708.702600 3.426184 36.200214
708.257600 3.258414 36.780679
707.812500 3.112008 37.329803
707.367400 2.948389 37.833160
706.922100 2.774501 38.298639
706.476700 2.609784 38.717893
706.031300 2.440037 39.093045
705.585700 2.313979 39.438298
705.140100 2.147091 39.718850
704.694300 1.981581 39.996248
704.248400 1.833468 40.234705
703.802500 1.688820 40.435046
703.356400 1.557403 40.594200
702.910300 1.422824 40.706570
702.464100 1.283889 40.782058
702.017700 1.143049 40.809230
701.571200 1.024396 40.769940
701.124700 0.895163 40.680029
700.678000 0.799781 40.533115
700.231300 0.735731 40.327506
699.784400 0.718761 40.082003
699.337500 0.744617 39.741807
698.890400 0.811165 39.353990
698.443300 0.909223 38.913133
697.996100 1.023454 38.425280
697.548800 1.149221 37.887908
697.101300 1.279239 37.285484
696.653700 1.409124 36.648671
696.206100 1.534021 36.007082
695.758400 1.658771 35.353473
695.310500 1.770049 34.700838
694.862600 1.873728 34.029867
694.414600 1.967436 33.363655
693.966400 2.049858 32.701905
693.518200 2.125053 32.032141
693.069900 2.191732 31.419255
692.621500 2.257651 30.816774
692.172900 2.320260 30.260867
691.724300 2.381218 29.741775
691.275600 2.416232 29.212550
690.826700 2.446330 28.707123
690.377800 2.474972 28.232655
689.928800 2.502233 27.796497
689.479700 2.535611 27.391662
689.030400 2.560327 26.923578
688.581100 2.583297 26.469716
688.131700 2.604297 26.039573
687.682100 2.625126 25.623288
687.232500 2.642227 25.216184
686.782800 2.662635 24.833439
686.332900 2.680281 24.465713
685.883000 2.701020 24.119351
685.433000 2.712196 23.768997
684.982800 2.726422 23.432658
684.532700 2.731448 23.098812
684.082300 2.739238 22.788036
683.631900 2.743170 22.482983
683.181300 2.743881 22.199348
682.730700 2.742886 21.945304
682.280000 2.746440 21.718139
681.829200 2.755286 21.496845
681.378200 2.784461 21.302506
680.927200 2.828473 21.122121
680.476100 2.872054 20.953126
680.024800 2.914317 20.768434
679.573500 2.961225 20.613258
679.122100 3.000960 20.475311
678.670500 3.060809 20.358395
678.218900 3.124932 20.225583
677.767200 3.189216 20.092440
677.315400 3.260814 19.972891
676.863400 3.317071 19.837505
676.411400 3.376789 19.723388
675.959200 3.453365 19.563326
675.507000 3.540611 19.436906
675.054700 3.625166 19.306731
674.602200 3.703857 19.198258
674.149700 3.792878 19.122314
673.697100 3.891596 19.064794
673.244300 3.989520 19.007934
672.791500 4.070579 18.989214
672.338600 4.161173 18.975485
671.885500 4.262575 19.004092
671.432400 4.351535 19.028820
670.979100 4.444491 19.104110
670.525800 4.532346 19.196413
670.072300 4.602450 19.337353
669.618800 4.665812 19.504870
669.165100 4.722250 19.706546
668.711400 4.765372 19.965016
668.257500 4.780335 20.290000
667.803500 4.789421 20.615592
667.349500 4.771915 20.996291
666.895300 4.742340 21.410671
666.441100 4.697526 21.911667
665.986800 4.643554 22.440693
665.532300 4.569679 23.042758
665.077700 4.480615 23.722249
664.623000 4.382443 24.461128
664.168300 4.253426 25.255184
663.713400 4.108669 26.094564
663.258400 3.938365 26.987657
662.803400 3.751908 27.938136
662.348200 3.555780 28.958730
661.892900 3.345674 30.033440
661.437600 3.138433 31.112412
660.982100 2.917718 32.230475
660.526500 2.690299 33.323150
660.070800 2.473951 34.349885
659.615100 2.258521 35.365616
659.159200 2.058550 36.311552
658.703200 1.881833 37.202301
658.247100 1.756286 38.016152
657.790900 1.693115 38.769528
657.334600 1.715476 39.446062
656.878200 1.816577 40.038446
656.421800 1.987898 40.545245
655.965100 2.226704 40.916598
655.508400 2.509222 41.187526
655.051600 2.819135 41.409223
654.594700 3.160185 41.527645
654.137700 3.512936 41.557886
653.680600 3.884133 41.484718
653.223400 4.257412 41.348400
652.766100 4.633653 41.152678
652.308700 5.001944 40.852514
651.851100 5.361301 40.484158
651.393600 5.713356 40.050618
650.935800 6.055427 39.540575
650.478000 6.374671 38.984451
650.020100 6.684277 38.363315
649.562000 6.960031 37.710629
649.103900 7.210690 36.999129
648.645700 7.428120 36.261426
648.187300 7.627771 35.521444
647.728900 7.803026 34.794172
647.270300 7.948525 34.108122
646.811700 8.065278 33.464859
646.353000 8.166192 32.890764
645.894100 8.249112 32.410540
645.435100 8.307318 32.043329
644.976100 8.330563 31.782391
644.516900 8.315889 31.650266
644.057700 8.272703 31.603231
643.598300 8.196592 31.661040
643.138900 8.088625 31.812749
642.679300 7.966166 32.092205
642.219600 7.818068 32.453006
641.759800 7.668603 32.968563
641.299900 7.488468 33.611781
640.840000 7.266686 34.366752
640.379900 7.044024 35.176344
639.919700 6.803655 36.087917
639.459400 6.552880 37.032797
638.999000 6.294438 38.047157
638.538500 6.028030 39.106839
638.077900 5.750387 40.292216
637.617200 5.456217 41.469666
637.156400 5.136473 42.659143
636.695400 4.810074 43.838904
636.234400 4.480073 44.954943
635.773300 4.141280 46.003069
635.312100 3.800192 46.948581
634.850800 3.461489 47.837803
634.389300 3.127537 48.515980
633.927800 2.791145 49.088274
633.466200 2.477178 49.568564
633.004400 2.164101 49.933085
632.542500 1.875317 50.187049
632.080600 1.600395 50.325330
631.618600 1.348731 50.325116
631.156400 1.123004 50.248326
630.694200 0.941148 50.049986
630.231800 0.830350 49.751957
629.769300 0.792091 49.301627
629.306800 0.839200 48.819499
628.844100 0.949904 48.243090
628.381300 1.102480 47.609562
627.918400 1.263563 46.864548
627.455400 1.426355 46.043521
626.992300 1.592914 45.163971
626.529100 1.759109 44.254217
626.065800 1.912208 43.253269
625.602400 2.054230 42.191371
625.138900 2.172004 41.075999
624.675300 2.288343 39.947316
624.211500 2.380162 38.855785
623.747700 2.484031 37.821017
623.283800 2.561385 36.812172
622.819800 2.650199 35.830870
622.355700 2.714968 34.892873
621.891400 2.795044 34.035642
621.427100 2.842778 33.064881
620.962600 2.887884 32.211060
620.498000 2.913905 31.416729
620.033400 2.956621 30.649466
619.568700 3.013780 30.050459
619.103800 3.044007 29.242299
618.638800 3.079602 28.624872
618.173700 3.108107 27.838991
617.708600 3.129144 26.929000
617.243300 3.155071 26.153666
616.777900 3.181424 25.679365
616.312400 3.242468 25.314763
615.846800 3.290528 24.955469
615.381000 3.336563 24.534540
614.915300 3.360154 24.160170
614.449300 3.463352 23.820972
613.983300 3.560375 23.432469
613.517200 3.640372 23.025866
613.051000 3.659658 22.804756
612.584700 3.723024 22.512429
612.118200 3.727080 22.375419
611.651700 3.763692 22.193453
611.185000 3.824953 21.981529
610.718300 3.844560 21.849314
610.251400 3.841423 21.888589
609.784400 3.953792 21.846221
609.317300 4.166574 21.576371
608.850200 4.295960 21.511767
608.382900 4.401657 21.492012
607.915500 4.424060 21.582742
607.448000 4.486370 21.541486
606.980400 4.558685 21.361876
606.512700 4.557263 21.311891
606.044900 4.409801 21.587993
605.577000 4.211972 22.035523
605.108900 3.991636 22.571775
604.640800 3.801909 23.001235
604.172600 3.617475 23.684837
603.704200 3.427041 24.303663
603.235800 3.374915 24.503009
602.767300 3.321272 24.149657
602.298600 3.134514 23.657268
601.829800 2.896223 23.344005
601.361000 2.638863 23.451340
600.892000 2.385879 24.030224
600.422900 2.152157 25.115421
599.953700 1.930197 26.534349
599.484400 1.767205 28.119603
599.015000 1.677783 29.596022
598.545500 1.591585 30.802406
598.075900 1.586890 32.238222
597.606200 1.575387 33.400218
597.136400 1.633983 34.597328
596.666400 1.825441 35.970664
596.196400 1.983388 37.155714
595.726300 2.129260 38.076739
595.256000 2.297381 38.705326
594.785700 2.471670 39.104813
594.315200 2.693809 39.391287
593.844700 2.961718 39.669617
593.374000 3.208170 39.748559
592.903200 3.475581 39.770284
592.432300 3.773175 39.729998
591.961300 4.098480 39.726441
591.490200 4.460478 39.571347
591.019000 4.844372 39.529957
590.547700 5.204408 39.425266
590.076300 5.524951 39.130694
589.604800 5.836036 38.782298
589.133100 6.145568 38.459651
588.661400 6.435663 38.251498
588.189600 6.705157 38.029538
587.717600 6.937408 37.781496
587.245500 7.146048 37.257961
586.773400 7.327976 36.745685
586.301100 7.484660 36.539004
585.828700 7.636359 36.332666
585.356300 7.793234 36.348839
584.883700 7.897859 36.548555
584.410900 7.949361 37.028419
583.938200 7.952508 37.732901
583.465200 7.919988 38.603908
582.992200 7.829795 39.707551
582.519100 7.685797 41.001350
582.045800 7.486635 42.383522
581.572500 7.244765 43.953062
581.099100 6.964591 45.656947
580.625500 6.633115 47.480651
580.151900 6.273145 49.257956
579.678000 5.895219 51.107052
579.204200 5.487909 52.867117
578.730200 5.058841 54.466123
578.256100 4.615029 55.897703
577.781900 4.162732 57.089072
577.307600 3.705885 58.089310
576.833200 3.242658 58.831493
576.358600 2.784007 59.342305
575.884000 2.349919 59.626785
575.409300 1.952717 59.667993
574.934400 1.588765 59.472761
574.459500 1.290053 59.095116
573.984400 1.102167 58.525675
573.509200 1.065023 57.743739
573.033900 1.161579 56.772794
572.558600 1.351866 55.644489
572.083100 1.579529 54.355267
571.607500 1.825104 52.898966
571.131800 2.067425 51.364910
570.655900 2.299693 49.733129
570.180100 2.511721 48.005184
569.704000 2.713174 46.205912
569.227800 2.884426 44.385487
568.751600 3.035046 42.589997
568.275300 3.164242 40.817355
567.798800 3.275261 39.113722
567.322200 3.364820 37.509009
566.845500 3.447141 35.987021
566.368700 3.515480 34.570800
565.891800 3.583276 33.279392
565.414900 3.645105 32.032496
564.937700 3.697883 30.857954
564.460500 3.755403 29.796288
563.983200 3.799981 28.854225
563.505700 3.830335 27.946528
563.028200 3.838831 27.075773
562.550500 3.835025 26.313328
562.072800 3.814476 25.620797
561.594800 3.778607 25.023652
561.116900 3.705779 24.497430
560.638800 3.598726 24.076290
560.160600 3.455199 23.749420
559.682300 3.309172 23.506608
559.203900 3.178006 23.333844
558.725300 3.034258 23.248065
558.246700 2.883306 23.232669
557.767900 2.722471 23.292886
557.289100 2.563261 23.460040
556.810200 2.406442 23.766680
556.331100 2.254577 24.161316
555.851900 2.122407 24.669015
555.372600 1.992778 25.215089
554.893200 1.877920 25.817339
554.413700 1.775523 26.428128
553.934100 1.712701 26.970249
553.454300 1.652961 27.482126
552.974500 1.616023 27.894976
552.494600 1.579576 28.281409
552.014500 1.541656 28.656405
551.534400 1.504301 29.015340
551.054100 1.458826 29.358563
550.573700 1.389845 29.687429
550.093300 1.321940 30.010266
549.612700 1.226928 30.328258
549.132000 1.137298 30.717978
548.651100 1.054378 31.057990
548.170200 1.009935 31.374324
547.689100 1.027247 31.650506
547.208000 1.137831 31.869619
546.726700 1.355396 32.038880
546.245400 1.658739 32.157637
545.763900 2.033786 32.204580
545.282300 2.450399 32.212022
544.800700 2.899070 32.199929
544.318800 3.367886 32.171049
543.836900 3.849228 32.153255
543.354900 4.329592 32.185241
542.872800 4.790714 32.321026
542.390500 5.196058 33.070336
541.908200 5.551356 33.934574
541.425700 5.924891 34.415063
540.943100 6.276594 34.969107
540.460400 6.608155 35.621112
539.977700 6.894323 36.408523
539.494800 7.139342 37.382801
539.011800 7.345137 38.570819
538.528600 7.463768 40.188166
538.045400 7.528689 42.090779
537.562100 7.549866 44.627817
537.078600 7.483250 47.851045
536.595000 7.338686 51.903598
536.111400 7.103462 56.710633
535.627600 6.762434 62.062968
535.143700 6.329153 67.373545
534.659700 5.820227 72.132820
534.175600 5.268891 76.026519
533.691300 4.689391 78.840123
533.207000 4.117725 80.649150
532.722600 3.569704 81.590353
532.238000 3.083087 81.811266
531.753400 2.660894 81.406105
531.268600 2.327717 80.547649
530.783700 2.087583 79.373832
530.298700 1.960679 78.020772
529.813600 1.972392 76.324181
529.328400 2.108942 74.323306
528.843000 2.344472 71.926263
528.357600 2.640138 68.966461
527.872000 2.958825 65.405018
527.386400 3.259851 61.307480
526.900600 3.519923 56.842536
526.414700 3.736469 52.267405
525.928700 3.901236 47.943462
525.442600 4.021604 43.997385
524.956400 4.085692 40.500416
524.470000 4.118143 37.534957
523.983600 4.120848 35.032572
523.497100 4.097943 32.912522
523.010400 4.056123 31.087961
522.523600 4.000652 29.629132
522.036700 3.931525 28.402169
521.549700 3.833378 27.315632
521.062600 3.725634 26.415862
520.575400 3.608089 25.650320
520.088100 3.470023 25.067211
519.600600 3.319930 24.592067
519.113100 3.155847 24.278770
518.625400 2.988221 24.125522
518.137700 2.812734 24.097549
517.649800 2.634134 24.193160
517.161800 2.452868 24.360408
516.673700 2.270792 24.557442
516.185500 2.091301 24.802311
515.697100 1.916553 25.063999
515.208700 1.739978 25.332422
514.720200 1.565651 25.521421
514.231400 1.387434 25.744662
513.742700 1.198556 25.919170
513.253800 1.007199 26.118685
512.764800 0.809399 26.295020
512.275700 0.636783 26.480826
511.786400 0.523154 26.629371
511.297100 0.512957 26.765908
510.807600 0.621821 26.844659
510.318100 0.828892 26.912662
509.828400 1.088369 26.918725
509.338600 1.369702 26.901514
508.848800 1.657641 26.605760
508.358700 1.956317 26.133736
507.868600 2.275620 25.418816
507.378400 2.580759 24.502294
506.888000 2.868624 23.352058
506.397600 3.239607 21.998361
505.907000 3.631636 20.424819
505.416300 4.023283 18.671720
504.925500 4.399972 16.809473
504.434600 4.755438 14.835013
503.943600 5.097206 12.817820
503.452500 5.404592 11.127650
502.961200 5.685329 11.087276
502.469800 5.872608 12.625261
501.978400 5.970626 16.813937
501.486800 6.003084 22.944852
500.995100 5.919009 31.691114
500.503300 5.680410 42.590368
500.011400 5.285603 53.728512
499.519300 4.782000 63.558372
499.027200 4.243116 71.494316
498.534900 3.717431 77.092592
498.042600 3.262212 81.325724
497.550100 2.930151 84.766024
497.057500 2.756529 87.687366
496.564800 2.769428 90.356352
496.072000 2.918352 93.911773
495.579000 3.175359 99.066269
495.086000 3.429198 106.461775
494.592800 3.613004 125.082038
494.099500 3.393694 99.906000
493.606200 3.115142 92.370266
493.112700 2.962921 87.586111
492.619000 2.944057 82.908644
492.125300 3.066245 76.974396
491.631500 3.270130 68.403687
491.137500 3.550505 56.823386
490.643500 3.725430 42.790195
490.149300 3.748925 30.470263
489.655000 3.630929 21.763398
489.160600 3.445512 16.639808
488.666100 3.228402 13.969386
488.171400 3.008436 12.876742
487.676700 2.793024 12.810282
487.181800 2.557683 13.471301
486.686900 2.335824 14.491882
486.191800 2.134225 15.551213
485.696600 1.922510 16.615736
485.201300 1.718750 17.584703
484.705800 1.531837 18.483178
484.210300 1.344516 19.268941
483.714600 1.151965 19.940730
483.218900 0.954954 20.514974
482.723000 0.761641 21.017343
482.227000 0.558256 21.399845
481.730900 0.364926 21.648433
481.234600 0.084908 21.647730
480.738300 0.229210 21.492110
480.241900 0.521732 21.169854
479.745300 0.808398 20.703240
479.248600 1.069378 20.119640
478.751800 1.276433 19.358707
478.254900 1.425652 18.453108
477.757900 1.498523 17.365485
477.260800 1.511693 16.142289
476.763500 1.485623 14.836284
476.266200 1.414074 13.399466
475.768700 1.310345 11.884258
475.271100 1.181279 10.258966
474.773400 1.056547 8.615139
474.275600 0.938615 7.019706
473.777600 0.824612 5.532226
473.279600 0.708714 4.219290
472.781400 0.592102 3.145111
472.283100 0.490842 2.359117
471.784800 0.413562 1.788358
471.286300 0.370817 1.570188
470.787600 0.353187 1.641133
470.288900 0.360728 1.810962
469.790000 0.349763 2.018297
469.291100 0.355781 2.145896
468.792000 0.321299 2.349919
468.292800 0.301109 2.571831
467.793500 0.289904 2.761056
467.294100 0.276339 2.299270
466.794500 0.292613 1.861899
466.294900 0.289446 1.664982
465.795100 0.328967 1.568701
465.295200 0.322980 1.701234
464.795200 0.326378 1.840040
464.295100 0.334626 1.991733
463.794900 0.346829 2.151529
463.294600 0.363913 2.312159
462.794100 0.383931 2.442688
462.293500 0.410101 2.569948
461.792800 0.441526 2.719329
461.292100 0.473986 2.818637
460.791100 0.515117 2.900576
460.290100 0.651242 2.285622
459.788900 0.790152 1.596411
459.287700 0.911755 1.544084
458.786300 0.991555 2.667622
458.284800 1.024867 4.270087
457.783200 0.999788 5.877017
457.281500 0.913683 7.430028
456.779600 0.770654 8.750719
456.277700 0.590804 9.888583
455.775600 0.381060 10.770986
455.273400 0.211235 11.395159
454.771100 0.288365 11.782035
454.268700 0.537517 11.957183
453.766200 0.569232 11.862745
453.263500 0.593043 11.697094
452.760800 0.605378 11.437221
452.257900 0.610417 11.086839
451.754900 0.603950 10.645430
451.251800 0.589992 10.114684
450.748500 0.564809 9.453413
450.245200 0.533308 8.705717
449.741700 0.495359 7.833290
449.238200 0.448687 6.824566
448.734500 0.400902 5.667276
448.230700 0.359875 4.371892
447.726700 0.339634 2.904821
447.222700 0.357553 1.351777
446.718600 0.425113 1.045678
446.214300 0.537314 2.971066
445.709900 0.687869 5.325650
445.205400 0.870553 8.021698
444.700800 1.082378 11.066032
444.196000 1.323163 14.508663
443.691200 1.591658 18.459254
443.186200 1.884794 22.973405
442.681200 2.203454 28.232103
442.175900 2.540990 34.495407
441.670600 2.886472 42.198835
441.165200 3.217935 52.354330
440.659600 3.479121 66.515889
440.154000 3.600334 84.106372
439.648200 3.600334 84.106372
