# Wavelength(nm) Reflectancia
300.0000	0.4922
301.0000	0.4985
302.0000	0.5049
303.0000	0.5113
304.0000	0.5180
305.0000	0.5247
306.0000	0.5314
307.0000	0.5383
308.0000	0.5453
309.0000	0.5523
310.0000	0.5594
311.0000	0.5665
312.0000	0.5736
313.0000	0.5808
314.0000	0.5880
315.0000	0.5953
316.0000	0.6025
317.0000	0.6098
318.0000	0.6170
319.0000	0.6191
320.0000	0.6213
321.0000	0.6237
322.0000	0.6263
323.0000	0.6291
324.0000	0.6321
325.0000	0.6353
326.0000	0.6388
327.0000	0.6426
328.0000	0.6466
329.0000	0.6509
330.0000	0.6555
331.0000	0.6605
332.0000	0.6657
333.0000	0.6713
334.0000	0.6773
335.0000	0.6836
336.0000	0.6904
337.0000	0.6976
338.0000	0.7052
339.0000	0.7133
340.0000	0.7219
341.0000	0.7309
342.0000	0.7405
343.0000	0.7507
344.0000	0.7615
345.0000	0.7592
346.0000	0.7569
347.0000	0.7545
348.0000	0.7521
349.0000	0.7497
350.0000	0.7472
351.0000	0.7447
352.0000	0.7421
353.0000	0.7395
354.0000	0.7368
355.0000	0.7340
356.0000	0.7312
357.0000	0.7282
358.0000	0.7252
359.0000	0.7219
360.0000	0.7184
361.0000	0.7147
362.0000	0.7106
363.0000	0.7063
364.0000	0.7016
365.0000	0.6966
366.0000	0.6910
367.0000	0.6853
368.0000	0.6791
369.0000	0.6727
370.0000	0.6659
371.0000	0.6588
372.0000	0.6513
373.0000	0.6435
374.0000	0.6356
375.0000	0.6275
376.0000	0.6191
377.0000	0.6105
378.0000	0.6016
379.0000	0.5928
380.0000	0.5836
381.0000	0.5745
382.0000	0.5652
383.0000	0.5556
384.0000	0.5459
385.0000	0.5359
386.0000	0.5261
387.0000	0.5160
388.0000	0.5057
389.0000	0.5000
390.0000	0.4942
391.0000	0.4886
392.0000	0.4829
393.0000	0.4772
394.0000	0.4715
395.0000	0.4657
396.0000	0.4601
397.0000	0.4544
398.0000	0.4488
399.0000	0.4432
400.0000	0.4376
401.0000	0.4297
402.0000	0.4217
403.0000	0.4138
404.0000	0.4061
405.0000	0.3984
406.0000	0.3908
407.0000	0.3832
408.0000	0.3757
409.0000	0.3681
410.0000	0.3606
411.0000	0.3530
412.0000	0.3456
413.0000	0.3381
414.0000	0.3309
415.0000	0.3237
416.0000	0.3166
417.0000	0.3095
418.0000	0.3025
419.0000	0.2956
420.0000	0.2886
421.0000	0.2821
422.0000	0.2757
423.0000	0.2694
424.0000	0.2630
425.0000	0.2569
426.0000	0.2508
427.0000	0.2449
428.0000	0.2390
429.0000	0.2331
430.0000	0.2274
431.0000	0.2216
432.0000	0.2160
433.0000	0.2104
434.0000	0.2050
435.0000	0.1997
436.0000	0.1945
437.0000	0.1893
438.0000	0.1839
439.0000	0.1786
440.0000	0.1734
441.0000	0.1688
442.0000	0.1643
443.0000	0.1598
444.0000	0.1553
445.0000	0.1508
446.0000	0.1464
447.0000	0.1424
448.0000	0.1384
449.0000	0.1345
450.0000	0.1304
451.0000	0.1263
452.0000	0.1222
453.0000	0.1184
454.0000	0.1148
455.0000	0.1112
456.0000	0.1077
457.0000	0.1043
458.0000	0.1009
459.0000	0.0976
460.0000	0.0944
461.0000	0.0915
462.0000	0.0886
463.0000	0.0858
464.0000	0.0831
465.0000	0.0804
466.0000	0.0778
467.0000	0.0750
468.0000	0.0723
469.0000	0.0695
470.0000	0.0670
471.0000	0.0646
472.0000	0.0622
473.0000	0.0600
474.0000	0.0574
475.0000	0.0549
476.0000	0.0524
477.0000	0.0500
478.0000	0.0480
479.0000	0.0461
480.0000	0.0442
481.0000	0.0424
482.0000	0.0404
483.0000	0.0385
484.0000	0.0367
485.0000	0.0350
486.0000	0.0333
487.0000	0.0317
488.0000	0.0302
489.0000	0.0287
490.0000	0.0273
491.0000	0.0259
492.0000	0.0245
493.0000	0.0232
494.0000	0.0219
495.0000	0.0207
496.0000	0.0195
497.0000	0.0184
498.0000	0.0173
499.0000	0.0163
500.0000	0.0153
501.0000	0.0143
502.0000	0.0134
503.0000	0.0125
504.0000	0.0117
505.0000	0.0110
506.0000	0.0103
507.0000	0.0096
508.0000	0.0090
509.0000	0.0083
510.0000	0.0076
511.0000	0.0070
512.0000	0.0064
513.0000	0.0059
514.0000	0.0054
515.0000	0.0049
516.0000	0.0045
517.0000	0.0041
518.0000	0.0037
519.0000	0.0033
520.0000	0.0030
521.0000	0.0027
522.0000	0.0024
523.0000	0.0022
524.0000	0.0019
525.0000	0.0017
526.0000	0.0015
527.0000	0.0014
528.0000	0.0012
529.0000	0.0011
530.0000	0.0010
531.0000	0.0009
532.0000	0.0009
533.0000	0.0008
534.0000	0.0008
535.0000	0.0008
536.0000	0.0008
537.0000	0.0008
538.0000	0.0009
539.0000	0.0009
540.0000	0.0010
541.0000	0.0011
542.0000	0.0012
543.0000	0.0014
544.0000	0.0015
545.0000	0.0017
546.0000	0.0018
547.0000	0.0020
548.0000	0.0022
549.0000	0.0025
550.0000	0.0027
551.0000	0.0030
552.0000	0.0033
553.0000	0.0036
554.0000	0.0038
555.0000	0.0041
556.0000	0.0044
557.0000	0.0047
558.0000	0.0050
559.0000	0.0054
560.0000	0.0057
561.0000	0.0061
562.0000	0.0065
563.0000	0.0069
564.0000	0.0073
565.0000	0.0077
566.0000	0.0080
567.0000	0.0084
568.0000	0.0088
569.0000	0.0093
570.0000	0.0097
571.0000	0.0102
572.0000	0.0106
573.0000	0.0111
574.0000	0.0116
575.0000	0.0121
576.0000	0.0126
577.0000	0.0131
578.0000	0.0136
579.0000	0.0141
580.0000	0.0146
581.0000	0.0151
582.0000	0.0156
583.0000	0.0161
584.0000	0.0166
585.0000	0.0171
586.0000	0.0177
587.0000	0.0182
588.0000	0.0188
589.0000	0.0193
590.0000	0.0199
591.0000	0.0205
592.0000	0.0211
593.0000	0.0217
594.0000	0.0223
595.0000	0.0229
596.0000	0.0235
597.0000	0.0241
598.0000	0.0247
599.0000	0.0253
600.0000	0.0259
601.0000	0.0265
602.0000	0.0271
603.0000	0.0276
604.0000	0.0282
605.0000	0.0288
606.0000	0.0294
607.0000	0.0300
608.0000	0.0306
609.0000	0.0312
610.0000	0.0318
611.0000	0.0324
612.0000	0.0330
613.0000	0.0336
614.0000	0.0342
615.0000	0.0348
616.0000	0.0354
617.0000	0.0360
618.0000	0.0366
619.0000	0.0373
620.0000	0.0379
621.0000	0.0385
622.0000	0.0391
623.0000	0.0397
624.0000	0.0402
625.0000	0.0408
626.0000	0.0414
627.0000	0.0420
628.0000	0.0427
629.0000	0.0433
630.0000	0.0439
631.0000	0.0445
632.0000	0.0452
633.0000	0.0458
634.0000	0.0464
635.0000	0.0470
636.0000	0.0476
637.0000	0.0482
638.0000	0.0488
639.0000	0.0494
640.0000	0.0500
641.0000	0.0507
642.0000	0.0513
643.0000	0.0519
644.0000	0.0526
645.0000	0.0532
646.0000	0.0538
647.0000	0.0545
648.0000	0.0551
649.0000	0.0557
650.0000	0.0564
651.0000	0.0570
652.0000	0.0577
653.0000	0.0583
654.0000	0.0589
655.0000	0.0596
656.0000	0.0602
657.0000	0.0608
658.0000	0.0615
659.0000	0.0621
660.0000	0.0627
661.0000	0.0633
662.0000	0.0639
663.0000	0.0645
664.0000	0.0652
665.0000	0.0658
666.0000	0.0664
667.0000	0.0670
668.0000	0.0676
669.0000	0.0682
670.0000	0.0688
671.0000	0.0694
672.0000	0.0700
673.0000	0.0706
674.0000	0.0712
675.0000	0.0718
676.0000	0.0724
677.0000	0.0730
678.0000	0.0736
679.0000	0.0742
680.0000	0.0748
681.0000	0.0754
682.0000	0.0760
683.0000	0.0766
684.0000	0.0772
685.0000	0.0778
686.0000	0.0784
687.0000	0.0789
688.0000	0.0795
689.0000	0.0801
690.0000	0.0807
691.0000	0.0813
692.0000	0.0819
693.0000	0.0825
694.0000	0.0830
695.0000	0.0836
696.0000	0.0842
697.0000	0.0848
698.0000	0.0854
699.0000	0.0860
700.0000	0.0865
701.0000	0.0871
702.0000	0.0877
703.0000	0.0883
704.0000	0.0888
705.0000	0.0894
706.0000	0.0900
707.0000	0.0906
708.0000	0.0911
709.0000	0.0917
710.0000	0.0922
711.0000	0.0928
712.0000	0.0934
713.0000	0.0939
714.0000	0.0945
715.0000	0.0951
716.0000	0.0956
717.0000	0.0962
718.0000	0.0968
719.0000	0.0973
720.0000	0.0979
721.0000	0.0984
722.0000	0.0989
723.0000	0.0994
724.0000	0.0999
725.0000	0.1004
726.0000	0.1009
727.0000	0.1014
728.0000	0.1019
729.0000	0.1024
730.0000	0.1029
731.0000	0.1034
732.0000	0.1039
733.0000	0.1044
734.0000	0.1049
735.0000	0.1054
736.0000	0.1059
737.0000	0.1064
738.0000	0.1069
739.0000	0.1073
740.0000	0.1078
741.0000	0.1083
742.0000	0.1088
743.0000	0.1093
744.0000	0.1098
745.0000	0.1103
746.0000	0.1108
747.0000	0.1113
748.0000	0.1118
749.0000	0.1123
750.0000	0.1128
751.0000	0.1133
752.0000	0.1138
753.0000	0.1142
754.0000	0.1147
755.0000	0.1152
756.0000	0.1157
757.0000	0.1162
758.0000	0.1167
759.0000	0.1172
760.0000	0.1177
761.0000	0.1182
762.0000	0.1187
763.0000	0.1192
764.0000	0.1197
765.0000	0.1202
766.0000	0.1207
767.0000	0.1212
768.0000	0.1217
769.0000	0.1221
770.0000	0.1226
771.0000	0.1231
772.0000	0.1236
773.0000	0.1241
774.0000	0.1246
775.0000	0.1251
776.0000	0.1255
777.0000	0.1260
778.0000	0.1265
779.0000	0.1269
780.0000	0.1274
781.0000	0.1278
782.0000	0.1283
783.0000	0.1287
784.0000	0.1291
785.0000	0.1295
786.0000	0.1299
787.0000	0.1303
788.0000	0.1308
789.0000	0.1312
790.0000	0.1316
791.0000	0.1320
792.0000	0.1324
793.0000	0.1328
794.0000	0.1332
795.0000	0.1336
796.0000	0.1340
797.0000	0.1344
798.0000	0.1348
799.0000	0.1352
800.0000	0.1356
801.0000	0.1360
802.0000	0.1364
803.0000	0.1368
804.0000	0.1371
805.0000	0.1375
806.0000	0.1379
807.0000	0.1382
808.0000	0.1386
809.0000	0.1390
810.0000	0.1394
811.0000	0.1397
812.0000	0.1401
813.0000	0.1405
814.0000	0.1409
815.0000	0.1412
816.0000	0.1416
817.0000	0.1419
818.0000	0.1423
819.0000	0.1426
820.0000	0.1429
821.0000	0.1433
822.0000	0.1437
823.0000	0.1441
824.0000	0.1445
825.0000	0.1449
826.0000	0.1453
827.0000	0.1457
828.0000	0.1461
829.0000	0.1465
830.0000	0.1469
831.0000	0.1473
832.0000	0.1478
833.0000	0.1482
834.0000	0.1486
835.0000	0.1490
836.0000	0.1494
837.0000	0.1498
838.0000	0.1502
839.0000	0.1506
840.0000	0.1510
841.0000	0.1514
842.0000	0.1517
843.0000	0.1521
844.0000	0.1524
845.0000	0.1528
846.0000	0.1531
847.0000	0.1535
848.0000	0.1538
849.0000	0.1541
850.0000	0.1545
851.0000	0.1548
852.0000	0.1551
853.0000	0.1555
854.0000	0.1558
855.0000	0.1561
856.0000	0.1565
857.0000	0.1568
858.0000	0.1571
859.0000	0.1575
860.0000	0.1578
861.0000	0.1582
862.0000	0.1585
863.0000	0.1589
864.0000	0.1593
865.0000	0.1597
866.0000	0.1600
867.0000	0.1604
868.0000	0.1608
869.0000	0.1612
870.0000	0.1615
871.0000	0.1619
872.0000	0.1623
873.0000	0.1626
874.0000	0.1630
875.0000	0.1634
876.0000	0.1637
877.0000	0.1641
878.0000	0.1644
879.0000	0.1648
880.0000	0.1651
881.0000	0.1654
882.0000	0.1657
883.0000	0.1660
884.0000	0.1663
885.0000	0.1666
886.0000	0.1669
887.0000	0.1672
888.0000	0.1675
889.0000	0.1678
890.0000	0.1681
891.0000	0.1684
892.0000	0.1687
893.0000	0.1690
894.0000	0.1693
895.0000	0.1696
896.0000	0.1699
897.0000	0.1701
898.0000	0.1704
899.0000	0.1707
900.0000	0.1710
