%En este archivo se guardan los datos de reflectividad y transmitancia 
%usando todos los archivos correctos de indices de refracción, el Palik para el Si, el SiO2 y
%el rutilo.
#Lam(nm)  R%(0-100)  T%(0-100)
300.000  43.695  1.778  
301.504  43.776  1.926  
303.008  43.859  2.079  
304.511  43.936  2.240  
306.015  44.004  2.409  
307.519  44.059  2.587  
309.023  44.098  2.773  
310.526  44.118  2.968  
312.030  44.115  3.176  
313.534  44.087  3.393  
315.038  44.030  3.623  
316.541  43.942  3.867  
318.045  43.820  4.130  
319.549  43.654  4.619  
321.053  43.547  5.157  
322.556  43.506  5.745  
324.060  43.540  6.388  
325.564  43.657  7.086  
327.068  43.868  7.844  
328.571  44.181  8.662  
330.075  44.609  9.540  
331.579  45.164  10.476  
333.083  45.853  11.472  
334.586  46.691  12.520  
336.090  47.689  13.618  
337.594  48.855  14.759  
339.098  50.201  15.936  
340.602  51.738  17.135  
342.105  53.470  18.348  
343.609  55.408  19.557  
345.113  56.704  19.836  
346.617  57.653  19.803  
348.120  58.515  19.786  
349.624  59.298  19.784  
351.128  60.003  19.799  
352.632  60.632  19.832  
354.135  61.187  19.886  
355.639  61.661  19.971  
357.143  62.046  20.099  
358.647  62.326  20.287  
360.150  62.485  20.556  
361.654  62.493  20.939  
363.158  62.355  21.439  
364.662  62.058  22.074  
366.165  61.582  22.874  
367.669  60.969  23.803  
369.173  60.239  24.849  
370.677  59.378  26.039  
372.180  58.403  27.356  
373.684  57.341  28.782  
375.188  56.236  30.282  
376.692  55.069  31.877  
378.195  53.837  33.573  
379.699  52.590  35.326  
381.203  51.310  37.157  
382.707  49.988  39.077  
384.211  48.623  41.096  
385.714  47.220  43.210  
387.218  45.782  45.421  
388.722  44.604  47.422  
390.226  43.748  49.125  
391.729  42.912  50.845  
393.233  42.066  52.615  
394.737  41.210  54.436  
396.241  40.360  56.294  
397.744  39.509  58.197  
399.248  38.671  60.133  
400.752  37.780  61.596  
402.256  36.850  62.533  
403.759  35.947  63.443  
405.263  35.060  64.337  
406.767  34.204  65.200  
408.271  33.350  66.062  
409.774  32.488  66.931  
411.278  31.633  67.794  
412.782  30.785  68.649  
414.286  29.964  69.479  
415.789  29.160  70.291  
417.293  28.372  71.087  
418.797  27.593  71.874  
420.301  26.820  72.656  
421.805  26.110  73.375  
423.308  25.407  74.087  
424.812  24.720  74.784  
426.316  24.066  75.447  
427.820  23.424  76.100  
429.323  22.787  76.746  
430.827  22.159  77.383  
432.331  21.542  78.011  
433.835  20.942  78.620  
435.338  20.372  79.200  
436.842  19.802  79.780  
438.346  19.206  80.386  
439.850  18.622  80.980  
441.353  18.131  81.481  
442.857  17.656  81.967  
444.361  17.170  82.464  
445.865  16.692  82.952  
447.368  16.265  83.389  
448.872  15.852  83.812  
450.376  15.410  84.265  
451.880  14.969  84.717  
453.383  14.561  85.135  
454.887  14.178  85.529  
456.391  13.805  85.913  
457.895  13.441  86.286  
459.398  13.088  86.650  
460.902  12.769  86.980  
462.406  12.475  87.283  
463.910  12.194  87.575  
465.414  11.922  87.858  
466.917  11.634  88.156  
468.421  11.337  88.462  
469.925  11.057  88.753  
471.429  10.807  89.013  
472.932  10.567  89.263  
474.436  10.284  89.556  
475.940  10.003  89.848  
477.444  9.752  90.108  
478.947  9.545  90.325  
480.451  9.343  90.537  
481.955  9.133  90.756  
483.459  8.928  90.971  
484.962  8.734  91.175  
486.466  8.550  91.368  
487.970  8.374  91.554  
489.474  8.206  91.731  
490.977  8.045  91.901  
492.481  7.891  92.064  
493.985  7.741  92.224  
495.489  7.598  92.375  
496.992  7.462  92.521  
498.496  7.332  92.659  
500.000  7.208  92.792  
501.504  7.111  92.889  
503.008  7.020  92.980  
504.511  6.936  93.064  
506.015  6.862  93.138  
507.519  6.792  93.208  
509.023  6.721  93.279  
510.526  6.653  93.347  
512.030  6.591  93.409  
513.534  6.533  93.467  
515.038  6.481  93.519  
516.541  6.431  93.569  
518.045  6.386  93.614  
519.549  6.344  93.656  
521.053  6.314  93.686  
522.556  6.289  93.711  
524.060  6.268  93.732  
525.564  6.250  93.750  
527.068  6.237  93.763  
528.571  6.228  93.772  
530.075  6.222  93.778  
531.579  6.217  93.783  
533.083  6.214  93.786  
534.586  6.212  93.788  
536.090  6.210  93.790  
537.594  6.209  93.791  
539.098  6.211  93.789  
540.602  6.221  93.779  
542.105  6.234  93.766  
543.609  6.249  93.751  
545.113  6.263  93.737  
546.617  6.280  93.720  
548.120  6.299  93.701  
549.624  6.326  93.674  
551.128  6.359  93.641  
552.632  6.395  93.605  
554.135  6.426  93.574  
555.639  6.448  93.552  
557.143  6.472  93.528  
558.647  6.499  93.501  
560.150  6.536  93.464  
561.654  6.579  93.421  
563.158  6.624  93.376  
564.662  6.665  93.335  
566.165  6.705  93.295  
567.669  6.746  93.254  
569.173  6.790  93.210  
570.677  6.838  93.162  
572.180  6.888  93.112  
573.684  6.940  93.060  
575.188  6.993  93.007  
576.692  7.046  92.954  
578.195  7.101  92.899  
579.699  7.155  92.845  
581.203  7.204  92.796  
582.707  7.253  92.747  
584.211  7.303  92.697  
585.714  7.356  92.644  
587.218  7.411  92.589  
588.722  7.468  92.532  
590.226  7.526  92.474  
591.729  7.586  92.414  
593.233  7.649  92.351  
594.737  7.712  92.288  
596.241  7.776  92.224  
597.744  7.840  92.160  
599.248  7.904  92.096  
600.752  7.970  92.030  
602.256  8.037  91.963  
603.759  8.101  91.899  
605.263  8.166  91.834  
606.767  8.231  91.769  
608.271  8.297  91.703  
609.774  8.365  91.635  
611.278  8.433  91.567  
612.782  8.502  91.498  
614.286  8.571  91.429  
615.789  8.641  91.359  
617.293  8.712  91.288  
618.797  8.783  91.217  
620.301  8.854  91.146  
621.805  8.923  91.077  
623.308  8.992  91.008  
624.812  9.061  90.939  
626.316  9.131  90.869  
627.820  9.204  90.796  
629.323  9.278  90.722  
630.827  9.351  90.649  
632.331  9.425  90.575  
633.835  9.497  90.503  
635.338  9.568  90.432  
636.842  9.639  90.361  
638.346  9.711  90.289  
639.850  9.782  90.218  
641.353  9.853  90.147  
642.857  9.924  90.076  
644.361  9.995  90.005  
645.865  10.066  89.934  
647.368  10.137  89.863  
648.872  10.209  89.791  
650.376  10.280  89.720  
651.880  10.350  89.650  
653.383  10.421  89.579  
654.887  10.490  89.510  
656.391  10.559  89.441  
657.895  10.628  89.372  
659.398  10.698  89.302  
660.902  10.768  89.232  
662.406  10.839  89.161  
663.910  10.909  89.091  
665.414  10.980  89.020  
666.917  11.050  88.950  
668.421  11.120  88.880  
669.925  11.190  88.810  
671.429  11.259  88.741  
672.932  11.329  88.671  
674.436  11.399  88.601  
675.940  11.468  88.532  
677.444  11.538  88.462  
678.947  11.607  88.393  
680.451  11.676  88.324  
681.955  11.744  88.256  
683.459  11.811  88.189  
684.962  11.878  88.122  
686.466  11.944  88.056  
687.970  12.011  87.989  
689.474  12.077  87.923  
690.977  12.144  87.856  
692.481  12.210  87.790  
693.985  12.276  87.724  
695.489  12.342  87.658  
696.992  12.408  87.592  
698.496  12.475  87.525  
700.000  12.541  87.459  
701.504  12.608  87.392  
703.008  12.674  87.326  
704.511  12.741  87.259  
706.015  12.807  87.193  
707.519  12.872  87.128  
709.023  12.938  87.062  
710.526  13.003  86.997  
712.030  13.068  86.932  
713.534  13.132  86.868  
715.038  13.196  86.804  
716.541  13.259  86.741  
718.045  13.323  86.677  
719.549  13.386  86.614  
721.053  13.448  86.552  
722.556  13.510  86.490  
724.060  13.572  86.428  
725.564  13.634  86.366  
727.068  13.695  86.305  
728.571  13.756  86.244  
730.075  13.816  86.184  
731.579  13.876  86.124  
733.083  13.936  86.064  
734.586  13.995  86.005  
736.090  14.054  85.946  
737.594  14.113  85.887  
739.098  14.172  85.828  
740.602  14.231  85.769  
742.105  14.291  85.709  
743.609  14.351  85.649  
745.113  14.410  85.590  
746.617  14.469  85.531  
748.120  14.527  85.473  
749.624  14.585  85.415  
751.128  14.642  85.358  
752.632  14.699  85.301  
754.135  14.756  85.244  
755.639  14.812  85.188  
757.143  14.869  85.131  
758.647  14.927  85.073  
760.150  14.985  85.015  
761.654  15.043  84.957  
763.158  15.102  84.898  
764.662  15.159  84.841  
766.165  15.216  84.784  
767.669  15.272  84.728  
769.173  15.328  84.672  
770.677  15.383  84.617  
772.180  15.439  84.561  
773.684  15.494  84.506  
775.188  15.549  84.451  
776.692  15.604  84.396  
778.195  15.659  84.341  
779.699  15.713  84.287  
781.203  15.766  84.234  
782.707  15.819  84.181  
784.211  15.870  84.130  
785.714  15.922  84.078  
787.218  15.972  84.028  
788.722  16.023  83.977  
790.226  16.073  83.927  
791.729  16.123  83.877  
793.233  16.172  83.828  
794.737  16.221  83.779  
796.241  16.272  83.728  
797.744  16.321  83.679  
799.248  16.371  83.629  
800.752  16.419  83.581  
802.256  16.467  83.533  
803.759  16.515  83.485  
805.263  16.562  83.438  
806.767  16.609  83.391  
808.271  16.656  83.344  
809.774  16.703  83.297  
811.278  16.749  83.251  
812.782  16.795  83.205  
814.286  16.841  83.159  
815.789  16.886  83.114  
817.293  16.926  83.074  
818.797  16.967  83.033  
820.301  17.007  82.993  
821.805  17.050  82.950  
823.308  17.092  82.908  
824.812  17.134  82.866  
826.316  17.176  82.824  
827.820  17.222  82.778  
829.323  17.271  82.729  
830.827  17.319  82.681  
832.331  17.367  82.633  
833.835  17.414  82.586  
835.338  17.462  82.538  
836.842  17.509  82.491  
838.346  17.556  82.444  
839.850  17.603  82.397  
841.353  17.646  82.354  
842.857  17.689  82.311  
844.361  17.732  82.268  
845.865  17.775  82.225  
847.368  17.818  82.182  
848.872  17.860  82.140  
850.376  17.902  82.098  
851.880  17.944  82.056  
853.383  17.986  82.014  
854.887  18.028  81.972  
856.391  18.069  81.931  
857.895  18.110  81.890  
859.398  18.151  81.849  
860.902  18.194  81.806  
862.406  18.237  81.763  
863.910  18.281  81.719  
865.414  18.324  81.676  
866.917  18.367  81.633  
868.421  18.410  81.590  
869.925  18.453  81.547  
871.429  18.495  81.505  
872.932  18.537  81.463  
874.436  18.579  81.421  
875.940  18.622  81.378  
877.444  18.663  81.337  
878.947  18.705  81.295  
880.451  18.745  81.255  
881.955  18.784  81.216  
883.459  18.821  81.179  
884.962  18.859  81.141  
886.466  18.896  81.104  
887.970  18.934  81.066  
889.474  18.970  81.030  
890.977  19.007  80.993  
892.481  19.044  80.956  
893.985  19.081  80.919  
895.489  19.117  80.883  
896.992  19.153  80.847  
898.496  19.189  80.811  
900.000  19.225  80.775  
