# TiO2_RTP_oxigeno
# Longitud_de_onda[nm]	Indice_refraccion
829.9594	1.782540
829.5408	1.783055
829.1221	1.783570
828.7034	1.784086
828.2845	1.784603
827.8656	1.785121
827.4465	1.785639
827.0275	1.786158
826.6082	1.786679
826.1889	1.787199
825.7695	1.787721
825.3500	1.788243
824.9305	1.788766
824.5108	1.789290
824.0911	1.789815
823.6713	1.790340
823.2513	1.790867
822.8313	1.791394
822.4112	1.791921
821.9910	1.792450
821.5707	1.792980
821.1503	1.793510
820.7299	1.794041
820.3093	1.794573
819.8886	1.795105
819.4679	1.795639
819.0471	1.796173
818.6262	1.796708
818.2051	1.797244
817.7841	1.797781
817.3629	1.798318
816.9416	1.798856
816.5202	1.799396
816.0988	1.799935
815.6772	1.800476
815.2556	1.801018
814.8338	1.801560
814.4120	1.802103
813.9901	1.802647
813.5681	1.803192
813.1460	1.803738
812.7238	1.804285
812.3015	1.804832
811.8792	1.805380
811.4567	1.805929
811.0341	1.806479
810.6115	1.807030
810.1888	1.807581
809.7659	1.808134
809.3430	1.808687
808.9200	1.809241
808.4969	1.809796
808.0737	1.810352
807.6505	1.810908
807.2271	1.811466
806.8036	1.812024
806.3801	1.812583
805.9564	1.813143
805.5327	1.813704
805.1089	1.814266
804.6850	1.814828
804.2610	1.815392
803.8369	1.815956
803.4127	1.816521
802.9884	1.817087
802.5640	1.817654
802.1396	1.818222
801.7150	1.818791
801.2903	1.819360
800.8657	1.819931
800.4408	1.820502
800.0159	1.821074
799.5909	1.821647
799.1658	1.822221
798.7406	1.822796
798.3153	1.823372
797.8899	1.823948
797.4644	1.824526
797.0389	1.825104
796.6132	1.825684
796.1875	1.826264
795.7617	1.826845
795.3357	1.827427
794.9097	1.828010
794.4836	1.828593
794.0574	1.829178
793.6310	1.829764
793.2047	1.830350
792.7782	1.830938
792.3516	1.831526
791.9249	1.832115
791.4982	1.832705
791.0714	1.833296
790.6444	1.833888
790.2173	1.834481
789.7902	1.835075
789.3630	1.835670
788.9357	1.836266
788.5083	1.836862
788.0807	1.837460
787.6532	1.838058
787.2255	1.838658
786.7977	1.839258
786.3699	1.839859
785.9419	1.840462
785.5139	1.841065
785.0857	1.841669
784.6575	1.842274
784.2291	1.842880
783.8007	1.843487
783.3722	1.844095
782.9435	1.844704
782.5148	1.845313
782.0861	1.845924
781.6572	1.846536
781.2282	1.847148
780.7991	1.847762
780.3699	1.848377
779.9407	1.848992
779.5113	1.849609
779.0818	1.850226
778.6523	1.850845
778.2227	1.851464
777.7930	1.852085
777.3632	1.852706
776.9332	1.853328
776.5032	1.853952
776.0731	1.854576
775.6429	1.855201
775.2126	1.855828
774.7822	1.856455
774.3517	1.857083
773.9212	1.857713
773.4905	1.858343
773.0598	1.858974
772.6289	1.859606
772.1980	1.860240
771.7669	1.860874
771.3358	1.861509
770.9046	1.862145
770.4733	1.862783
770.0419	1.863421
769.6104	1.864060
769.1787	1.864701
768.7471	1.865342
768.3152	1.865985
767.8834	1.866628
767.4514	1.867272
767.0193	1.867918
766.5872	1.868564
766.1549	1.869212
765.7225	1.869860
765.2901	1.870510
764.8575	1.871160
764.4249	1.871812
763.9922	1.872465
763.5593	1.873118
763.1264	1.873773
762.6934	1.874429
762.2603	1.875086
761.8271	1.875744
761.3938	1.876403
760.9604	1.877063
760.5269	1.877724
760.0933	1.878386
759.6597	1.879049
759.2259	1.879713
758.7921	1.880378
758.3581	1.881045
757.9240	1.881712
757.4899	1.882381
757.0556	1.883050
756.6213	1.883721
756.1868	1.884393
755.7523	1.885066
755.3177	1.885739
754.8830	1.886414
754.4482	1.887090
754.0132	1.887768
753.5782	1.888446
753.1431	1.889125
752.7079	1.889806
752.2726	1.890487
751.8373	1.891170
751.4018	1.891854
750.9662	1.892538
750.5306	1.893224
750.0948	1.893911
749.6589	1.894600
749.2230	1.895289
748.7869	1.895979
748.3508	1.896671
747.9146	1.897363
747.4782	1.898057
747.0417	1.898752
746.6052	1.899448
746.1686	1.900145
745.7319	1.900843
745.2950	1.901543
744.8582	1.902243
744.4211	1.902945
743.9841	1.903647
743.5468	1.904352
743.1096	1.905056
742.6722	1.905763
742.2347	1.906470
741.7971	1.907179
741.3594	1.907888
740.9216	1.908599
740.4838	1.909311
740.0458	1.910024
739.6077	1.910739
739.1696	1.911454
738.7313	1.912171
738.2930	1.912888
737.8545	1.913607
737.4160	1.914327
736.9773	1.915049
736.5386	1.915771
736.0997	1.916495
735.6608	1.917220
735.2218	1.917946
734.7827	1.918673
734.3434	1.919402
733.9041	1.920131
733.4647	1.920862
733.0252	1.921594
732.5856	1.922327
732.1459	1.923062
731.7061	1.923797
731.2662	1.924534
730.8262	1.925272
730.3861	1.926012
729.9459	1.926752
729.5057	1.927494
729.0653	1.928236
728.6248	1.928981
728.1843	1.929726
727.7436	1.930472
727.3028	1.931220
726.8619	1.931969
726.4210	1.932720
725.9799	1.933471
725.5388	1.934224
725.0975	1.934978
724.6561	1.935733
724.2147	1.936490
723.7732	1.937247
723.3315	1.938006
722.8898	1.938766
722.4479	1.939528
722.0060	1.940291
721.5640	1.941055
721.1218	1.941820
720.6796	1.942587
720.2373	1.943354
719.7949	1.944123
719.3524	1.944894
718.9097	1.945665
718.4670	1.946438
718.0242	1.947212
717.5813	1.947988
717.1383	1.948765
716.6952	1.949543
716.2520	1.950322
715.8087	1.951103
715.3653	1.951884
714.9218	1.952668
714.4782	1.953452
714.0345	1.954238
713.5907	1.955025
713.1469	1.955814
712.7028	1.956603
712.2588	1.957394
711.8146	1.958187
711.3703	1.958981
710.9259	1.959776
710.4814	1.960572
710.0369	1.961370
709.5922	1.962169
709.1474	1.962969
708.7026	1.963771
708.2576	1.964574
707.8125	1.965378
707.3674	1.966184
706.9221	1.966991
706.4767	1.967799
706.0313	1.968609
705.5857	1.969420
705.1401	1.970232
704.6943	1.971046
704.2484	1.971862
703.8025	1.972678
703.3564	1.973496
702.9103	1.974315
702.4641	1.975136
702.0177	1.975958
701.5712	1.976781
701.1247	1.977606
700.6780	1.978432
700.2313	1.979260
699.7844	1.980089
699.3375	1.980919
698.8904	1.981751
698.4433	1.982584
697.9961	1.983419
697.5488	1.984254
697.1013	1.985092
696.6537	1.985931
696.2061	1.986771
695.7584	1.987612
695.3105	1.988456
694.8626	1.989300
694.4146	1.990146
693.9664	1.990993
693.5182	1.991842
693.0699	1.992692
692.6215	1.993543
692.1729	1.994396
691.7243	1.995251
691.2756	1.996107
690.8267	1.996964
690.3778	1.997823
689.9288	1.998683
689.4797	1.999544
689.0304	2.000408
688.5811	2.001272
688.1317	2.002138
687.6821	2.003006
687.2325	2.003875
686.7828	2.004745
686.3329	2.005617
685.8830	2.006491
685.4330	2.007365
684.9828	2.008242
684.5327	2.009120
684.0823	2.009999
683.6319	2.010880
683.1813	2.011762
682.7307	2.012646
682.2800	2.013531
681.8292	2.014418
681.3782	2.015306
680.9272	2.016196
680.4761	2.017088
680.0248	2.017981
679.5735	2.018875
679.1221	2.019771
678.6705	2.020668
678.2189	2.021567
677.7672	2.022467
677.3154	2.023369
676.8634	2.024273
676.4114	2.025178
675.9592	2.026085
675.5070	2.026993
675.0547	2.027902
674.6022	2.028814
674.1497	2.029726
673.6971	2.030641
673.2443	2.031557
672.7915	2.032474
672.3386	2.033393
671.8855	2.034314
671.4324	2.035236
670.9791	2.036160
670.5258	2.037085
670.0723	2.038012
669.6188	2.038940
669.1651	2.039870
668.7114	2.040802
668.2575	2.041735
667.8035	2.042670
667.3495	2.043606
666.8953	2.044545
666.4411	2.045484
665.9868	2.046425
665.5323	2.047368
665.0777	2.048313
664.6230	2.049259
664.1683	2.050206
663.7134	2.051156
663.2584	2.052107
662.8034	2.053059
662.3482	2.054013
661.8929	2.054969
661.4376	2.055926
660.9821	2.056886
660.5265	2.057846
660.0708	2.058809
659.6151	2.059773
659.1592	2.060738
658.7032	2.061706
658.2471	2.062675
657.7909	2.063645
657.3346	2.064618
656.8782	2.065592
656.4218	2.066567
655.9651	2.067544
655.5084	2.068523
655.0516	2.069504
654.5947	2.070486
654.1377	2.071470
653.6806	2.072456
653.2234	2.073443
652.7661	2.074433
652.3087	2.075423
651.8511	2.076416
651.3936	2.077410
650.9358	2.078406
650.4780	2.079403
650.0201	2.080403
649.5620	2.081404
649.1039	2.082407
648.6457	2.083411
648.1873	2.084417
647.7289	2.085425
647.2703	2.086435
646.8117	2.087446
646.3530	2.088459
645.8941	2.089474
645.4351	2.090491
644.9761	2.091509
644.5169	2.092529
644.0577	2.093551
643.5983	2.094575
643.1389	2.095600
642.6793	2.096627
642.2196	2.097656
641.7598	2.098687
641.2999	2.099719
640.8400	2.100753
640.3799	2.101789
639.9197	2.102827
639.4594	2.103866
638.9990	2.104908
638.5385	2.105951
638.0779	2.106996
637.6172	2.108042
637.1564	2.109091
636.6954	2.110141
636.2344	2.111193
635.7733	2.112247
635.3121	2.113303
634.8508	2.114360
634.3893	2.115420
633.9278	2.116481
633.4662	2.117544
633.0044	2.118609
632.5425	2.119675
632.0806	2.120744
631.6186	2.121814
631.1564	2.122886
630.6942	2.123960
630.2318	2.125036
629.7693	2.126114
629.3068	2.127193
628.8441	2.128274
628.3813	2.129358
627.9184	2.130443
627.4554	2.131530
626.9923	2.132619
626.5291	2.133709
626.0658	2.134802
625.6024	2.135896
625.1389	2.136993
624.6753	2.138091
624.2115	2.139191
623.7477	2.140293
623.2838	2.141397
622.8198	2.142502
622.3557	2.143610
621.8914	2.144720
621.4271	2.145831
620.9626	2.146944
620.4980	2.148060
620.0334	2.149177
619.5687	2.150296
619.1038	2.151417
618.6388	2.152540
618.1737	2.153665
617.7086	2.154791
617.2433	2.155920
616.7779	2.157051
616.3124	2.158183
615.8468	2.159318
615.3810	2.160454
614.9153	2.161593
614.4493	2.162733
613.9833	2.163875
613.5172	2.165019
613.0510	2.166166
612.5847	2.167314
612.1182	2.168464
611.6517	2.169616
611.1850	2.170770
610.7183	2.171926
610.2514	2.173084
609.7844	2.174244
609.3173	2.175406
608.8502	2.176570
608.3829	2.177736
607.9155	2.178903
607.4480	2.180073
606.9804	2.181245
606.5127	2.182419
606.0449	2.183595
605.5770	2.184773
605.1089	2.185953
604.6408	2.187135
604.1726	2.188318
603.7042	2.189504
603.2358	2.190692
602.7673	2.191882
602.2986	2.193074
601.8298	2.194268
601.3610	2.195464
600.8920	2.196662
600.4229	2.197862
599.9537	2.199064
599.4844	2.200268
599.0150	2.201475
598.5455	2.202683
598.0759	2.203893
597.6062	2.205105
597.1364	2.206319
596.6664	2.207536
596.1964	2.208754
595.7263	2.209975
595.2560	2.211197
594.7857	2.212422
594.3152	2.213649
593.8447	2.214877
593.3740	2.216108
592.9032	2.217341
592.4323	2.218576
591.9613	2.219813
591.4902	2.221052
591.0190	2.222294
590.5477	2.223537
590.0763	2.224782
589.6048	2.226030
589.1331	2.227279
588.6614	2.228531
588.1896	2.229785
587.7176	2.231041
587.2455	2.232299
586.7734	2.233559
586.3011	2.234821
585.8287	2.236085
585.3563	2.237351
584.8837	2.238620
584.4109	2.239891
583.9382	2.241163
583.4652	2.242438
582.9922	2.243715
582.5191	2.244994
582.0458	2.246275
581.5725	2.247559
581.0991	2.248844
580.6255	2.250132
580.1519	2.251421
579.6780	2.252714
579.2042	2.254007
578.7302	2.255303
578.2561	2.256602
577.7819	2.257902
577.3076	2.259205
576.8332	2.260509
576.3586	2.261817
575.8840	2.263125
575.4093	2.264437
574.9344	2.265750
574.4595	2.267065
573.9844	2.268383
573.5092	2.269703
573.0339	2.271025
572.5586	2.272349
572.0831	2.273675
571.6075	2.275004
571.1318	2.276334
570.6559	2.277667
570.1801	2.279002
569.7040	2.280339
569.2278	2.281679
568.7516	2.283020
568.2753	2.284363
567.7988	2.285709
567.3222	2.287057
566.8455	2.288408
566.3687	2.289760
565.8918	2.291115
565.4149	2.292471
564.9377	2.293830
564.4605	2.295191
563.9832	2.296554
563.5057	2.297920
563.0282	2.299287
562.5505	2.300657
562.0728	2.302029
561.5948	2.303404
561.1169	2.304780
560.6388	2.306159
560.1606	2.307540
559.6823	2.308922
559.2039	2.310308
558.7253	2.311695
558.2467	2.313085
557.7679	2.314477
557.2891	2.315870
556.8102	2.317266
556.3311	2.318665
555.8519	2.320066
555.3726	2.321468
554.8932	2.322873
554.4137	2.324280
553.9341	2.325690
553.4543	2.327102
552.9745	2.328515
552.4946	2.329931
552.0145	2.331349
551.5344	2.332770
551.0541	2.334192
550.5737	2.335617
550.0933	2.337044
549.6127	2.338473
549.1320	2.339904
548.6511	2.341338
548.1702	2.342774
547.6891	2.344212
547.2080	2.345652
546.7267	2.347094
546.2454	2.348539
545.7639	2.349986
545.2823	2.351435
544.8007	2.352885
544.3188	2.354339
543.8369	2.355795
543.3549	2.357252
542.8728	2.358712
542.3905	2.360174
541.9082	2.361638
541.4257	2.363105
540.9431	2.364574
540.4604	2.366045
539.9777	2.367517
539.4948	2.368993
539.0118	2.370470
538.5286	2.371950
538.0454	2.373431
537.5621	2.374915
537.0786	2.376401
536.5950	2.377890
536.1114	2.379380
535.6276	2.380873
535.1437	2.382367
534.6597	2.383864
534.1756	2.385363
533.6913	2.386865
533.2070	2.388368
532.7226	2.389874
532.2380	2.391382
531.7534	2.392891
531.2686	2.394403
530.7837	2.395917
530.2987	2.397434
529.8136	2.398952
529.3284	2.400473
528.8430	2.401996
528.3576	2.403520
527.8720	2.405047
527.3864	2.406576
526.9006	2.408108
526.4147	2.409641
525.9287	2.411176
525.4426	2.412714
524.9564	2.414254
524.4700	2.415796
523.9836	2.417339
523.4971	2.418885
523.0104	2.420433
522.5236	2.421983
522.0367	2.423536
521.5497	2.425090
521.0626	2.426646
520.5754	2.428205
520.0881	2.429765
519.6006	2.431328
519.1131	2.432892
518.6254	2.434459
518.1377	2.436027
517.6498	2.437598
517.1618	2.439171
516.6737	2.440745
516.1855	2.442322
515.6971	2.443901
515.2087	2.445482
514.7202	2.447064
514.2314	2.448650
513.7427	2.450236
513.2538	2.451825
512.7648	2.453416
512.2757	2.455008
511.7864	2.456603
511.2971	2.458200
510.8076	2.459798
510.3181	2.461399
509.8284	2.463001
509.3386	2.464606
508.8488	2.466211
508.3587	2.467820
507.8686	2.469430
507.3784	2.471042
506.8880	2.472656
506.3976	2.474271
505.9070	2.475889
505.4163	2.477509
504.9255	2.479130
504.4346	2.480753
503.9436	2.482378
503.4525	2.484005
502.9612	2.485634
502.4698	2.487264
501.9784	2.488896
501.4868	2.490530
500.9951	2.492166
500.5033	2.493804
500.0114	2.495443
499.5193	2.497084
499.0272	2.498727
498.5349	2.500372
498.0426	2.502018
497.5501	2.503666
497.0575	2.505315
496.5648	2.506967
496.0720	2.508620
495.5790	2.510275
495.0860	2.511931
494.5928	2.513589
494.0995	2.515248
493.6062	2.516909
493.1127	2.518572
492.6190	2.520237
492.1253	2.521902
491.6315	2.523570
491.1375	2.525239
490.6435	2.526909
490.1493	2.528581
489.6550	2.530255
489.1606	2.531930
488.6661	2.533606
488.1714	2.535284
487.6767	2.536963
487.1818	2.538644
486.6869	2.540326
486.1918	2.542010
485.6966	2.543694
485.2013	2.545381
484.7058	2.547069
484.2103	2.548757
483.7146	2.550448
483.2189	2.552139
482.7230	2.553832
482.2270	2.555526
481.7309	2.557221
481.2346	2.558918
480.7383	2.560615
480.2419	2.562314
479.7453	2.564014
479.2486	2.565715
478.7518	2.567418
478.2549	2.569121
477.7579	2.570825
477.2608	2.572531
476.7635	2.574237
476.2662	2.575945
475.7687	2.577653
475.2711	2.579363
474.7734	2.581073
474.2756	2.582785
473.7776	2.584497
473.2796	2.586210
472.7814	2.587924
472.2831	2.589639
471.7848	2.591354
471.2863	2.593071
470.7876	2.594788
470.2889	2.596506
469.7900	2.598225
469.2911	2.599944
468.7920	2.601664
468.2928	2.603385
467.7935	2.605106
467.2941	2.606827
466.7945	2.608550
466.2949	2.610273
465.7951	2.611996
465.2952	2.613720
464.7952	2.615444
464.2951	2.617169
463.7949	2.618893
463.2946	2.620619
462.7941	2.622344
462.2935	2.624070
461.7928	2.625797
461.2921	2.627523
460.7911	2.629250
460.2901	2.630976
459.7889	2.632703
459.2877	2.634430
458.7863	2.636157
458.2848	2.637884
457.7832	2.639611
457.2815	2.641338
456.7796	2.643065
456.2777	2.644791
455.7756	2.646518
455.2734	2.648244
454.7711	2.649970
454.2687	2.651696
453.7662	2.653422
453.2635	2.655147
452.7608	2.656871
452.2579	2.658596
451.7549	2.660320
451.2518	2.662043
450.7485	2.663766
450.2452	2.665488
449.7417	2.667210
449.2382	2.668930
448.7345	2.670650
448.2307	2.672369
447.7267	2.674088
447.2227	2.675806
446.7186	2.677522
446.2143	2.679238
445.7099	2.680953
445.2054	2.682666
444.7008	2.684379
444.1960	2.686090
443.6912	2.687800
443.1862	2.689510
442.6812	2.691217
442.1759	2.692923
441.6706	2.694628
441.1652	2.696331
440.6596	2.698033
440.1540	2.699733
