# TiO2_RTP_aire
# Longitud_de_onda[nm]	Indice_refraccion
829.9594	1.768988
829.5408	1.769436
829.1221	1.769885
828.7034	1.770335
828.2845	1.770785
827.8656	1.771236
827.4465	1.771687
827.0275	1.772139
826.6082	1.772592
826.1889	1.773046
825.7695	1.773500
825.3500	1.773955
824.9305	1.774411
824.5108	1.774867
824.0911	1.775324
823.6713	1.775782
823.2513	1.776241
822.8313	1.776700
822.4112	1.777160
821.9910	1.777620
821.5707	1.778082
821.1503	1.778544
820.7299	1.779006
820.3093	1.779470
819.8886	1.779934
819.4679	1.780399
819.0471	1.780865
818.6262	1.781331
818.2051	1.781798
817.7841	1.782266
817.3629	1.782734
816.9416	1.783203
816.5202	1.783673
816.0988	1.784144
815.6772	1.784615
815.2556	1.785087
814.8338	1.785560
814.4120	1.786034
813.9901	1.786508
813.5681	1.786983
813.1460	1.787459
812.7238	1.787935
812.3015	1.788413
811.8792	1.788891
811.4567	1.789369
811.0341	1.789849
810.6115	1.790329
810.1888	1.790810
809.7659	1.791292
809.3430	1.791774
808.9200	1.792257
808.4969	1.792741
808.0737	1.793226
807.6505	1.793712
807.2271	1.794198
806.8036	1.794685
806.3801	1.795173
805.9564	1.795661
805.5327	1.796150
805.1089	1.796640
804.6850	1.797131
804.2610	1.797623
803.8369	1.798115
803.4127	1.798608
802.9884	1.799102
802.5640	1.799597
802.1396	1.800092
801.7150	1.800589
801.2903	1.801086
800.8657	1.801583
800.4408	1.802082
800.0159	1.802581
799.5909	1.803081
799.1658	1.803582
798.7406	1.804084
798.3153	1.804586
797.8899	1.805090
797.4644	1.805594
797.0389	1.806099
796.6132	1.806604
796.1875	1.807111
795.7617	1.807618
795.3357	1.808126
794.9097	1.808635
794.4836	1.809145
794.0574	1.809655
793.6310	1.810167
793.2047	1.810679
792.7782	1.811192
792.3516	1.811705
791.9249	1.812220
791.4982	1.812735
791.0714	1.813252
790.6444	1.813769
790.2173	1.814287
789.7902	1.814805
789.3630	1.815325
788.9357	1.815845
788.5083	1.816366
788.0807	1.816888
787.6532	1.817411
787.2255	1.817934
786.7977	1.818459
786.3699	1.818984
785.9419	1.819510
785.5139	1.820037
785.0857	1.820565
784.6575	1.821094
784.2291	1.821623
783.8007	1.822154
783.3722	1.822685
782.9435	1.823217
782.5148	1.823750
782.0861	1.824284
781.6572	1.824818
781.2282	1.825354
780.7991	1.825890
780.3699	1.826428
779.9407	1.826966
779.5113	1.827505
779.0818	1.828044
778.6523	1.828585
778.2227	1.829127
777.7930	1.829669
777.3632	1.830212
776.9332	1.830757
776.5032	1.831302
776.0731	1.831847
775.6429	1.832394
775.2126	1.832942
774.7822	1.833491
774.3517	1.834040
773.9212	1.834590
773.4905	1.835142
773.0598	1.835694
772.6289	1.836247
772.1980	1.836801
771.7669	1.837356
771.3358	1.837911
770.9046	1.838468
770.4733	1.839025
770.0419	1.839584
769.6104	1.840143
769.1787	1.840704
768.7471	1.841265
768.3152	1.841827
767.8834	1.842390
767.4514	1.842954
767.0193	1.843519
766.5872	1.844084
766.1549	1.844651
765.7225	1.845219
765.2901	1.845787
764.8575	1.846357
764.4249	1.846927
763.9922	1.847498
763.5593	1.848071
763.1264	1.848644
762.6934	1.849218
762.2603	1.849793
761.8271	1.850369
761.3938	1.850946
760.9604	1.851524
760.5269	1.852103
760.0933	1.852683
759.6597	1.853263
759.2259	1.853845
758.7921	1.854428
758.3581	1.855011
757.9240	1.855596
757.4899	1.856181
757.0556	1.856768
756.6213	1.857355
756.1868	1.857944
755.7523	1.858533
755.3177	1.859124
754.8830	1.859715
754.4482	1.860307
754.0132	1.860901
753.5782	1.861495
753.1431	1.862090
752.7079	1.862687
752.2726	1.863284
751.8373	1.863882
751.4018	1.864481
750.9662	1.865082
750.5306	1.865683
750.0948	1.866285
749.6589	1.866888
749.2230	1.867492
748.7869	1.868098
748.3508	1.868704
747.9146	1.869311
747.4782	1.869919
747.0417	1.870529
746.6052	1.871139
746.1686	1.871750
745.7319	1.872363
745.2950	1.872976
744.8582	1.873590
744.4211	1.874206
743.9841	1.874822
743.5468	1.875440
743.1096	1.876058
742.6722	1.876677
742.2347	1.877298
741.7971	1.877919
741.3594	1.878542
740.9216	1.879166
740.4838	1.879790
740.0458	1.880416
739.6077	1.881043
739.1696	1.881671
738.7313	1.882300
738.2930	1.882930
737.8545	1.883561
737.4160	1.884193
736.9773	1.884826
736.5386	1.885460
736.0997	1.886095
735.6608	1.886732
735.2218	1.887369
734.7827	1.888008
734.3434	1.888647
733.9041	1.889288
733.4647	1.889929
733.0252	1.890572
732.5856	1.891216
732.1459	1.891861
731.7061	1.892507
731.2662	1.893154
730.8262	1.893803
730.3861	1.894452
729.9459	1.895102
729.5057	1.895754
729.0653	1.896406
728.6248	1.897060
728.1843	1.897715
727.7436	1.898371
727.3028	1.899028
726.8619	1.899686
726.4210	1.900345
725.9799	1.901006
725.5388	1.901667
725.0975	1.902330
724.6561	1.902994
724.2147	1.903659
723.7732	1.904325
723.3315	1.904992
722.8898	1.905660
722.4479	1.906330
722.0060	1.907001
721.5640	1.907672
721.1218	1.908345
720.6796	1.909019
720.2373	1.909694
719.7949	1.910371
719.3524	1.911048
718.9097	1.911727
718.4670	1.912407
718.0242	1.913088
717.5813	1.913770
717.1383	1.914453
716.6952	1.915138
716.2520	1.915823
715.8087	1.916510
715.3653	1.917198
714.9218	1.917887
714.4782	1.918578
714.0345	1.919269
713.5907	1.919962
713.1469	1.920656
712.7028	1.921351
712.2588	1.922047
711.8146	1.922745
711.3703	1.923444
710.9259	1.924144
710.4814	1.924845
710.0369	1.925547
709.5922	1.926251
709.1474	1.926956
708.7026	1.927661
708.2576	1.928369
707.8125	1.929077
707.3674	1.929787
706.9221	1.930498
706.4767	1.931210
706.0313	1.931923
705.5857	1.932638
705.1401	1.933353
704.6943	1.934071
704.2484	1.934789
703.8025	1.935508
703.3564	1.936229
702.9103	1.936951
702.4641	1.937674
702.0177	1.938399
701.5712	1.939125
701.1247	1.939852
700.6780	1.940580
700.2313	1.941310
699.7844	1.942041
699.3375	1.942773
698.8904	1.943506
698.4433	1.944241
697.9961	1.944977
697.5488	1.945714
697.1013	1.946453
696.6537	1.947193
696.2061	1.947934
695.7584	1.948676
695.3105	1.949420
694.8626	1.950165
694.4146	1.950911
693.9664	1.951659
693.5182	1.952407
693.0699	1.953158
692.6215	1.953909
692.1729	1.954662
691.7243	1.955416
691.2756	1.956172
690.8267	1.956928
690.3778	1.957687
689.9288	1.958446
689.4797	1.959207
689.0304	1.959969
688.5811	1.960732
688.1317	1.961497
687.6821	1.962263
687.2325	1.963031
686.7828	1.963800
686.3329	1.964570
685.8830	1.965341
685.4330	1.966114
684.9828	1.966889
684.5327	1.967664
684.0823	1.968441
683.6319	1.969219
683.1813	1.969999
682.7307	1.970780
682.2800	1.971563
681.8292	1.972347
681.3782	1.973132
680.9272	1.973918
680.4761	1.974706
680.0248	1.975496
679.5735	1.976287
679.1221	1.977079
678.6705	1.977873
678.2189	1.978668
677.7672	1.979464
677.3154	1.980262
676.8634	1.981061
676.4114	1.981862
675.9592	1.982664
675.5070	1.983467
675.0547	1.984272
674.6022	1.985079
674.1497	1.985886
673.6971	1.986695
673.2443	1.987506
672.7915	1.988318
672.3386	1.989132
671.8855	1.989947
671.4324	1.990763
670.9791	1.991581
670.5258	1.992400
670.0723	1.993221
669.6188	1.994043
669.1651	1.994867
668.7114	1.995692
668.2575	1.996519
667.8035	1.997347
667.3495	1.998177
666.8953	1.999008
666.4411	1.999840
665.9868	2.000674
665.5323	2.001510
665.0777	2.002347
664.6230	2.003185
664.1683	2.004025
663.7134	2.004867
663.2584	2.005710
662.8034	2.006554
662.3482	2.007400
661.8929	2.008248
661.4376	2.009097
660.9821	2.009948
660.5265	2.010800
660.0708	2.011653
659.6151	2.012508
659.1592	2.013365
658.7032	2.014223
658.2471	2.015083
657.7909	2.015945
657.3346	2.016807
656.8782	2.017672
656.4218	2.018538
655.9651	2.019405
655.5084	2.020274
655.0516	2.021145
654.5947	2.022017
654.1377	2.022891
653.6806	2.023766
653.2234	2.024643
652.7661	2.025522
652.3087	2.026402
651.8511	2.027284
651.3936	2.028167
650.9358	2.029052
650.4780	2.029938
650.0201	2.030826
649.5620	2.031716
649.1039	2.032607
648.6457	2.033499
648.1873	2.034394
647.7289	2.035290
647.2703	2.036188
646.8117	2.037087
646.3530	2.037988
645.8941	2.038890
645.4351	2.039795
644.9761	2.040700
644.5169	2.041608
644.0577	2.042517
643.5983	2.043428
643.1389	2.044340
642.6793	2.045254
642.2196	2.046170
641.7598	2.047087
641.2999	2.048006
640.8400	2.048926
640.3799	2.049849
639.9197	2.050773
639.4594	2.051698
638.9990	2.052626
638.5385	2.053555
638.0779	2.054485
637.6172	2.055418
637.1564	2.056352
636.6954	2.057288
636.2344	2.058225
635.7733	2.059164
635.3121	2.060105
634.8508	2.061048
634.3893	2.061992
633.9278	2.062938
633.4662	2.063885
633.0044	2.064835
632.5425	2.065786
632.0806	2.066739
631.6186	2.067694
631.1564	2.068650
630.6942	2.069608
630.2318	2.070568
629.7693	2.071529
629.3068	2.072493
628.8441	2.073458
628.3813	2.074425
627.9184	2.075393
627.4554	2.076363
626.9923	2.077336
626.5291	2.078309
626.0658	2.079285
625.6024	2.080262
625.1389	2.081242
624.6753	2.082223
624.2115	2.083205
623.7477	2.084190
623.2838	2.085176
622.8198	2.086164
622.3557	2.087154
621.8914	2.088146
621.4271	2.089139
620.9626	2.090135
620.4980	2.091132
620.0334	2.092131
619.5687	2.093132
619.1038	2.094134
618.6388	2.095139
618.1737	2.096145
617.7086	2.097153
617.2433	2.098163
616.7779	2.099175
616.3124	2.100189
615.8468	2.101204
615.3810	2.102222
614.9153	2.103241
614.4493	2.104262
613.9833	2.105285
613.5172	2.106309
613.0510	2.107336
612.5847	2.108364
612.1182	2.109395
611.6517	2.110427
611.1850	2.111461
610.7183	2.112497
610.2514	2.113535
609.7844	2.114575
609.3173	2.115617
608.8502	2.116660
608.3829	2.117706
607.9155	2.118754
607.4480	2.119803
606.9804	2.120854
606.5127	2.121907
606.0449	2.122962
605.5770	2.124019
605.1089	2.125079
604.6408	2.126139
604.1726	2.127202
603.7042	2.128267
603.2358	2.129334
602.7673	2.130402
602.2986	2.131473
601.8298	2.132545
601.3610	2.133620
600.8920	2.134696
600.4229	2.135775
599.9537	2.136855
599.4844	2.137938
599.0150	2.139022
598.5455	2.140108
598.0759	2.141197
597.6062	2.142287
597.1364	2.143379
596.6664	2.144473
596.1964	2.145570
595.7263	2.146668
595.2560	2.147768
594.7857	2.148870
594.3152	2.149975
593.8447	2.151081
593.3740	2.152189
592.9032	2.153300
592.4323	2.154412
591.9613	2.155526
591.4902	2.156643
591.0190	2.157761
590.5477	2.158882
590.0763	2.160004
589.6048	2.161128
589.1331	2.162255
588.6614	2.163384
588.1896	2.164514
587.7176	2.165647
587.2455	2.166782
586.7734	2.167919
586.3011	2.169058
585.8287	2.170199
585.3563	2.171342
584.8837	2.172487
584.4109	2.173634
583.9382	2.174783
583.4652	2.175935
582.9922	2.177088
582.5191	2.178244
582.0458	2.179402
581.5725	2.180561
581.0991	2.181723
580.6255	2.182887
580.1519	2.184053
579.6780	2.185222
579.2042	2.186392
578.7302	2.187564
578.2561	2.188739
577.7819	2.189916
577.3076	2.191094
576.8332	2.192275
576.3586	2.193459
575.8840	2.194644
575.4093	2.195831
574.9344	2.197021
574.4595	2.198212
573.9844	2.199406
573.5092	2.200602
573.0339	2.201800
572.5586	2.203000
572.0831	2.204203
571.6075	2.205407
571.1318	2.206614
570.6559	2.207823
570.1801	2.209034
569.7040	2.210247
569.2278	2.211463
568.7516	2.212681
568.2753	2.213900
567.7988	2.215122
567.3222	2.216347
566.8455	2.217573
566.3687	2.218802
565.8918	2.220033
565.4149	2.221265
564.9377	2.222501
564.4605	2.223738
563.9832	2.224978
563.5057	2.226220
563.0282	2.227464
562.5505	2.228710
562.0728	2.229958
561.5948	2.231210
561.1169	2.232462
560.6388	2.233718
560.1606	2.234975
559.6823	2.236235
559.2039	2.237497
558.7253	2.238761
558.2467	2.240027
557.7679	2.241296
557.2891	2.242567
556.8102	2.243840
556.3311	2.245115
555.8519	2.246393
555.3726	2.247673
554.8932	2.248955
554.4137	2.250240
553.9341	2.251526
553.4543	2.252816
552.9745	2.254107
552.4946	2.255400
552.0145	2.256696
551.5344	2.257994
551.0541	2.259295
550.5737	2.260597
550.0933	2.261902
549.6127	2.263209
549.1320	2.264519
548.6511	2.265831
548.1702	2.267145
547.6891	2.268462
547.2080	2.269780
546.7267	2.271101
546.2454	2.272424
545.7639	2.273750
545.2823	2.275078
544.8007	2.276408
544.3188	2.277741
543.8369	2.279076
543.3549	2.280413
542.8728	2.281752
542.3905	2.283094
541.9082	2.284438
541.4257	2.285785
540.9431	2.287134
540.4604	2.288485
539.9777	2.289838
539.4948	2.291194
539.0118	2.292552
538.5286	2.293912
538.0454	2.295275
537.5621	2.296640
537.0786	2.298007
536.5950	2.299377
536.1114	2.300749
535.6276	2.302124
535.1437	2.303500
534.6597	2.304879
534.1756	2.306261
533.6913	2.307645
533.2070	2.309031
532.7226	2.310419
532.2380	2.311810
531.7534	2.313203
531.2686	2.314598
530.7837	2.315996
530.2987	2.317397
529.8136	2.318799
529.3284	2.320204
528.8430	2.321611
528.3576	2.323021
527.8720	2.324433
527.3864	2.325847
526.9006	2.327263
526.4147	2.328682
525.9287	2.330104
525.4426	2.331527
524.9564	2.332953
524.4700	2.334382
523.9836	2.335813
523.4971	2.337245
523.0104	2.338681
522.5236	2.340119
522.0367	2.341559
521.5497	2.343001
521.0626	2.344446
520.5754	2.345893
520.0881	2.347343
519.6006	2.348795
519.1131	2.350249
518.6254	2.351705
518.1377	2.353164
517.6498	2.354625
517.1618	2.356089
516.6737	2.357555
516.1855	2.359023
515.6971	2.360494
515.2087	2.361967
514.7202	2.363442
514.2314	2.364920
513.7427	2.366400
513.2538	2.367882
512.7648	2.369366
512.2757	2.370853
511.7864	2.372343
511.2971	2.373834
510.8076	2.375328
510.3181	2.376824
509.8284	2.378323
509.3386	2.379824
508.8488	2.381327
508.3587	2.382833
507.8686	2.384340
507.3784	2.385850
506.8880	2.387363
506.3976	2.388878
505.9070	2.390395
505.4163	2.391914
504.9255	2.393436
504.4346	2.394960
503.9436	2.396486
503.4525	2.398014
502.9612	2.399545
502.4698	2.401078
501.9784	2.402613
501.4868	2.404151
500.9951	2.405691
500.5033	2.407233
500.0114	2.408777
499.5193	2.410324
499.0272	2.411873
498.5349	2.413424
498.0426	2.414977
497.5501	2.416533
497.0575	2.418091
496.5648	2.419651
496.0720	2.421213
495.5790	2.422778
495.0860	2.424344
494.5928	2.425913
494.0995	2.427485
493.6062	2.429058
493.1127	2.430633
492.6190	2.432211
492.1253	2.433791
491.6315	2.435373
491.1375	2.436957
490.6435	2.438543
490.1493	2.440132
489.6550	2.441723
489.1606	2.443315
488.6661	2.444910
488.1714	2.446507
487.6767	2.448107
487.1818	2.449708
486.6869	2.451311
486.1918	2.452917
485.6966	2.454524
485.2013	2.456134
484.7058	2.457746
484.2103	2.459359
483.7146	2.460975
483.2189	2.462593
482.7230	2.464213
482.2270	2.465835
481.7309	2.467459
481.2346	2.469085
480.7383	2.470713
480.2419	2.472343
479.7453	2.473975
479.2486	2.475609
478.7518	2.477245
478.2549	2.478883
477.7579	2.480522
477.2608	2.482164
476.7635	2.483808
476.2662	2.485453
475.7687	2.487100
475.2711	2.488750
474.7734	2.490401
474.2756	2.492054
473.7776	2.493709
473.2796	2.495365
472.7814	2.497024
472.2831	2.498684
471.7848	2.500346
471.2863	2.502010
470.7876	2.503676
470.2889	2.505343
469.7900	2.507013
469.2911	2.508683
468.7920	2.510356
468.2928	2.512030
467.7935	2.513706
467.2941	2.515384
466.7945	2.517063
466.2949	2.518744
465.7951	2.520426
465.2952	2.522111
464.7952	2.523796
464.2951	2.525484
463.7949	2.527172
463.2946	2.528863
462.7941	2.530555
462.2935	2.532248
461.7928	2.533943
461.2921	2.535639
460.7911	2.537337
460.2901	2.539036
459.7889	2.540737
459.2877	2.542439
458.7863	2.544142
458.2848	2.545847
457.7832	2.547553
457.2815	2.549260
456.7796	2.550969
456.2777	2.552679
455.7756	2.554390
455.2734	2.556102
454.7711	2.557816
454.2687	2.559531
453.7662	2.561246
453.2635	2.562963
452.7608	2.564681
452.2579	2.566401
451.7549	2.568121
451.2518	2.569842
450.7485	2.571565
450.2452	2.573288
449.7417	2.575012
449.2382	2.576737
448.7345	2.578463
448.2307	2.580190
447.7267	2.581918
447.2227	2.583646
446.7186	2.585375
446.2143	2.587105
445.7099	2.588836
445.2054	2.590568
444.7008	2.592300
444.1960	2.594033
443.6912	2.595766
443.1862	2.597500
442.6812	2.599234
442.1759	2.600970
441.6706	2.602705
441.1652	2.604441
440.6596	2.606178
440.1540	2.607914
