Source : Fit
Spectrum : 1

Wavelength	Psi	Delta

829.9594	21.299	87.488
829.5408	21.309	87.474
829.1221	21.318	87.460
828.7034	21.328	87.446
828.2845	21.337	87.433
827.8656	21.346	87.419
827.4465	21.356	87.405
827.0275	21.365	87.391
826.6082	21.375	87.377
826.1889	21.384	87.364
825.7695	21.393	87.351
825.3500	21.403	87.337
824.9305	21.412	87.324
824.5108	21.421	87.311
824.0911	21.431	87.298
823.6713	21.440	87.284
823.2513	21.449	87.271
822.8313	21.459	87.258
822.4112	21.468	87.244
821.9910	21.477	87.231
821.5707	21.487	87.218
821.1503	21.496	87.205
820.7299	21.505	87.191
820.3093	21.515	87.178
819.8886	21.524	87.165
819.4679	21.534	87.151
819.0471	21.543	87.138
818.6262	21.552	87.125
818.2051	21.562	87.112
817.7841	21.571	87.098
817.3629	21.581	87.085
816.9416	21.590	87.072
816.5202	21.600	87.059
816.0988	21.609	87.045
815.6772	21.619	87.032
815.2556	21.628	87.020
814.8338	21.638	87.008
814.4120	21.647	86.996
813.9901	21.657	86.984
813.5681	21.667	86.972
813.1460	21.676	86.961
812.7238	21.686	86.949
812.3015	21.696	86.937
811.8792	21.705	86.925
811.4567	21.715	86.913
811.0341	21.725	86.901
810.6115	21.734	86.889
810.1888	21.744	86.878
809.7659	21.754	86.866
809.3430	21.764	86.855
808.9200	21.774	86.844
808.4969	21.784	86.833
808.0738	21.794	86.822
807.6505	21.804	86.811
807.2271	21.814	86.800
806.8036	21.824	86.789
806.3802	21.834	86.778
805.9564	21.845	86.767
805.5327	21.855	86.756
805.1089	21.865	86.745
804.6850	21.875	86.734
804.2610	21.885	86.723
803.8369	21.895	86.712
803.4127	21.905	86.701
802.9884	21.915	86.690
802.5640	21.925	86.679
802.1396	21.936	86.667
801.7150	21.946	86.656
801.2903	21.956	86.645
800.8657	21.966	86.634
800.4408	21.976	86.623
800.0159	21.987	86.612
799.5909	21.996	86.599
799.1658	22.006	86.585
798.7406	22.016	86.572
798.3153	22.025	86.558
797.8899	22.035	86.544
797.4644	22.045	86.530
797.0389	22.054	86.516
796.6132	22.064	86.502
796.1875	22.074	86.489
795.7617	22.084	86.475
795.3357	22.093	86.461
794.9097	22.103	86.447
794.4836	22.113	86.434
794.0574	22.122	86.421
793.6310	22.132	86.407
793.2047	22.141	86.394
792.7782	22.151	86.381
792.3516	22.161	86.368
791.9249	22.170	86.354
791.4982	22.180	86.341
791.0714	22.189	86.328
790.6444	22.199	86.315
790.2173	22.209	86.302
789.7902	22.218	86.288
789.3630	22.228	86.276
788.9357	22.238	86.264
788.5083	22.248	86.251
788.0807	22.258	86.239
787.6532	22.268	86.226
787.2256	22.278	86.214
786.7977	22.288	86.202
786.3699	22.299	86.189
785.9419	22.309	86.177
785.5139	22.319	86.165
785.0857	22.329	86.152
784.6575	22.339	86.140
784.2291	22.349	86.129
783.8007	22.360	86.117
783.3722	22.370	86.106
782.9435	22.381	86.094
782.5148	22.391	86.083
782.0861	22.402	86.071
781.6573	22.412	86.060
781.2282	22.423	86.048
780.7991	22.433	86.037
780.3698	22.444	86.025
779.9407	22.454	86.014
779.5113	22.465	86.002
779.0818	22.476	85.989
778.6523	22.487	85.977
778.2227	22.498	85.964
777.7930	22.509	85.951
777.3632	22.520	85.939
776.9332	22.531	85.926
776.5032	22.542	85.913
776.0731	22.553	85.901
775.6429	22.565	85.888
775.2126	22.576	85.875
774.7822	22.587	85.863
774.3517	22.597	85.851
773.9212	22.607	85.839
773.4905	22.618	85.827
773.0598	22.628	85.815
772.6289	22.639	85.803
772.1980	22.649	85.791
771.7669	22.660	85.779
771.3358	22.671	85.767
770.9046	22.681	85.755
770.4733	22.692	85.743
770.0419	22.702	85.731
769.6104	22.713	85.718
769.1787	22.723	85.706
768.7471	22.734	85.694
768.3152	22.745	85.682
767.8834	22.755	85.670
767.4514	22.766	85.658
767.0193	22.777	85.646
766.5872	22.787	85.634
766.1549	22.798	85.622
765.7224	22.809	85.610
765.2901	22.819	85.598
764.8575	22.830	85.587
764.4249	22.841	85.576
763.9922	22.852	85.564
763.5593	22.863	85.553
763.1264	22.874	85.542
762.6934	22.885	85.530
762.2603	22.896	85.519
761.8271	22.907	85.508
761.3938	22.919	85.496
760.9604	22.930	85.485
760.5269	22.941	85.473
760.0933	22.953	85.462
759.6597	22.964	85.450
759.2259	22.976	85.438
758.7921	22.988	85.426
758.3581	23.000	85.414
757.9240	23.011	85.402
757.4900	23.023	85.390
757.0556	23.035	85.378
756.6213	23.047	85.366
756.1868	23.059	85.354
755.7523	23.070	85.343
755.3177	23.082	85.332
754.8830	23.093	85.322
754.4482	23.105	85.311
754.0132	23.116	85.301
753.5782	23.128	85.290
753.1432	23.139	85.279
752.7079	23.151	85.269
752.2726	23.162	85.258
751.8373	23.174	85.247
751.4018	23.186	85.237
750.9662	23.197	85.226
750.5306	23.208	85.214
750.0948	23.220	85.203
749.6589	23.231	85.192
749.2230	23.243	85.181
748.7869	23.254	85.170
748.3508	23.266	85.159
747.9146	23.277	85.148
747.4782	23.289	85.137
747.0417	23.300	85.126
746.6052	23.312	85.115
746.1686	23.323	85.104
745.7319	23.335	85.093
745.2950	23.346	85.082
744.8582	23.358	85.070
744.4211	23.369	85.059
743.9841	23.381	85.048
743.5468	23.393	85.037
743.1096	23.404	85.026
742.6722	23.416	85.015
742.2347	23.428	85.003
741.7971	23.440	84.991
741.3594	23.451	84.978
740.9215	23.463	84.965
740.4838	23.475	84.952
740.0458	23.487	84.940
739.6077	23.499	84.927
739.1696	23.511	84.914
738.7313	23.523	84.901
738.2930	23.535	84.888
737.8545	23.547	84.876
737.4160	23.558	84.864
736.9773	23.570	84.852
736.5386	23.581	84.840
736.0996	23.593	84.828
735.6608	23.604	84.816
735.2218	23.616	84.804
734.7827	23.627	84.791
734.3434	23.639	84.779
733.9041	23.650	84.767
733.4647	23.662	84.755
733.0252	23.674	84.742
732.5856	23.686	84.729
732.1459	23.698	84.716
731.7061	23.710	84.703
731.2662	23.722	84.690
730.8261	23.733	84.677
730.3861	23.745	84.664
729.9459	23.757	84.650
729.5057	23.769	84.637
729.0653	23.782	84.626
728.6248	23.794	84.616
728.1843	23.807	84.606
727.7436	23.819	84.596
727.3028	23.831	84.586
726.8619	23.844	84.576
726.4210	23.856	84.567
725.9799	23.869	84.557
725.5388	23.881	84.547
725.0975	23.894	84.537
724.6562	23.906	84.527
724.2147	23.919	84.517
723.7732	23.931	84.507
723.3315	23.944	84.497
722.8898	23.957	84.487
722.4479	23.969	84.477
722.0060	23.982	84.467
721.5640	23.994	84.457
721.1218	24.007	84.447
720.6796	24.020	84.437
720.2373	24.032	84.427
719.7949	24.044	84.416
719.3524	24.057	84.406
718.9097	24.069	84.396
718.4670	24.082	84.385
718.0242	24.094	84.375
717.5813	24.107	84.365
717.1383	24.120	84.354
716.6952	24.132	84.344
716.2520	24.144	84.333
715.8087	24.157	84.322
715.3653	24.169	84.312
714.9218	24.182	84.301
714.4782	24.194	84.290
714.0345	24.207	84.279
713.5907	24.219	84.269
713.1469	24.232	84.258
712.7028	24.244	84.247
712.2588	24.256	84.236
711.8146	24.269	84.226
711.3703	24.282	84.215
710.9259	24.294	84.204
710.4814	24.307	84.193
710.0369	24.319	84.183
709.5922	24.332	84.172
709.1474	24.344	84.161
708.7026	24.357	84.150
708.2576	24.370	84.140
707.8125	24.383	84.128
707.3674	24.397	84.117
706.9221	24.410	84.106
706.4767	24.424	84.095
706.0313	24.437	84.084
705.5857	24.451	84.073
705.1401	24.464	84.062
704.6943	24.478	84.050
704.2484	24.491	84.040
703.8025	24.504	84.030
703.3564	24.517	84.020
702.9103	24.531	84.011
702.4641	24.544	84.001
702.0177	24.557	83.991
701.5712	24.570	83.981
701.1247	24.583	83.972
700.6780	24.596	83.962
700.2313	24.610	83.952
699.7844	24.623	83.943
699.3375	24.637	83.933
698.8904	24.650	83.923
698.4433	24.664	83.914
697.9961	24.677	83.904
697.5488	24.691	83.894
697.1013	24.704	83.885
696.6537	24.718	83.875
696.2061	24.731	83.866
695.7584	24.745	83.857
695.3105	24.759	83.847
694.8626	24.772	83.838
694.4146	24.786	83.829
693.9664	24.800	83.819
693.5182	24.814	83.810
693.0699	24.827	83.801
692.6215	24.841	83.792
692.1729	24.855	83.782
691.7243	24.869	83.773
691.2756	24.883	83.764
690.8267	24.896	83.755
690.3778	24.910	83.746
689.9288	24.924	83.737
689.4797	24.938	83.728
689.0304	24.952	83.719
688.5811	24.965	83.710
688.1317	24.979	83.700
687.6821	24.993	83.690
687.2325	25.006	83.681
686.7828	25.020	83.671
686.3329	25.034	83.661
685.8830	25.047	83.652
685.4330	25.061	83.642
684.9828	25.075	83.633
684.5327	25.089	83.623
684.0823	25.103	83.613
683.6319	25.116	83.604
683.1813	25.130	83.594
682.7307	25.144	83.585
682.2800	25.158	83.575
681.8292	25.172	83.566
681.3782	25.186	83.556
680.9272	25.200	83.547
680.4761	25.214	83.538
680.0248	25.228	83.529
679.5735	25.242	83.520
679.1221	25.256	83.512
678.6705	25.270	83.503
678.2189	25.285	83.494
677.7672	25.299	83.485
677.3154	25.313	83.476
676.8634	25.328	83.468
676.4114	25.342	83.460
675.9592	25.357	83.452
675.5070	25.371	83.444
675.0547	25.386	83.435
674.6022	25.401	83.427
674.1497	25.415	83.419
673.6971	25.430	83.411
673.2443	25.444	83.403
672.7915	25.459	83.395
672.3386	25.474	83.387
671.8855	25.489	83.379
671.4324	25.503	83.370
670.9791	25.518	83.362
670.5258	25.533	83.354
670.0723	25.547	83.346
669.6188	25.562	83.338
669.1651	25.576	83.329
668.7114	25.591	83.320
668.2575	25.605	83.312
667.8035	25.620	83.303
667.3495	25.634	83.295
666.8953	25.649	83.286
666.4411	25.664	83.278
665.9868	25.678	83.269
665.5323	25.693	83.260
665.0777	25.708	83.251
664.6230	25.722	83.243
664.1683	25.737	83.234
663.7134	25.752	83.225
663.2584	25.767	83.217
662.8034	25.782	83.208
662.3482	25.796	83.199
661.8929	25.811	83.190
661.4376	25.826	83.182
660.9821	25.841	83.173
660.5265	25.856	83.164
660.0708	25.871	83.155
659.6151	25.886	83.147
659.1592	25.901	83.138
658.7032	25.916	83.129
658.2471	25.931	83.121
657.7909	25.946	83.112
657.3346	25.961	83.103
656.8782	25.976	83.095
656.4218	25.991	83.086
655.9651	26.006	83.077
655.5084	26.021	83.069
655.0516	26.036	83.060
654.5947	26.052	83.052
654.1377	26.067	83.043
653.6806	26.082	83.034
653.2234	26.097	83.026
652.7661	26.112	83.017
652.3087	26.128	83.009
651.8511	26.143	83.000
651.3936	26.158	82.992
650.9358	26.174	82.984
650.4780	26.189	82.975
650.0201	26.205	82.967
649.5620	26.220	82.958
649.1039	26.236	82.950
648.6457	26.251	82.942
648.1873	26.267	82.933
647.7289	26.282	82.925
647.2703	26.298	82.917
646.8117	26.313	82.908
646.3530	26.329	82.900
645.8941	26.344	82.892
645.4351	26.360	82.884
644.9761	26.376	82.877
644.5169	26.392	82.869
644.0577	26.408	82.862
643.5983	26.424	82.854
643.1389	26.440	82.847
642.6793	26.456	82.840
642.2196	26.472	82.832
641.7598	26.488	82.826
641.2999	26.505	82.819
640.8400	26.521	82.813
640.3799	26.538	82.806
639.9197	26.554	82.800
639.4594	26.570	82.793
638.9990	26.587	82.787
638.5385	26.603	82.780
638.0779	26.620	82.774
637.6172	26.636	82.767
637.1564	26.653	82.761
636.6954	26.669	82.754
636.2344	26.686	82.748
635.7733	26.702	82.742
635.3121	26.718	82.734
634.8508	26.734	82.726
634.3893	26.750	82.719
633.9278	26.766	82.712
633.4662	26.782	82.704
633.0044	26.798	82.697
632.5425	26.814	82.689
632.0806	26.831	82.682
631.6186	26.847	82.674
631.1564	26.863	82.667
630.6942	26.879	82.660
630.2318	26.895	82.652
629.7693	26.911	82.645
629.3068	26.928	82.638
628.8441	26.944	82.630
628.3813	26.960	82.623
627.9184	26.977	82.615
627.4554	26.993	82.608
626.9923	27.009	82.600
626.5291	27.026	82.593
626.0658	27.042	82.586
625.6024	27.059	82.578
625.1389	27.076	82.571
624.6753	27.092	82.563
624.2115	27.109	82.556
623.7477	27.126	82.548
623.2838	27.142	82.541
622.8198	27.159	82.533
622.3557	27.176	82.526
621.8914	27.192	82.518
621.4271	27.209	82.511
620.9626	27.226	82.503
620.4980	27.243	82.496
620.0334	27.260	82.489
619.5687	27.277	82.482
619.1038	27.294	82.476
618.6388	27.312	82.470
618.1737	27.329	82.464
617.7086	27.347	82.458
617.2433	27.365	82.452
616.7779	27.382	82.446
616.3124	27.400	82.440
615.8468	27.417	82.434
615.3810	27.435	82.429
614.9153	27.453	82.423
614.4492	27.470	82.417
613.9833	27.488	82.411
613.5172	27.506	82.405
613.0510	27.523	82.400
612.5847	27.541	82.394
612.1182	27.559	82.389
611.6516	27.577	82.383
611.1850	27.595	82.378
610.7183	27.612	82.373
610.2514	27.630	82.368
609.7844	27.648	82.363
609.3173	27.666	82.358
608.8502	27.684	82.353
608.3829	27.702	82.348
607.9156	27.720	82.343
607.4480	27.738	82.338
606.9804	27.756	82.333
606.5127	27.774	82.328
606.0449	27.792	82.323
605.5770	27.810	82.318
605.1089	27.828	82.313
604.6408	27.846	82.308
604.1726	27.865	82.304
603.7042	27.883	82.299
603.2358	27.901	82.294
602.7673	27.919	82.290
602.2986	27.938	82.285
601.8298	27.956	82.280
601.3610	27.974	82.276
600.8920	27.993	82.271
600.4229	28.011	82.266
599.9537	28.030	82.262
599.4844	28.048	82.257
599.0150	28.066	82.253
598.5455	28.085	82.248
598.0759	28.104	82.243
597.6062	28.122	82.238
597.1364	28.141	82.233
596.6664	28.160	82.228
596.1964	28.178	82.223
595.7263	28.197	82.218
595.2560	28.216	82.213
594.7857	28.235	82.208
594.3152	28.254	82.203
593.8447	28.273	82.198
593.3741	28.292	82.193
592.9032	28.311	82.188
592.4323	28.330	82.183
591.9613	28.349	82.178
591.4902	28.368	82.173
591.0190	28.387	82.168
590.5477	28.406	82.163
590.0763	28.425	82.158
589.6048	28.444	82.154
589.1331	28.463	82.150
588.6614	28.481	82.146
588.1896	28.500	82.142
587.7176	28.519	82.138
587.2455	28.538	82.134
586.7734	28.557	82.130
586.3011	28.576	82.126
585.8287	28.595	82.122
585.3563	28.614	82.118
584.8837	28.633	82.115
584.4109	28.652	82.111
583.9382	28.671	82.108
583.4652	28.691	82.104
582.9922	28.710	82.101
582.5191	28.730	82.097
582.0458	28.749	82.094
581.5725	28.769	82.091
581.0991	28.789	82.087
580.6255	28.809	82.084
580.1519	28.829	82.081
579.6780	28.849	82.078
579.2042	28.869	82.075
578.7303	28.889	82.072
578.2561	28.909	82.069
577.7819	28.929	82.066
577.3076	28.949	82.063
576.8332	28.970	82.060
576.3586	28.990	82.058
575.8840	29.011	82.056
575.4093	29.031	82.053
574.9344	29.052	82.051
574.4595	29.073	82.049
573.9844	29.094	82.047
573.5092	29.115	82.044
573.0339	29.135	82.042
572.5586	29.156	82.040
572.0831	29.177	82.038
571.6075	29.198	82.036
571.1318	29.219	82.034
570.6559	29.239	82.031
570.1801	29.260	82.029
569.7040	29.281	82.027
569.2278	29.301	82.025
568.7516	29.322	82.022
568.2753	29.342	82.020
567.7989	29.363	82.018
567.3222	29.383	82.015
566.8455	29.403	82.013
566.3687	29.424	82.011
565.8918	29.444	82.008
565.4149	29.465	82.006
564.9377	29.485	82.004
564.4605	29.506	82.002
563.9832	29.526	81.999
563.5057	29.547	81.997
563.0282	29.569	81.996
562.5505	29.591	81.994
562.0728	29.612	81.993
561.5948	29.634	81.991
561.1169	29.656	81.989
560.6388	29.678	81.988
560.1606	29.700	81.986
559.6823	29.722	81.985
559.2039	29.744	81.983
558.7253	29.766	81.982
558.2467	29.788	81.981
557.7679	29.810	81.979
557.2891	29.832	81.978
556.8102	29.854	81.976
556.3311	29.876	81.975
555.8519	29.899	81.974
555.3726	29.921	81.973
554.8932	29.943	81.971
554.4137	29.965	81.970
553.9341	29.988	81.969
553.4543	30.010	81.968
552.9745	30.032	81.966
552.4946	30.055	81.965
552.0145	30.077	81.964
551.5345	30.100	81.963
551.0541	30.122	81.962
550.5737	30.145	81.961
550.0933	30.167	81.960
549.6126	30.189	81.959
549.1320	30.212	81.958
548.6511	30.234	81.956
548.1702	30.257	81.956
547.6891	30.280	81.955
547.2080	30.302	81.954
546.7267	30.325	81.953
546.2454	30.347	81.952
545.7639	30.370	81.951
545.2823	30.393	81.950
544.8007	30.415	81.949
544.3188	30.438	81.948
543.8369	30.461	81.947
543.3549	30.483	81.946
542.8728	30.506	81.945
542.3905	30.529	81.944
541.9082	30.551	81.943
541.4257	30.574	81.942
540.9431	30.597	81.941
540.4604	30.620	81.941
539.9777	30.643	81.940
539.4948	30.665	81.939
539.0118	30.689	81.938
538.5286	30.713	81.939
538.0454	30.738	81.940
537.5621	30.762	81.941
537.0786	30.787	81.942
536.5950	30.812	81.943
536.1114	30.836	81.944
535.6276	30.861	81.945
535.1437	30.886	81.946
534.6597	30.911	81.947
534.1756	30.936	81.948
533.6913	30.960	81.949
533.2070	30.985	81.949
532.7226	31.009	81.950
532.2380	31.034	81.950
531.7534	31.058	81.951
531.2686	31.083	81.951
530.7837	31.107	81.951
530.2987	31.132	81.952
529.8136	31.156	81.952
529.3284	31.181	81.952
528.8430	31.205	81.952
528.3576	31.230	81.953
527.8720	31.255	81.953
527.3864	31.279	81.953
526.9006	31.305	81.955
526.4147	31.330	81.956
525.9287	31.355	81.957
525.4426	31.381	81.958
524.9564	31.406	81.959
524.4700	31.431	81.960
523.9836	31.457	81.961
523.4971	31.482	81.963
523.0104	31.508	81.964
522.5236	31.534	81.965
522.0367	31.560	81.967
521.5497	31.586	81.968
521.0626	31.612	81.970
520.5754	31.638	81.972
520.0881	31.664	81.974
519.6006	31.691	81.976
519.1131	31.717	81.978
518.6254	31.744	81.980
518.1377	31.770	81.982
517.6498	31.797	81.984
517.1618	31.823	81.986
516.6737	31.850	81.987
516.1855	31.877	81.990
515.6971	31.904	81.992
515.2087	31.930	81.995
514.7202	31.957	81.997
514.2314	31.984	81.999
513.7427	32.012	82.002
513.2538	32.039	82.004
512.7648	32.066	82.006
512.2757	32.093	82.009
511.7864	32.120	82.011
511.2971	32.148	82.013
510.8076	32.175	82.015
510.3181	32.203	82.017
509.8284	32.230	82.019
509.3386	32.258	82.021
508.8488	32.286	82.023
508.3587	32.314	82.025
507.8686	32.342	82.027
507.3784	32.370	82.028
506.8880	32.398	82.030
506.3976	32.426	82.032
505.9070	32.454	82.034
505.4163	32.483	82.038
504.9255	32.512	82.041
504.4346	32.540	82.044
503.9436	32.569	82.047
503.4525	32.598	82.051
502.9612	32.627	82.054
502.4698	32.656	82.057
501.9784	32.685	82.060
501.4868	32.715	82.063
500.9951	32.744	82.066
500.5033	32.773	82.070
500.0114	32.803	82.073
499.5193	32.832	82.076
499.0272	32.861	82.079
498.5349	32.891	82.082
498.0426	32.921	82.085
497.5501	32.950	82.088
497.0575	32.980	82.091
496.5648	33.010	82.094
496.0720	33.040	82.097
495.5790	33.070	82.100
495.0860	33.100	82.103
494.5928	33.130	82.106
494.0995	33.161	82.109
493.6062	33.191	82.112
493.1127	33.222	82.114
492.6190	33.252	82.117
492.1253	33.283	82.120
491.6315	33.314	82.124
491.1375	33.345	82.128
490.6435	33.376	82.131
490.1493	33.408	82.135
489.6550	33.440	82.140
489.1606	33.472	82.144
488.6661	33.504	82.149
488.1714	33.536	82.154
487.6767	33.568	82.158
487.1818	33.601	82.163
486.6869	33.633	82.167
486.1918	33.665	82.172
485.6966	33.698	82.177
485.2013	33.731	82.183
484.7058	33.764	82.188
484.2103	33.798	82.193
483.7146	33.831	82.198
483.2189	33.864	82.203
482.7230	33.897	82.209
482.2270	33.931	82.214
481.7309	33.965	82.219
481.2346	33.998	82.224
480.7383	34.032	82.230
480.2419	34.066	82.235
479.7453	34.101	82.241
479.2486	34.135	82.246
478.7518	34.169	82.252
478.2549	34.204	82.257
477.7579	34.238	82.263
477.2608	34.273	82.268
476.7635	34.308	82.274
476.2662	34.343	82.280
475.7687	34.378	82.286
475.2711	34.414	82.292
474.7734	34.449	82.298
474.2756	34.485	82.304
473.7776	34.520	82.309
473.2796	34.556	82.315
472.7814	34.592	82.321
472.2831	34.628	82.327
471.7848	34.664	82.332
471.2863	34.701	82.338
470.7876	34.737	82.344
470.2889	34.774	82.349
469.7900	34.811	82.355
469.2911	34.848	82.361
468.7920	34.885	82.366
468.2928	34.922	82.371
467.7935	34.959	82.377
467.2941	34.997	82.383
466.7945	35.036	82.389
466.2949	35.074	82.395
465.7951	35.112	82.400
465.2952	35.151	82.406
464.7952	35.190	82.412
464.2951	35.228	82.418
463.7949	35.267	82.424
463.2946	35.307	82.431
462.7941	35.346	82.437
462.2935	35.385	82.445
461.7928	35.425	82.452
461.2921	35.465	82.459
460.7911	35.505	82.467
460.2901	35.545	82.474
459.7889	35.586	82.481
459.2877	35.626	82.488
458.7863	35.667	82.496
458.2848	35.708	82.504
457.7832	35.749	82.512
457.2815	35.791	82.519
456.7796	35.832	82.527
456.2777	35.874	82.534
455.7756	35.916	82.542
455.2734	35.958	82.550
454.7711	36.000	82.558
454.2687	36.043	82.565
453.7662	36.086	82.574
453.2635	36.129	82.582
452.7608	36.173	82.590
452.2579	36.216	82.598
451.7549	36.260	82.606
451.2518	36.304	82.614
450.7485	36.348	82.622
450.2452	36.393	82.631

