Source : SiO2_50min.P1.10h 59mn 43s
Spectrum : 1

Wavelength	Psi	Delta

829.9594	16.271	99.052
829.5408	16.271	99.030
829.1221	16.251	98.947
828.7034	16.278	98.929
828.2845	16.230	98.879
827.8656	16.288	98.849
827.4465	16.292	98.787
827.0275	16.275	98.706
826.6082	16.294	98.668
826.1889	16.293	98.618
825.7695	16.299	98.597
825.3500	16.277	98.575
824.9305	16.251	98.566
824.5108	16.259	98.531
824.0911	16.253	98.460
823.6713	16.270	98.410
823.2513	16.264	98.391
822.8313	16.275	98.367
822.4112	16.296	98.400
821.9910	16.319	98.453
821.5707	16.307	98.440
821.1503	16.304	98.440
820.7299	16.330	98.433
820.3093	16.343	98.457
819.8886	16.370	98.423
819.4679	16.382	98.402
819.0471	16.407	98.414
818.6262	16.418	98.414
818.2051	16.432	98.368
817.7841	16.445	98.376
817.3629	16.436	98.393
816.9416	16.469	98.419
816.5202	16.482	98.404
816.0988	16.495	98.436
815.6772	16.525	98.379
815.2556	16.533	98.374
814.8338	16.556	98.383
814.4120	16.574	98.358
813.9901	16.585	98.381
813.5681	16.604	98.406
813.1460	16.608	98.372
812.7238	16.610	98.374
812.3015	16.652	98.345
811.8792	16.624	98.393
811.4567	16.633	98.383
811.0341	16.645	98.377
810.6115	16.653	98.456
810.1888	16.653	98.434
809.7659	16.676	98.384
809.3430	16.686	98.380
808.9200	16.705	98.317
808.4969	16.723	98.268
808.0738	16.732	98.235
807.6505	16.740	98.249
807.2271	16.740	98.259
806.8036	16.769	98.211
806.3802	16.786	98.193
805.9564	16.808	98.157
805.5327	16.824	98.123
805.1089	16.845	98.056
804.6850	16.869	98.040
804.2610	16.878	98.010
803.8369	16.897	98.000
803.4127	16.921	97.971
802.9884	16.935	97.958
802.5640	16.950	97.957
802.1396	16.954	97.932
801.7150	16.962	97.952
801.2903	16.981	97.923
800.8657	16.987	97.936
800.4408	16.983	97.911
800.0159	16.998	97.909
799.5909	17.007	97.861
799.1658	17.015	97.868
798.7406	17.034	97.817
798.3153	17.063	97.806
797.8899	17.100	97.746
797.4644	17.113	97.738
797.0389	17.139	97.695
796.6132	17.158	97.660
796.1875	17.162	97.637
795.7617	17.181	97.605
795.3357	17.200	97.561
794.9097	17.220	97.523
794.4836	17.237	97.453
794.0574	17.250	97.449
793.6310	17.270	97.426
793.2047	17.289	97.372
792.7782	17.299	97.346
792.3516	17.313	97.339
791.9249	17.320	97.322
791.4982	17.352	97.292
791.0714	17.367	97.265
790.6444	17.380	97.253
790.2173	17.388	97.230
789.7902	17.402	97.208
789.3630	17.418	97.176
788.9357	17.431	97.179
788.5083	17.438	97.167
788.0807	17.441	97.189
787.6532	17.454	97.169
787.2256	17.451	97.168
786.7977	17.451	97.112
786.3699	17.464	97.104
785.9419	17.474	97.107
785.5139	17.486	97.086
785.0857	17.494	97.061
784.6575	17.509	97.027
784.2291	17.509	97.031
783.8007	17.513	97.015
783.3722	17.522	96.999
782.9435	17.543	96.985
782.5148	17.565	96.958
782.0861	17.570	96.973
781.6573	17.570	96.979
781.2282	17.584	96.969
780.7991	17.597	96.959
780.3698	17.612	96.962
779.9407	17.616	96.949
779.5113	17.622	96.951
779.0818	17.641	96.930
778.6523	17.670	96.899
778.2227	17.693	96.872
777.7930	17.703	96.878
777.3632	17.719	96.884
776.9332	17.735	96.860
776.5032	17.748	96.832
776.0731	17.758	96.827
775.6429	17.770	96.786
775.2126	17.782	96.770
774.7822	17.796	96.751
774.3517	17.804	96.781
773.9212	17.823	96.769
773.4905	17.836	96.766
773.0598	17.853	96.765
772.6289	17.868	96.755
772.1980	17.887	96.732
771.7669	17.895	96.722
771.3358	17.902	96.711
770.9046	17.916	96.693
770.4733	17.932	96.683
770.0419	17.945	96.679
769.6104	17.966	96.683
769.1787	17.977	96.693
768.7471	17.979	96.695
768.3152	18.003	96.690
767.8834	18.025	96.661
767.4514	18.041	96.630
767.0193	18.054	96.612
766.5872	18.070	96.589
766.1549	18.082	96.568
765.7224	18.095	96.583
765.2901	18.110	96.582
764.8575	18.125	96.594
764.4249	18.137	96.587
763.9922	18.158	96.584
763.5593	18.182	96.561
763.1264	18.197	96.574
762.6934	18.212	96.544
762.2603	18.218	96.541
761.8271	18.229	96.542
761.3938	18.241	96.534
760.9604	18.261	96.498
760.5269	18.277	96.496
760.0933	18.301	96.480
759.6597	18.319	96.463
759.2259	18.329	96.470
758.7921	18.339	96.480
758.3581	18.355	96.461
757.9240	18.362	96.453
757.4900	18.376	96.448
757.0556	18.387	96.451
756.6213	18.408	96.449
756.1868	18.425	96.418
755.7523	18.431	96.436
755.3177	18.443	96.435
754.8830	18.452	96.441
754.4482	18.462	96.440
754.0132	18.475	96.442
753.5782	18.486	96.443
753.1432	18.498	96.432
752.7079	18.511	96.438
752.2726	18.522	96.431
751.8373	18.531	96.431
751.4018	18.552	96.391
750.9662	18.567	96.396
750.5306	18.577	96.401
750.0948	18.590	96.382
749.6589	18.603	96.382
749.2230	18.611	96.376
748.7869	18.621	96.381
748.3508	18.643	96.368
747.9146	18.658	96.382
747.4782	18.672	96.396
747.0417	18.684	96.390
746.6052	18.693	96.379
746.1686	18.711	96.359
745.7319	18.730	96.342
745.2950	18.746	96.339
744.8582	18.763	96.325
744.4211	18.772	96.331
743.9841	18.788	96.340
743.5468	18.802	96.326
743.1096	18.819	96.321
742.6722	18.828	96.337
742.2347	18.834	96.343
741.7971	18.846	96.318
741.3594	18.853	96.309
740.9215	18.862	96.316
740.4838	18.873	96.322
740.0458	18.880	96.341
739.6077	18.884	96.361
739.1696	18.896	96.356
738.7313	18.906	96.370
738.2930	18.919	96.360
737.8545	18.927	96.359
737.4160	18.939	96.357
736.9773	18.946	96.368
736.5386	18.955	96.367
736.0996	18.967	96.377
735.6608	18.977	96.392
735.2218	18.988	96.392
734.7827	18.990	96.423
734.3434	18.999	96.420
733.9041	19.011	96.414
733.4647	19.015	96.417
733.0252	19.020	96.434
732.5856	19.034	96.418
732.1459	19.037	96.420
731.7061	19.035	96.427
731.2662	19.042	96.440
730.8261	19.045	96.447
730.3861	19.047	96.468
729.9459	19.053	96.462
729.5057	19.055	96.464
729.0653	19.064	96.445
728.6248	19.062	96.449
728.1843	19.065	96.461
727.7436	19.070	96.469
727.3028	19.072	96.483
726.8619	19.082	96.469
726.4210	19.083	96.474
725.9799	19.091	96.472
725.5388	19.100	96.452
725.0975	19.112	96.425
724.6562	19.119	96.419
724.2147	19.120	96.418
723.7732	19.123	96.419
723.3315	19.127	96.422
722.8898	19.136	96.403
722.4479	19.145	96.396
722.0060	19.150	96.389
721.5640	19.166	96.360
721.1218	19.175	96.362
720.6796	19.184	96.355
720.2373	19.190	96.338
719.7949	19.191	96.348
719.3524	19.200	96.336
718.9097	19.206	96.332
718.4670	19.209	96.320
718.0242	19.227	96.299
717.5813	19.237	96.283
717.1383	19.249	96.267
716.6952	19.259	96.253
716.2520	19.269	96.238
715.8087	19.283	96.201
715.3653	19.294	96.182
714.9218	19.300	96.189
714.4782	19.310	96.170
714.0345	19.325	96.136
713.5907	19.338	96.121
713.1469	19.347	96.096
712.7028	19.360	96.075
712.2588	19.376	96.048
711.8146	19.389	96.026
711.3703	19.402	96.004
710.9259	19.419	95.968
710.4814	19.429	95.946
710.0369	19.445	95.932
709.5922	19.459	95.912
709.1474	19.477	95.898
708.7026	19.491	95.880
708.2576	19.504	95.866
707.8125	19.518	95.846
707.3674	19.532	95.820
706.9221	19.547	95.799
706.4767	19.563	95.779
706.0313	19.578	95.746
705.5857	19.594	95.727
705.1401	19.608	95.709
704.6943	19.625	95.700
704.2484	19.637	95.684
703.8025	19.651	95.665
703.3564	19.667	95.632
702.9103	19.687	95.619
702.4641	19.704	95.589
702.0177	19.723	95.571
701.5712	19.737	95.551
701.1247	19.754	95.539
700.6780	19.770	95.526
700.2313	19.787	95.507
699.7844	19.805	95.495
699.3375	19.821	95.479
698.8904	19.839	95.454
698.4433	19.854	95.440
697.9961	19.874	95.407
697.5488	19.890	95.383
697.1013	19.903	95.369
696.6537	19.915	95.356
696.2061	19.934	95.334
695.7584	19.952	95.322
695.3105	19.969	95.304
694.8626	19.986	95.287
694.4146	20.000	95.273
693.9664	20.017	95.261
693.5182	20.038	95.244
693.0699	20.056	95.240
692.6215	20.074	95.228
692.1729	20.090	95.224
691.7243	20.109	95.215
691.2756	20.132	95.195
690.8267	20.149	95.180
690.3778	20.169	95.162
689.9288	20.188	95.149
689.4797	20.206	95.130
689.0304	20.223	95.117
688.5811	20.241	95.104
688.1317	20.256	95.092
687.6821	20.270	95.088
687.2325	20.289	95.067
686.7828	20.305	95.059
686.3329	20.322	95.050
685.8830	20.339	95.038
685.4330	20.360	95.028
684.9828	20.380	95.011
684.5327	20.393	95.003
684.0823	20.408	94.988
683.6319	20.423	94.983
683.1813	20.436	94.977
682.7307	20.455	94.956
682.2800	20.472	94.941
681.8292	20.490	94.926
681.3782	20.508	94.908
680.9272	20.519	94.897
680.4761	20.534	94.886
680.0248	20.548	94.870
679.5735	20.564	94.859
679.1221	20.578	94.845
678.6705	20.591	94.839
678.2189	20.605	94.823
677.7672	20.619	94.800
677.3154	20.635	94.785
676.8634	20.652	94.766
676.4114	20.665	94.749
675.9592	20.677	94.729
675.5070	20.691	94.713
675.0547	20.702	94.703
674.6022	20.714	94.690
674.1497	20.727	94.674
673.6971	20.738	94.662
673.2443	20.753	94.654
672.7915	20.765	94.640
672.3386	20.778	94.623
671.8855	20.789	94.606
671.4324	20.801	94.590
670.9791	20.815	94.576
670.5258	20.828	94.560
670.0723	20.842	94.542
669.6188	20.854	94.531
669.1651	20.862	94.519
668.7114	20.876	94.509
668.2575	20.888	94.500
667.8035	20.903	94.488
667.3495	20.915	94.470
666.8953	20.926	94.460
666.4411	20.936	94.449
665.9868	20.947	94.440
665.5323	20.957	94.427
665.0777	20.969	94.418
664.6230	20.980	94.403
664.1683	20.995	94.392
663.7134	21.005	94.381
663.2584	21.013	94.371
662.8034	21.024	94.363
662.3482	21.035	94.351
661.8929	21.046	94.339
661.4376	21.056	94.324
660.9821	21.066	94.317
660.5265	21.076	94.306
660.0708	21.087	94.304
659.6151	21.100	94.295
659.1592	21.113	94.287
658.7032	21.124	94.275
658.2471	21.132	94.265
657.7909	21.141	94.257
657.3346	21.151	94.250
656.8782	21.164	94.251
656.4218	21.174	94.245
655.9651	21.185	94.240
655.5084	21.196	94.227
655.0516	21.204	94.222
654.5947	21.213	94.212
654.1377	21.223	94.205
653.6806	21.229	94.197
653.2234	21.237	94.189
652.7661	21.245	94.187
652.3087	21.251	94.180
651.8511	21.260	94.176
651.3936	21.269	94.170
650.9358	21.280	94.165
650.4780	21.292	94.164
650.0201	21.305	94.154
649.5620	21.316	94.150
649.1039	21.326	94.140
648.6457	21.334	94.123
648.1873	21.346	94.117
647.7289	21.355	94.098
647.2703	21.365	94.092
646.8117	21.373	94.079
646.3530	21.383	94.069
645.8941	21.392	94.058
645.4351	21.403	94.041
644.9761	21.416	94.027
644.5169	21.425	94.011
644.0577	21.435	93.992
643.5983	21.444	93.976
643.1389	21.456	93.963
642.6793	21.464	93.949
642.2196	21.471	93.931
641.7598	21.484	93.915
641.2999	21.496	93.892
640.8400	21.510	93.875
640.3799	21.520	93.861
639.9197	21.536	93.836
639.4594	21.546	93.822
638.9990	21.553	93.802
638.5385	21.564	93.787
638.0779	21.570	93.780
637.6172	21.578	93.760
637.1564	21.591	93.752
636.6954	21.602	93.738
636.2344	21.614	93.714
635.7733	21.624	93.694
635.3121	21.632	93.677
634.8508	21.642	93.654
634.3893	21.651	93.640
633.9278	21.669	93.624
633.4662	21.689	93.610
633.0044	21.702	93.597
632.5425	21.713	93.586
632.0806	21.720	93.579
631.6186	21.722	93.573
631.1564	21.731	93.570
630.6942	21.734	93.545
630.2318	21.737	93.521
629.7693	21.729	93.509
629.3068	21.742	93.487
628.8441	21.741	93.472
628.3813	21.763	93.460
627.9184	21.781	93.444
627.4554	21.802	93.450
626.9923	21.808	93.435
626.5291	21.807	93.426
626.0658	21.807	93.420
625.6024	21.816	93.414
625.1389	21.828	93.442
624.6753	21.851	93.448
624.2115	21.848	93.460
623.7477	21.850	93.470
623.2838	21.875	93.489
622.8198	21.886	93.478
622.3557	21.880	93.388
621.8914	21.877	93.302
621.4271	21.870	93.206
620.9626	21.861	93.093
620.4980	21.844	92.995
620.0334	21.848	92.893
619.5687	21.869	92.783
619.1038	21.871	92.697
618.6388	21.862	92.614
618.1737	21.869	92.530
617.7086	21.865	92.444
617.2433	21.863	92.363
616.7779	21.868	92.288
616.3124	21.867	92.230
615.8468	21.856	92.175
615.3810	21.860	92.111
614.9153	21.852	92.055
614.4492	21.850	92.003
613.9833	21.850	91.963
613.5172	21.853	91.916
613.0510	21.861	91.876
612.5847	21.867	91.846
612.1182	21.876	91.814
611.6516	21.882	91.784
611.1850	21.891	91.763
610.7183	21.899	91.744
610.2514	21.910	91.725
609.7844	21.920	91.704
609.3173	21.933	91.702
608.8502	21.951	91.694
608.3829	21.964	91.698
607.9156	21.981	91.701
607.4480	22.003	91.705
606.9804	22.022	91.718
606.5127	22.044	91.731
606.0449	22.065	91.747
605.5770	22.086	91.770
605.1089	22.112	91.793
604.6408	22.136	91.810
604.1726	22.167	91.838
603.7042	22.201	91.870
603.2358	22.232	91.904
602.7673	22.263	91.945
602.2986	22.290	91.982
601.8298	22.320	92.019
601.3610	22.350	92.066
600.8920	22.381	92.111
600.4229	22.412	92.162
599.9537	22.445	92.210
599.4844	22.483	92.257
599.0150	22.524	92.317
598.5455	22.560	92.364
598.0759	22.596	92.411
597.6062	22.630	92.467
597.1364	22.669	92.524
596.6664	22.711	92.581
596.1964	22.751	92.645
595.7263	22.792	92.708
595.2560	22.826	92.771
594.7857	22.855	92.837
594.3152	22.886	92.896
593.8447	22.920	92.953
593.3741	22.953	93.011
592.9032	22.997	93.059
592.4323	23.035	93.106
591.9613	23.079	93.167
591.4902	23.124	93.228
591.0190	23.178	93.279
590.5477	23.214	93.336
590.0763	23.265	93.385
589.6048	23.290	93.431
589.1331	23.322	93.475
588.6614	23.342	93.491
588.1896	23.372	93.522
587.7176	23.410	93.539
587.2455	23.451	93.548
586.7734	23.480	93.545
586.3011	23.503	93.496
585.8287	23.507	93.453
585.3563	23.537	93.383
584.8837	23.565	93.298
584.4109	23.564	93.184
583.9382	23.573	93.078
583.4652	23.602	93.039
582.9922	23.626	92.990
582.5191	23.652	92.950
582.0458	23.679	92.925
581.5725	23.710	92.897
581.0991	23.725	92.873
580.6255	23.720	92.868
580.1519	23.733	92.844
579.6780	23.757	92.815
579.2042	23.765	92.792
578.7303	23.783	92.775
578.2561	23.796	92.769
577.7819	23.803	92.760
577.3076	23.814	92.740
576.8332	23.838	92.716
576.3586	23.849	92.706
575.8840	23.874	92.692
575.4093	23.896	92.683
574.9344	23.915	92.664
574.4595	23.934	92.659
573.9844	23.948	92.650
573.5092	23.965	92.634
573.0339	23.982	92.623
572.5586	23.999	92.615
572.0831	24.015	92.602
571.6075	24.036	92.588
571.1318	24.057	92.585
570.6559	24.077	92.580
570.1801	24.098	92.574
569.7040	24.113	92.571
569.2278	24.136	92.562
568.7516	24.155	92.554
568.2753	24.172	92.549
567.7989	24.191	92.541
567.3222	24.206	92.534
566.8455	24.227	92.526
566.3687	24.248	92.519
565.8918	24.268	92.518
565.4149	24.290	92.517
564.9377	24.308	92.512
564.4605	24.325	92.505
563.9832	24.339	92.500
563.5057	24.355	92.496
563.0282	24.371	92.493
562.5505	24.393	92.489
562.0728	24.413	92.485
561.5948	24.433	92.481
561.1169	24.453	92.476
560.6388	24.473	92.468
560.1606	24.494	92.463
559.6823	24.511	92.453
559.2039	24.530	92.449
558.7253	24.547	92.445
558.2467	24.569	92.446
557.7679	24.591	92.444
557.2891	24.613	92.441
556.8102	24.631	92.442
556.3311	24.651	92.441
555.8519	24.671	92.444
555.3726	24.691	92.441
554.8932	24.712	92.434
554.4137	24.731	92.427
553.9341	24.753	92.423
553.4543	24.773	92.425
552.9745	24.790	92.420
552.4946	24.807	92.421
552.0145	24.827	92.418
551.5345	24.848	92.417
551.0541	24.866	92.419
550.5737	24.887	92.419
550.0933	24.907	92.416
549.6126	24.925	92.414
549.1320	24.943	92.413
548.6511	24.963	92.406
548.1702	24.982	92.403
547.6891	24.998	92.401
547.2080	25.017	92.398
546.7267	25.038	92.394
546.2454	25.055	92.391
545.7639	25.073	92.389
545.2823	25.090	92.383
544.8007	25.108	92.381
544.3188	25.127	92.371
543.8369	25.147	92.364
543.3549	25.165	92.358
542.8728	25.181	92.353
542.3905	25.198	92.352
541.9082	25.217	92.343
541.4257	25.236	92.334
540.9431	25.257	92.322
540.4604	25.275	92.318
539.9777	25.295	92.312
539.4948	25.312	92.309
539.0118	25.333	92.302
538.5286	25.350	92.295
538.0454	25.368	92.287
537.5621	25.387	92.277
537.0786	25.405	92.266
536.5950	25.424	92.259
536.1114	25.441	92.254
535.6276	25.458	92.251
535.1437	25.475	92.242
534.6597	25.494	92.235
534.1756	25.514	92.224
533.6913	25.529	92.212
533.2070	25.549	92.200
532.7226	25.571	92.195
532.2380	25.590	92.182
531.7534	25.612	92.176
531.2686	25.633	92.172
530.7837	25.655	92.168
530.2987	25.678	92.160
529.8136	25.698	92.154
529.3284	25.718	92.151
528.8430	25.739	92.145
528.3576	25.765	92.136
527.8720	25.788	92.125
527.3864	25.809	92.119
526.9006	25.833	92.114
526.4147	25.857	92.110
525.9287	25.883	92.104
525.4426	25.908	92.097
524.9564	25.932	92.087
524.4700	25.959	92.084
523.9836	25.987	92.079
523.4971	26.017	92.069
523.0104	26.045	92.062
522.5236	26.074	92.059
522.0367	26.105	92.055
521.5497	26.135	92.047
521.0626	26.163	92.050
520.5754	26.194	92.051
520.0881	26.225	92.046
519.6006	26.257	92.049
519.1131	26.285	92.048
518.6254	26.318	92.051
518.1377	26.348	92.049
517.6498	26.379	92.044
517.1618	26.403	92.048
516.6737	26.431	92.054
516.1855	26.462	92.054
515.6971	26.494	92.053
515.2087	26.524	92.052
514.7202	26.556	92.060
514.2314	26.587	92.067
513.7427	26.615	92.074
513.2538	26.649	92.078
512.7648	26.681	92.079
512.2757	26.712	92.083
511.7864	26.751	92.078
511.2971	26.785	92.074
510.8076	26.820	92.071
510.3181	26.850	92.066
509.8284	26.874	92.064
509.3386	26.900	92.068
508.8488	26.932	92.065
508.3587	26.965	92.064
507.8686	26.996	92.064
507.3784	27.031	92.055
506.8880	27.058	92.049
506.3976	27.088	92.039
505.9070	27.115	92.033
505.4163	27.151	92.029
504.9255	27.184	92.025
504.4346	27.217	92.017
503.9436	27.244	92.017
503.4525	27.268	92.008
502.9612	27.297	91.999
502.4698	27.325	91.992
501.9784	27.354	91.981
501.4868	27.383	91.980
500.9951	27.411	91.976
500.5033	27.440	91.968
500.0114	27.468	91.960
499.5193	27.496	91.945
499.0272	27.524	91.932
498.5349	27.551	91.919
498.0426	27.577	91.907
497.5501	27.606	91.891
497.0575	27.637	91.874
496.5648	27.670	91.863
496.0720	27.695	91.851
495.5790	27.720	91.839
495.0860	27.749	91.815
494.5928	27.775	91.798
494.0995	27.804	91.779
493.6062	27.830	91.763
493.1127	27.859	91.747
492.6190	27.888	91.733
492.1253	27.916	91.711
491.6315	27.942	91.697
491.1375	27.967	91.679
490.6435	27.994	91.660
490.1493	28.022	91.643
489.6550	28.045	91.625
489.1606	28.074	91.605
488.6661	28.101	91.583
488.1714	28.132	91.564
487.6767	28.155	91.546
487.1818	28.184	91.530
486.6869	28.210	91.510
486.1918	28.240	91.494
485.6966	28.263	91.474
485.2013	28.293	91.452
484.7058	28.317	91.438
484.2103	28.341	91.422
483.7146	28.369	91.407
483.2189	28.398	91.387
482.7230	28.426	91.375
482.2270	28.449	91.358
481.7309	28.472	91.337
481.2346	28.489	91.322
480.7383	28.510	91.310
480.2419	28.535	91.293
479.7453	28.558	91.279
479.2486	28.579	91.266
478.7518	28.597	91.252
478.2549	28.620	91.241
477.7579	28.639	91.226
477.2608	28.658	91.218
476.7635	28.677	91.214
476.2662	28.701	91.204
475.7687	28.725	91.190
475.2711	28.750	91.181
474.7734	28.772	91.169
474.2756	28.796	91.163
473.7776	28.816	91.154
473.2796	28.837	91.143
472.7814	28.860	91.131
472.2831	28.880	91.122
471.7848	28.904	91.121
471.2863	28.934	91.114
470.7876	28.955	91.115
470.2889	28.979	91.119
469.7900	29.006	91.124
469.2911	29.032	91.135
468.7920	29.070	91.143
468.2928	29.107	91.150
467.7935	29.138	91.158
467.2941	29.171	91.171
466.7945	29.210	91.188
466.2949	29.245	91.206
465.7951	29.281	91.224
465.2952	29.312	91.249
464.7952	29.351	91.267
464.2951	29.382	91.288
463.7949	29.420	91.305
463.2946	29.446	91.328
462.7941	29.485	91.347
462.2935	29.525	91.366
461.7928	29.559	91.392
461.2921	29.602	91.417
460.7911	29.641	91.442
460.2901	29.682	91.456
459.7889	29.724	91.478
459.2877	29.766	91.505
458.7863	29.811	91.531
458.2848	29.854	91.561
457.7832	29.894	91.589
457.2815	29.939	91.617
456.7796	29.988	91.654
456.2777	30.039	91.693
455.7756	30.085	91.733
455.2734	30.143	91.776
454.7711	30.194	91.813
454.2687	30.249	91.850
453.7662	30.294	91.879
453.2635	30.340	91.907
452.7608	30.386	91.935
452.2579	30.431	91.963
451.7549	30.476	91.990
451.2518	30.522	92.016
450.7485	30.567	92.043
450.2452	30.612	92.069

