Source : Fit
Spectrum : 1

Wavelength	Psi	Delta

829.9594	17.180	99.191
829.5408	17.188	99.176
829.1221	17.195	99.161
828.7034	17.203	99.145
828.2845	17.211	99.130
827.8656	17.218	99.115
827.4465	17.226	99.099
827.0275	17.234	99.084
826.6082	17.241	99.069
826.1889	17.249	99.054
825.7695	17.256	99.039
825.3500	17.264	99.025
824.9305	17.271	99.010
824.5108	17.279	98.995
824.0911	17.286	98.981
823.6713	17.294	98.966
823.2513	17.301	98.951
822.8313	17.309	98.937
822.4112	17.316	98.922
821.9910	17.324	98.908
821.5707	17.331	98.893
821.1503	17.339	98.878
820.7299	17.346	98.864
820.3093	17.354	98.849
819.8886	17.361	98.834
819.4679	17.369	98.820
819.0471	17.376	98.805
818.6262	17.384	98.790
818.2051	17.392	98.776
817.7841	17.399	98.761
817.3629	17.407	98.746
816.9416	17.414	98.732
816.5202	17.422	98.717
816.0988	17.430	98.702
815.6772	17.437	98.688
815.2556	17.445	98.675
814.8338	17.453	98.662
814.4120	17.461	98.649
813.9901	17.468	98.636
813.5681	17.476	98.623
813.1460	17.484	98.610
812.7238	17.492	98.597
812.3015	17.500	98.584
811.8792	17.508	98.571
811.4567	17.515	98.558
811.0341	17.523	98.545
810.6115	17.531	98.532
810.1888	17.539	98.519
809.7659	17.547	98.507
809.3430	17.555	98.495
808.9200	17.564	98.483
808.4969	17.572	98.471
808.0738	17.580	98.459
807.6505	17.588	98.447
807.2271	17.596	98.435
806.8036	17.605	98.423
806.3802	17.613	98.411
805.9564	17.621	98.399
805.5327	17.629	98.387
805.1089	17.638	98.375
804.6850	17.646	98.363
804.2610	17.654	98.351
803.8369	17.662	98.339
803.4127	17.671	98.327
802.9884	17.679	98.315
802.5640	17.687	98.303
802.1396	17.696	98.291
801.7150	17.704	98.279
801.2903	17.712	98.267
800.8657	17.721	98.255
800.4408	17.729	98.243
800.0159	17.737	98.231
799.5909	17.745	98.217
799.1658	17.753	98.201
798.7406	17.761	98.186
798.3153	17.768	98.170
797.8899	17.776	98.155
797.4644	17.784	98.139
797.0389	17.792	98.124
796.6132	17.799	98.108
796.1875	17.807	98.093
795.7617	17.815	98.077
795.3357	17.823	98.062
794.9097	17.830	98.046
794.4836	17.838	98.031
794.0574	17.846	98.017
793.6310	17.853	98.002
793.2047	17.861	97.987
792.7782	17.868	97.973
792.3516	17.876	97.958
791.9249	17.884	97.943
791.4982	17.891	97.928
791.0714	17.899	97.914
790.6444	17.907	97.899
790.2173	17.914	97.884
789.7902	17.922	97.869
789.3630	17.930	97.856
788.9357	17.938	97.842
788.5083	17.946	97.828
788.0807	17.954	97.814
787.6532	17.962	97.801
787.2256	17.970	97.787
786.7977	17.978	97.773
786.3699	17.986	97.759
785.9419	17.995	97.746
785.5139	18.003	97.732
785.0857	18.011	97.718
784.6575	18.019	97.705
784.2291	18.028	97.692
783.8007	18.036	97.679
783.3722	18.045	97.667
782.9435	18.053	97.654
782.5148	18.062	97.641
782.0861	18.070	97.628
781.6573	18.079	97.616
781.2282	18.087	97.603
780.7991	18.096	97.590
780.3698	18.104	97.578
779.9407	18.113	97.565
779.5113	18.122	97.551
779.0818	18.131	97.537
778.6523	18.140	97.523
778.2227	18.149	97.508
777.7930	18.158	97.494
777.3632	18.167	97.480
776.9332	18.176	97.465
776.5032	18.185	97.451
776.0731	18.194	97.437
775.6429	18.203	97.422
775.2126	18.213	97.408
774.7822	18.222	97.394
774.3517	18.230	97.380
773.9212	18.238	97.367
773.4905	18.247	97.353
773.0598	18.255	97.340
772.6289	18.264	97.326
772.1980	18.272	97.313
771.7669	18.281	97.299
771.3358	18.289	97.286
770.9046	18.298	97.272
770.4733	18.307	97.259
770.0419	18.315	97.245
769.6104	18.324	97.232
769.1787	18.332	97.218
768.7471	18.341	97.205
768.3152	18.349	97.191
767.8834	18.358	97.178
767.4514	18.367	97.164
767.0193	18.375	97.151
766.5872	18.384	97.137
766.1549	18.393	97.124
765.7224	18.401	97.110
765.2901	18.410	97.097
764.8575	18.419	97.084
764.4249	18.428	97.071
763.9922	18.437	97.058
763.5593	18.446	97.046
763.1264	18.455	97.033
762.6934	18.464	97.020
762.2603	18.473	97.007
761.8271	18.482	96.994
761.3938	18.491	96.982
760.9604	18.500	96.969
760.5269	18.509	96.956
760.0933	18.519	96.942
759.6597	18.528	96.929
759.2259	18.538	96.915
758.7921	18.548	96.901
758.3581	18.558	96.888
757.9240	18.567	96.874
757.4900	18.577	96.860
757.0556	18.587	96.847
756.6213	18.597	96.833
756.1868	18.607	96.819
755.7523	18.616	96.807
755.3177	18.626	96.795
754.8830	18.635	96.782
754.4482	18.645	96.770
754.0132	18.654	96.758
753.5782	18.663	96.746
753.1432	18.673	96.734
752.7079	18.682	96.722
752.2726	18.692	96.710
751.8373	18.701	96.698
751.4018	18.711	96.686
750.9662	18.720	96.673
750.5306	18.730	96.661
750.0948	18.739	96.648
749.6589	18.748	96.636
749.2230	18.758	96.623
748.7869	18.767	96.610
748.3508	18.776	96.598
747.9146	18.786	96.585
747.4782	18.795	96.572
747.0417	18.805	96.560
746.6052	18.814	96.547
746.1686	18.823	96.535
745.7319	18.833	96.522
745.2950	18.842	96.509
744.8582	18.852	96.497
744.4211	18.861	96.484
743.9841	18.871	96.471
743.5468	18.880	96.459
743.1096	18.890	96.446
742.6722	18.899	96.433
742.2347	18.909	96.420
741.7971	18.919	96.405
741.3594	18.928	96.390
740.9215	18.938	96.375
740.4838	18.948	96.360
740.0458	18.958	96.345
739.6077	18.968	96.330
739.1696	18.977	96.315
738.7313	18.987	96.300
738.2930	18.997	96.285
737.8545	19.007	96.271
737.4160	19.016	96.257
736.9773	19.025	96.243
736.5386	19.034	96.229
736.0996	19.044	96.214
735.6608	19.053	96.200
735.2218	19.062	96.186
734.7827	19.071	96.172
734.3434	19.081	96.158
733.9041	19.090	96.144
733.4647	19.100	96.130
733.0252	19.109	96.114
732.5856	19.119	96.099
732.1459	19.129	96.084
731.7061	19.138	96.068
731.2662	19.148	96.053
730.8261	19.158	96.037
730.3861	19.168	96.022
729.9459	19.177	96.007
729.5057	19.187	95.991
729.0653	19.197	95.978
728.6248	19.207	95.967
728.1843	19.218	95.955
727.7436	19.228	95.943
727.3028	19.238	95.932
726.8619	19.249	95.920
726.4210	19.259	95.909
725.9799	19.269	95.897
725.5388	19.279	95.886
725.0975	19.290	95.874
724.6562	19.300	95.862
724.2147	19.311	95.851
723.7732	19.321	95.839
723.3315	19.331	95.827
722.8898	19.342	95.816
722.4479	19.352	95.804
722.0060	19.363	95.792
721.5640	19.373	95.781
721.1218	19.384	95.769
720.6796	19.394	95.757
720.2373	19.404	95.745
719.7949	19.414	95.733
719.3524	19.425	95.721
718.9097	19.435	95.708
718.4670	19.445	95.696
718.0242	19.455	95.684
717.5813	19.466	95.672
717.1383	19.476	95.660
716.6952	19.486	95.648
716.2520	19.497	95.635
715.8087	19.507	95.622
715.3653	19.517	95.609
714.9218	19.527	95.596
714.4782	19.537	95.584
714.0345	19.547	95.571
713.5907	19.557	95.558
713.1469	19.568	95.545
712.7028	19.578	95.532
712.2588	19.588	95.520
711.8146	19.598	95.507
711.3703	19.609	95.494
710.9259	19.619	95.481
710.4814	19.629	95.468
710.0369	19.639	95.456
709.5922	19.650	95.443
709.1474	19.660	95.430
708.7026	19.670	95.417
708.2576	19.681	95.404
707.8125	19.692	95.391
707.3674	19.703	95.377
706.9221	19.715	95.364
706.4767	19.726	95.350
706.0313	19.737	95.336
705.5857	19.748	95.323
705.1401	19.760	95.309
704.6943	19.771	95.296
704.2484	19.782	95.283
703.8025	19.793	95.271
703.3564	19.803	95.260
702.9103	19.814	95.248
702.4641	19.825	95.236
702.0177	19.836	95.224
701.5712	19.847	95.213
701.1247	19.858	95.201
700.6780	19.869	95.189
700.2313	19.880	95.177
699.7844	19.891	95.165
699.3375	19.902	95.154
698.8904	19.913	95.142
698.4433	19.924	95.130
697.9961	19.935	95.118
697.5488	19.947	95.107
697.1013	19.958	95.095
696.6537	19.969	95.083
696.2061	19.980	95.072
695.7584	19.992	95.060
695.3105	20.003	95.049
694.8626	20.015	95.037
694.4146	20.026	95.026
693.9664	20.038	95.015
693.5182	20.049	95.003
693.0699	20.060	94.992
692.6215	20.072	94.980
692.1729	20.083	94.969
691.7243	20.095	94.958
691.2756	20.106	94.947
690.8267	20.118	94.936
690.3778	20.129	94.924
689.9288	20.141	94.913
689.4797	20.152	94.902
689.0304	20.164	94.891
688.5811	20.175	94.879
688.1317	20.186	94.867
687.6821	20.198	94.855
687.2325	20.209	94.843
686.7828	20.220	94.831
686.3329	20.231	94.819
685.8830	20.243	94.807
685.4330	20.254	94.795
684.9828	20.266	94.783
684.5327	20.277	94.771
684.0823	20.288	94.759
683.6319	20.300	94.747
683.1813	20.311	94.736
682.7307	20.322	94.724
682.2800	20.334	94.712
681.8292	20.345	94.700
681.3782	20.357	94.688
680.9272	20.368	94.676
680.4761	20.380	94.665
680.0248	20.392	94.654
679.5735	20.404	94.643
679.1221	20.415	94.631
678.6705	20.427	94.620
678.2189	20.439	94.609
677.7672	20.451	94.598
677.3154	20.463	94.587
676.8634	20.475	94.576
676.4114	20.487	94.566
675.9592	20.499	94.555
675.5070	20.511	94.545
675.0547	20.524	94.534
674.6022	20.536	94.524
674.1497	20.548	94.513
673.6971	20.560	94.503
673.2443	20.573	94.492
672.7915	20.585	94.482
672.3386	20.597	94.471
671.8855	20.609	94.461
671.4324	20.622	94.451
670.9791	20.634	94.440
670.5258	20.646	94.430
670.0723	20.658	94.419
669.6188	20.670	94.408
669.1651	20.682	94.397
668.7114	20.694	94.386
668.2575	20.706	94.375
667.8035	20.719	94.364
667.3495	20.731	94.353
666.8953	20.743	94.341
666.4411	20.755	94.330
665.9868	20.767	94.319
665.5323	20.779	94.307
665.0777	20.791	94.296
664.6230	20.804	94.284
664.1683	20.816	94.273
663.7134	20.828	94.261
663.2584	20.841	94.250
662.8034	20.853	94.239
662.3482	20.865	94.227
661.8929	20.878	94.215
661.4376	20.890	94.204
660.9821	20.902	94.192
660.5265	20.915	94.181
660.0708	20.927	94.169
659.6151	20.939	94.158
659.1592	20.952	94.146
658.7032	20.964	94.135
658.2471	20.977	94.123
657.7909	20.989	94.111
657.3346	21.002	94.100
656.8782	21.014	94.088
656.4218	21.027	94.077
655.9651	21.039	94.065
655.5084	21.052	94.054
655.0516	21.064	94.042
654.5947	21.077	94.030
654.1377	21.090	94.019
653.6806	21.102	94.007
653.2234	21.115	93.996
652.7661	21.127	93.984
652.3087	21.140	93.973
651.8511	21.153	93.961
651.3936	21.166	93.950
650.9358	21.179	93.938
650.4780	21.191	93.927
650.0201	21.204	93.915
649.5620	21.217	93.904
649.1039	21.230	93.892
648.6457	21.243	93.881
648.1873	21.256	93.869
647.7289	21.269	93.858
647.2703	21.282	93.847
646.8117	21.295	93.835
646.3530	21.307	93.824
645.8941	21.320	93.812
645.4351	21.334	93.801
644.9761	21.347	93.791
644.5169	21.360	93.780
644.0577	21.374	93.770
643.5983	21.387	93.759
643.1389	21.400	93.749
642.6793	21.414	93.738
642.2196	21.427	93.728
641.7598	21.441	93.719
641.2999	21.455	93.709
640.8400	21.469	93.700
640.3799	21.483	93.690
639.9197	21.496	93.681
639.4594	21.510	93.671
638.9990	21.524	93.662
638.5385	21.538	93.652
638.0779	21.552	93.643
637.6172	21.566	93.633
637.1564	21.580	93.624
636.6954	21.593	93.614
636.2344	21.607	93.605
635.7733	21.621	93.595
635.3121	21.634	93.584
634.8508	21.648	93.573
634.3893	21.661	93.562
633.9278	21.674	93.552
633.4662	21.688	93.541
633.0044	21.701	93.530
632.5425	21.714	93.519
632.0806	21.728	93.508
631.6186	21.741	93.498
631.1564	21.754	93.487
630.6942	21.768	93.476
630.2318	21.781	93.465
629.7693	21.795	93.454
629.3068	21.808	93.444
628.8441	21.822	93.433
628.3813	21.835	93.422
627.9184	21.849	93.411
627.4554	21.863	93.399
626.9923	21.876	93.388
626.5291	21.890	93.377
626.0658	21.904	93.366
625.6024	21.917	93.355
625.1389	21.931	93.344
624.6753	21.945	93.333
624.2115	21.959	93.321
623.7477	21.973	93.310
623.2838	21.987	93.299
622.8198	22.001	93.287
622.3557	22.015	93.276
621.8914	22.029	93.265
621.4271	22.043	93.254
620.9626	22.056	93.242
620.4980	22.070	93.231
620.0334	22.084	93.220
619.5687	22.099	93.210
619.1038	22.114	93.200
618.6388	22.128	93.190
618.1737	22.143	93.181
617.7086	22.158	93.171
617.2433	22.173	93.161
616.7779	22.188	93.152
616.3124	22.202	93.142
615.8468	22.217	93.132
615.3810	22.232	93.122
614.9153	22.247	93.113
614.4492	22.262	93.103
613.9833	22.277	93.093
613.5172	22.292	93.084
613.0510	22.307	93.075
612.5847	22.321	93.065
612.1182	22.336	93.056
611.6516	22.351	93.047
611.1850	22.366	93.038
610.7183	22.381	93.028
610.2514	22.397	93.020
609.7844	22.412	93.011
609.3173	22.427	93.002
608.8502	22.442	92.993
608.3829	22.457	92.985
607.9156	22.472	92.976
607.4480	22.487	92.967
606.9804	22.502	92.958
606.5127	22.518	92.949
606.0449	22.533	92.941
605.5770	22.548	92.932
605.1089	22.563	92.923
604.6408	22.578	92.914
604.1726	22.594	92.905
603.7042	22.609	92.897
603.2358	22.625	92.888
602.7673	22.640	92.879
602.2986	22.655	92.871
601.8298	22.671	92.862
601.3610	22.686	92.853
600.8920	22.702	92.845
600.4229	22.717	92.836
599.9537	22.733	92.827
599.4844	22.748	92.819
599.0150	22.764	92.810
598.5455	22.779	92.801
598.0759	22.795	92.791
597.6062	22.811	92.782
597.1364	22.827	92.773
596.6664	22.842	92.764
596.1964	22.858	92.755
595.7263	22.874	92.745
595.2560	22.890	92.735
594.7857	22.906	92.726
594.3152	22.922	92.716
593.8447	22.938	92.706
593.3741	22.954	92.697
592.9032	22.970	92.687
592.4323	22.986	92.677
591.9613	23.002	92.667
591.4902	23.018	92.658
591.0190	23.034	92.648
590.5477	23.050	92.638
590.0763	23.066	92.629
589.6048	23.081	92.621
589.1331	23.097	92.613
588.6614	23.113	92.604
588.1896	23.129	92.596
587.7176	23.144	92.587
587.2455	23.160	92.579
586.7734	23.176	92.570
586.3011	23.192	92.562
585.8287	23.208	92.553
585.3563	23.224	92.545
584.8837	23.239	92.536
584.4109	23.256	92.528
583.9382	23.272	92.520
583.4652	23.288	92.512
582.9922	23.305	92.504
582.5191	23.321	92.496
582.0458	23.338	92.487
581.5725	23.354	92.480
581.0991	23.371	92.472
580.6255	23.388	92.464
580.1519	23.405	92.456
579.6780	23.422	92.448
579.2042	23.439	92.440
578.7303	23.456	92.432
578.2561	23.473	92.425
577.7819	23.490	92.417
577.3076	23.507	92.409
576.8332	23.524	92.401
576.3586	23.541	92.394
575.8840	23.559	92.386
575.4093	23.576	92.379
574.9344	23.594	92.372
574.4595	23.612	92.365
573.9844	23.630	92.358
573.5092	23.647	92.351
573.0339	23.665	92.343
572.5586	23.683	92.336
572.0831	23.700	92.329
571.6075	23.718	92.322
571.1318	23.736	92.314
570.6559	23.753	92.307
570.1801	23.771	92.300
569.7040	23.788	92.292
569.2278	23.806	92.285
568.7516	23.823	92.277
568.2753	23.840	92.270
567.7989	23.857	92.262
567.3222	23.874	92.255
566.8455	23.891	92.247
566.3687	23.908	92.240
565.8918	23.926	92.232
565.4149	23.943	92.224
564.9377	23.960	92.217
564.4605	23.977	92.209
563.9832	23.994	92.202
563.5057	24.012	92.194
563.0282	24.030	92.187
562.5505	24.049	92.180
562.0728	24.067	92.173
561.5948	24.086	92.165
561.1169	24.105	92.158
560.6388	24.123	92.151
560.1606	24.142	92.144
559.6823	24.160	92.137
559.2039	24.179	92.129
558.7253	24.198	92.122
558.2467	24.217	92.115
557.7679	24.235	92.108
557.2891	24.254	92.101
556.8102	24.273	92.093
556.3311	24.292	92.086
555.8519	24.311	92.079
555.3726	24.329	92.072
554.8932	24.348	92.064
554.4137	24.367	92.057
553.9341	24.386	92.050
553.4543	24.405	92.043
552.9745	24.424	92.035
552.4946	24.443	92.028
552.0145	24.462	92.021
551.5345	24.481	92.013
551.0541	24.500	92.006
550.5737	24.519	91.999
550.0933	24.538	91.992
549.6126	24.557	91.984
549.1320	24.576	91.977
548.6511	24.595	91.970
548.1702	24.614	91.963
547.6891	24.633	91.955
547.2080	24.652	91.948
546.7267	24.671	91.941
546.2454	24.690	91.933
545.7639	24.709	91.926
545.2823	24.728	91.918
544.8007	24.747	91.911
544.3188	24.766	91.904
543.8369	24.785	91.896
543.3549	24.804	91.889
542.8728	24.823	91.881
542.3905	24.842	91.874
541.9082	24.861	91.866
541.4257	24.880	91.859
540.9431	24.899	91.851
540.4604	24.919	91.843
539.9777	24.938	91.836
539.4948	24.957	91.828
539.0118	24.976	91.820
538.5286	24.997	91.815
538.0454	25.018	91.809
537.5621	25.039	91.803
537.0786	25.061	91.797
536.5950	25.082	91.791
536.1114	25.103	91.785
535.6276	25.124	91.779
535.1437	25.145	91.773
534.6597	25.166	91.767
534.1756	25.188	91.761
533.6913	25.208	91.754
533.2070	25.229	91.748
532.7226	25.250	91.741
532.2380	25.271	91.734
531.7534	25.292	91.727
531.2686	25.312	91.720
530.7837	25.333	91.713
530.2987	25.353	91.706
529.8136	25.374	91.699
529.3284	25.395	91.692
528.8430	25.415	91.684
528.3576	25.436	91.677
527.8720	25.457	91.669
527.3864	25.478	91.663
526.9006	25.499	91.656
526.4147	25.520	91.650
525.9287	25.542	91.643
525.4426	25.563	91.636
524.9564	25.585	91.630
524.4700	25.606	91.623
523.9836	25.628	91.616
523.4971	25.649	91.610
523.0104	25.671	91.603
522.5236	25.693	91.597
522.0367	25.715	91.590
521.5497	25.737	91.584
521.0626	25.759	91.577
520.5754	25.781	91.571
520.0881	25.803	91.565
519.6006	25.826	91.559
519.1131	25.848	91.552
518.6254	25.871	91.546
518.1377	25.893	91.540
517.6498	25.915	91.533
517.1618	25.938	91.527
516.6737	25.960	91.520
516.1855	25.983	91.514
515.6971	26.006	91.508
515.2087	26.029	91.502
514.7202	26.052	91.496
514.2314	26.075	91.490
513.7427	26.097	91.483
513.2538	26.120	91.477
512.7648	26.143	91.471
512.2757	26.166	91.464
511.7864	26.189	91.457
511.2971	26.212	91.451
510.8076	26.236	91.444
510.3181	26.259	91.437
509.8284	26.282	91.429
509.3386	26.306	91.422
508.8488	26.329	91.414
508.3587	26.352	91.407
507.8686	26.376	91.399
507.3784	26.399	91.392
506.8880	26.423	91.384
506.3976	26.446	91.376
505.9070	26.470	91.369
505.4163	26.494	91.363
504.9255	26.519	91.356
504.4346	26.543	91.350
503.9436	26.568	91.343
503.4525	26.592	91.337
502.9612	26.617	91.330
502.4698	26.641	91.324
501.9784	26.666	91.317
501.4868	26.690	91.310
500.9951	26.715	91.303
500.5033	26.740	91.296
500.0114	26.764	91.289
499.5193	26.789	91.282
499.0272	26.814	91.275
498.5349	26.839	91.267
498.0426	26.864	91.260
497.5501	26.889	91.252
497.0575	26.913	91.245
496.5648	26.938	91.237
496.0720	26.963	91.229
495.5790	26.989	91.222
495.0860	27.014	91.214
494.5928	27.039	91.206
494.0995	27.065	91.198
493.6062	27.090	91.189
493.1127	27.115	91.181
492.6190	27.141	91.173
492.1253	27.166	91.164
491.6315	27.192	91.157
491.1375	27.219	91.149
490.6435	27.245	91.141
490.1493	27.271	91.134
489.6550	27.298	91.127
489.1606	27.325	91.120
488.6661	27.352	91.113
488.1714	27.379	91.106
487.6767	27.406	91.098
487.1818	27.434	91.091
486.6869	27.461	91.084
486.1918	27.488	91.076
485.6966	27.516	91.069
485.2013	27.544	91.062
484.7058	27.571	91.056
484.2103	27.599	91.048
483.7146	27.627	91.041
483.2189	27.655	91.034
482.7230	27.683	91.026
482.2270	27.711	91.019
481.7309	27.740	91.011
481.2346	27.768	91.004
480.7383	27.796	90.996
480.2419	27.825	90.989
479.7453	27.854	90.981
479.2486	27.882	90.974
478.7518	27.911	90.966
478.2549	27.940	90.958
477.7579	27.969	90.950
477.2608	27.998	90.942
476.7635	28.027	90.933
476.2662	28.056	90.926
475.7687	28.086	90.918
475.2711	28.115	90.910
474.7734	28.145	90.902
474.2756	28.175	90.893
473.7776	28.204	90.885
473.2796	28.234	90.876
472.7814	28.264	90.868
472.2831	28.294	90.859
471.7848	28.324	90.850
471.2863	28.354	90.840
470.7876	28.385	90.831
470.2889	28.415	90.821
469.7900	28.446	90.812
469.2911	28.476	90.802
468.7920	28.507	90.792
468.2928	28.537	90.781
467.7935	28.568	90.771
467.2941	28.600	90.761
466.7945	28.631	90.750
466.2949	28.663	90.740
465.7951	28.695	90.729
465.2952	28.727	90.718
464.7952	28.758	90.707
464.2951	28.790	90.696
463.7949	28.823	90.685
463.2946	28.855	90.675
462.7941	28.887	90.664
462.2935	28.920	90.654
461.7928	28.953	90.644
461.2921	28.986	90.634
460.7911	29.019	90.624
460.2901	29.052	90.614
459.7889	29.085	90.603
459.2877	29.118	90.592
458.7863	29.152	90.582
458.2848	29.186	90.571
457.7832	29.219	90.560
457.2815	29.253	90.549
456.7796	29.287	90.537
456.2777	29.321	90.526
455.7756	29.356	90.514
455.2734	29.390	90.502
454.7711	29.425	90.491
454.2687	29.460	90.478
453.7662	29.495	90.466
453.2635	29.530	90.454
452.7608	29.566	90.442
452.2579	29.601	90.429
451.7549	29.637	90.416
451.2518	29.672	90.403
450.7485	29.708	90.390
450.2452	29.745	90.377

