Source : SiO2_Marcela.M1.11h 13mn 13s
Spectrum : 1

Wavelength	Psi	Delta

829.9594	20.518	86.687
829.5408	20.505	86.682
829.1221	20.495	86.661
828.7034	20.495	86.652
828.2845	20.466	86.649
827.8656	20.501	86.625
827.4465	20.541	86.609
827.0275	20.528	86.543
826.6082	20.522	86.534
826.1889	20.529	86.483
825.7695	20.540	86.455
825.3500	20.548	86.500
824.9305	20.534	86.541
824.5108	20.516	86.489
824.0911	20.527	86.454
823.6713	20.532	86.403
823.2513	20.528	86.439
822.8313	20.541	86.421
822.4112	20.556	86.410
821.9910	20.601	86.440
821.5707	20.578	86.442
821.1503	20.571	86.454
820.7299	20.598	86.425
820.3093	20.622	86.430
819.8886	20.699	86.389
819.4679	20.695	86.368
819.0471	20.708	86.352
818.6262	20.703	86.377
818.2051	20.718	86.375
817.7841	20.700	86.377
817.3629	20.690	86.384
816.9416	20.694	86.404
816.5202	20.700	86.406
816.0988	20.704	86.414
815.6772	20.741	86.374
815.2556	20.732	86.369
814.8338	20.754	86.373
814.4120	20.769	86.387
813.9901	20.762	86.416
813.5681	20.797	86.410
813.1460	20.815	86.378
812.7238	20.828	86.378
812.3015	20.863	86.338
811.8792	20.833	86.365
811.4567	20.828	86.324
811.0341	20.848	86.339
810.6115	20.845	86.436
810.1888	20.839	86.407
809.7659	20.866	86.381
809.3430	20.893	86.356
808.9200	20.893	86.309
808.4969	20.915	86.262
808.0738	20.932	86.211
807.6505	20.944	86.205
807.2271	20.929	86.201
806.8036	20.962	86.129
806.3802	20.996	86.077
805.9564	21.034	86.045
805.5327	21.061	86.027
805.1089	21.098	85.983
804.6850	21.116	85.947
804.2610	21.133	85.900
803.8369	21.166	85.845
803.4127	21.208	85.867
802.9884	21.190	85.885
802.5640	21.205	85.843
802.1396	21.192	85.825
801.7150	21.220	85.839
801.2903	21.265	85.785
800.8657	21.274	85.783
800.4408	21.276	85.755
800.0159	21.303	85.779
799.5909	21.316	85.723
799.1658	21.340	85.701
798.7406	21.353	85.681
798.3153	21.390	85.703
797.8899	21.431	85.678
797.4644	21.451	85.693
797.0389	21.463	85.656
796.6132	21.466	85.610
796.1875	21.461	85.585
795.7617	21.488	85.539
795.3357	21.510	85.492
794.9097	21.542	85.481
794.4836	21.572	85.429
794.0574	21.569	85.452
793.6310	21.596	85.434
793.2047	21.620	85.383
792.7782	21.638	85.343
792.3516	21.650	85.329
791.9249	21.651	85.329
791.4982	21.676	85.310
791.0714	21.697	85.315
790.6444	21.714	85.312
790.2173	21.723	85.292
789.7902	21.737	85.266
789.3630	21.756	85.278
788.9357	21.772	85.284
788.5083	21.777	85.285
788.0807	21.788	85.267
787.6532	21.796	85.251
787.2256	21.786	85.265
786.7977	21.780	85.256
786.3699	21.786	85.240
785.9419	21.795	85.252
785.5139	21.821	85.255
785.0857	21.823	85.213
784.6575	21.821	85.210
784.2291	21.812	85.229
783.8007	21.817	85.222
783.3722	21.824	85.198
782.9435	21.842	85.152
782.5148	21.854	85.151
782.0861	21.843	85.187
781.6573	21.849	85.186
781.2282	21.859	85.180
780.7991	21.864	85.233
780.3698	21.857	85.258
779.9407	21.859	85.270
779.5113	21.866	85.252
779.0818	21.890	85.212
778.6523	21.917	85.188
778.2227	21.938	85.147
777.7930	21.944	85.175
777.3632	21.963	85.179
776.9332	21.969	85.193
776.5032	21.985	85.183
776.0731	22.013	85.169
775.6429	22.023	85.145
775.2126	22.032	85.131
774.7822	22.048	85.143
774.3517	22.045	85.168
773.9212	22.053	85.163
773.4905	22.069	85.159
773.0598	22.076	85.160
772.6289	22.093	85.132
772.1980	22.114	85.103
771.7669	22.125	85.063
771.3358	22.135	85.049
770.9046	22.145	85.022
770.4733	22.170	85.025
770.0419	22.170	85.030
769.6104	22.195	85.013
769.1787	22.215	85.028
768.7471	22.206	85.024
768.3152	22.236	85.029
767.8834	22.249	84.995
767.4514	22.286	84.937
767.0193	22.305	84.947
766.5872	22.336	84.917
766.1549	22.345	84.902
765.7224	22.362	84.925
765.2901	22.389	84.909
764.8575	22.414	84.923
764.4249	22.431	84.894
763.9922	22.451	84.893
763.5593	22.477	84.876
763.1264	22.503	84.884
762.6934	22.512	84.860
762.2603	22.527	84.866
761.8271	22.534	84.878
761.3938	22.550	84.888
760.9604	22.575	84.871
760.5269	22.607	84.868
760.0933	22.638	84.852
759.6597	22.663	84.851
759.2259	22.674	84.871
758.7921	22.682	84.872
758.3581	22.703	84.849
757.9240	22.710	84.833
757.4900	22.724	84.829
757.0556	22.743	84.828
756.6213	22.755	84.839
756.1868	22.775	84.813
755.7523	22.792	84.812
755.3177	22.811	84.819
754.8830	22.834	84.820
754.4482	22.843	84.832
754.0132	22.855	84.850
753.5782	22.873	84.832
753.1432	22.883	84.834
752.7079	22.889	84.858
752.2726	22.901	84.868
751.8373	22.910	84.854
751.4018	22.937	84.838
750.9662	22.952	84.833
750.5306	22.976	84.831
750.0948	22.991	84.823
749.6589	23.001	84.818
749.2230	23.004	84.848
748.7869	23.014	84.852
748.3508	23.021	84.827
747.9146	23.023	84.837
747.4782	23.035	84.875
747.0417	23.050	84.888
746.6052	23.063	84.864
746.1686	23.077	84.862
745.7319	23.092	84.863
745.2950	23.107	84.872
744.8582	23.113	84.843
744.4211	23.121	84.846
743.9841	23.127	84.862
743.5468	23.140	84.857
743.1096	23.149	84.859
742.6722	23.152	84.873
742.2347	23.153	84.906
741.7971	23.155	84.887
741.3594	23.157	84.880
740.9215	23.161	84.870
740.4838	23.175	84.865
740.0458	23.167	84.890
739.6077	23.166	84.903
739.1696	23.172	84.910
738.7313	23.176	84.915
738.2930	23.184	84.912
737.8545	23.194	84.873
737.4160	23.201	84.878
736.9773	23.215	84.870
736.5386	23.231	84.879
736.0996	23.238	84.897
735.6608	23.249	84.909
735.2218	23.258	84.907
734.7827	23.261	84.931
734.3434	23.267	84.912
733.9041	23.288	84.900
733.4647	23.293	84.922
733.0252	23.302	84.926
732.5856	23.334	84.905
732.1459	23.342	84.909
731.7061	23.358	84.902
731.2662	23.368	84.909
730.8261	23.384	84.900
730.3861	23.389	84.933
729.9459	23.403	84.915
729.5057	23.409	84.905
729.0653	23.415	84.907
728.6248	23.409	84.918
728.1843	23.420	84.934
727.7436	23.432	84.936
727.3028	23.440	84.960
726.8619	23.449	84.976
726.4210	23.457	84.969
725.9799	23.467	84.952
725.5388	23.480	84.931
725.0975	23.498	84.874
724.6562	23.505	84.868
724.2147	23.501	84.882
723.7732	23.500	84.905
723.3315	23.514	84.899
722.8898	23.527	84.870
722.4479	23.537	84.867
722.0060	23.535	84.871
721.5640	23.555	84.858
721.1218	23.573	84.845
720.6796	23.584	84.850
720.2373	23.594	84.835
719.7949	23.602	84.853
719.3524	23.621	84.848
718.9097	23.635	84.842
718.4670	23.641	84.846
718.0242	23.663	84.823
717.5813	23.675	84.814
717.1383	23.690	84.815
716.6952	23.704	84.801
716.2520	23.719	84.781
715.8087	23.731	84.769
715.3653	23.744	84.766
714.9218	23.752	84.776
714.4782	23.768	84.764
714.0345	23.780	84.746
713.5907	23.794	84.737
713.1469	23.795	84.746
712.7028	23.810	84.723
712.2588	23.825	84.693
711.8146	23.843	84.691
711.3703	23.859	84.666
710.9259	23.873	84.635
710.4814	23.877	84.634
710.0369	23.894	84.632
709.5922	23.908	84.624
709.1474	23.915	84.615
708.7026	23.921	84.598
708.2576	23.940	84.592
707.8125	23.955	84.582
707.3674	23.965	84.558
706.9221	23.978	84.551
706.4767	23.994	84.536
706.0313	24.010	84.503
705.5857	24.017	84.487
705.1401	24.029	84.489
704.6943	24.048	84.480
704.2484	24.062	84.474
703.8025	24.077	84.455
703.3564	24.091	84.437
702.9103	24.105	84.427
702.4641	24.132	84.378
702.0177	24.161	84.349
701.5712	24.180	84.325
701.1247	24.203	84.336
700.6780	24.227	84.323
700.2313	24.250	84.306
699.7844	24.259	84.296
699.3375	24.279	84.266
698.8904	24.300	84.255
698.4433	24.321	84.236
697.9961	24.354	84.202
697.5488	24.377	84.175
697.1013	24.402	84.154
696.6537	24.426	84.140
696.2061	24.443	84.112
695.7584	24.458	84.107
695.3105	24.475	84.101
694.8626	24.492	84.078
694.4146	24.511	84.076
693.9664	24.532	84.053
693.5182	24.553	84.022
693.0699	24.573	84.019
692.6215	24.593	84.012
692.1729	24.611	83.993
691.7243	24.628	83.973
691.2756	24.648	83.946
690.8267	24.661	83.930
690.3778	24.675	83.915
689.9288	24.691	83.881
689.4797	24.711	83.863
689.0304	24.732	83.839
688.5811	24.749	83.834
688.1317	24.766	83.829
687.6821	24.785	83.812
687.2325	24.808	83.774
686.7828	24.837	83.760
686.3329	24.853	83.760
685.8830	24.871	83.751
685.4330	24.899	83.746
684.9828	24.923	83.734
684.5327	24.939	83.716
684.0823	24.951	83.726
683.6319	24.969	83.704
683.1813	24.991	83.689
682.7307	25.010	83.669
682.2800	25.029	83.659
681.8292	25.045	83.655
681.3782	25.060	83.648
680.9272	25.072	83.637
680.4761	25.094	83.616
680.0248	25.103	83.604
679.5735	25.114	83.596
679.1221	25.130	83.590
678.6705	25.145	83.573
678.2189	25.163	83.563
677.7672	25.181	83.544
677.3154	25.198	83.532
676.8634	25.215	83.516
676.4114	25.227	83.505
675.9592	25.244	83.479
675.5070	25.258	83.459
675.0547	25.273	83.462
674.6022	25.292	83.444
674.1497	25.304	83.438
673.6971	25.317	83.436
673.2443	25.337	83.430
672.7915	25.352	83.419
672.3386	25.362	83.395
671.8855	25.378	83.386
671.4324	25.394	83.380
670.9791	25.409	83.366
670.5258	25.429	83.353
670.0723	25.447	83.349
669.6188	25.467	83.341
669.1651	25.483	83.327
668.7114	25.501	83.323
668.2575	25.525	83.315
667.8035	25.547	83.290
667.3495	25.567	83.262
666.8953	25.584	83.255
666.4411	25.593	83.256
665.9868	25.610	83.257
665.5323	25.637	83.239
665.0777	25.646	83.237
664.6230	25.658	83.234
664.1683	25.682	83.226
663.7134	25.695	83.210
663.2584	25.711	83.190
662.8034	25.723	83.184
662.3482	25.741	83.175
661.8929	25.758	83.163
661.4376	25.776	83.141
660.9821	25.793	83.133
660.5265	25.802	83.131
660.0708	25.814	83.136
659.6151	25.826	83.135
659.1592	25.841	83.132
658.7032	25.855	83.137
658.2471	25.870	83.123
657.7909	25.884	83.111
657.3346	25.898	83.116
656.8782	25.911	83.116
656.4218	25.920	83.116
655.9651	25.933	83.113
655.5084	25.942	83.100
655.0516	25.945	83.103
654.5947	25.955	83.088
654.1377	25.972	83.084
653.6806	25.977	83.085
653.2234	25.989	83.086
652.7661	26.005	83.073
652.3087	26.017	83.069
651.8511	26.027	83.075
651.3936	26.038	83.074
650.9358	26.053	83.063
650.4780	26.064	83.070
650.0201	26.079	83.067
649.5620	26.087	83.077
649.1039	26.099	83.061
648.6457	26.104	83.047
648.1873	26.114	83.044
647.7289	26.127	83.023
647.2703	26.141	83.009
646.8117	26.147	83.000
646.3530	26.158	82.975
645.8941	26.164	82.962
645.4351	26.172	82.954
644.9761	26.187	82.941
644.5169	26.189	82.932
644.0577	26.199	82.917
643.5983	26.209	82.890
643.1389	26.226	82.880
642.6793	26.229	82.874
642.2196	26.238	82.864
641.7598	26.253	82.855
641.2999	26.267	82.827
640.8400	26.286	82.806
640.3799	26.293	82.807
639.9197	26.316	82.787
639.4594	26.328	82.777
638.9990	26.340	82.762
638.5385	26.353	82.748
638.0779	26.365	82.732
637.6172	26.379	82.723
637.1564	26.391	82.711
636.6954	26.402	82.708
636.2344	26.422	82.691
635.7733	26.436	82.679
635.3121	26.449	82.655
634.8508	26.457	82.651
634.3893	26.476	82.634
633.9278	26.501	82.615
633.4662	26.521	82.612
633.0044	26.536	82.605
632.5425	26.549	82.597
632.0806	26.562	82.587
631.6186	26.569	82.580
631.1564	26.580	82.580
630.6942	26.590	82.558
630.2318	26.589	82.549
629.7693	26.586	82.533
629.3068	26.600	82.525
628.8441	26.598	82.508
628.3813	26.623	82.497
627.9184	26.646	82.471
627.4554	26.668	82.489
626.9923	26.679	82.474
626.5291	26.684	82.466
626.0658	26.685	82.467
625.6024	26.698	82.465
625.1389	26.708	82.504
624.6753	26.738	82.522
624.2115	26.734	82.548
623.7477	26.737	82.565
623.2838	26.760	82.578
622.8198	26.768	82.582
622.3557	26.757	82.498
621.8914	26.753	82.418
621.4271	26.742	82.325
620.9626	26.730	82.217
620.4980	26.720	82.118
620.0334	26.729	82.028
619.5687	26.759	81.920
619.1038	26.766	81.836
618.6388	26.760	81.752
618.1737	26.766	81.681
617.7086	26.764	81.606
617.2433	26.775	81.515
616.7779	26.786	81.448
616.3124	26.795	81.395
615.8468	26.785	81.344
615.3810	26.800	81.277
614.9153	26.799	81.219
614.4492	26.804	81.166
613.9833	26.809	81.132
613.5172	26.821	81.078
613.0510	26.836	81.045
612.5847	26.847	81.013
612.1182	26.865	80.977
611.6516	26.883	80.947
611.1850	26.899	80.927
610.7183	26.910	80.913
610.2514	26.931	80.877
609.7844	26.950	80.857
609.3173	26.969	80.850
608.8502	26.992	80.846
608.3829	27.016	80.844
607.9156	27.037	80.849
607.4480	27.065	80.867
606.9804	27.094	80.886
606.5127	27.122	80.902
606.0449	27.157	80.920
605.5770	27.187	80.950
605.1089	27.222	80.981
604.6408	27.249	80.998
604.1726	27.290	81.029
603.7042	27.328	81.060
603.2358	27.367	81.094
602.7673	27.405	81.133
602.2986	27.437	81.184
601.8298	27.477	81.227
601.3610	27.512	81.271
600.8920	27.551	81.318
600.4229	27.593	81.369
599.9537	27.633	81.422
599.4844	27.675	81.476
599.0150	27.718	81.542
598.5455	27.759	81.595
598.0759	27.797	81.645
597.6062	27.835	81.711
597.1364	27.877	81.770
596.6664	27.924	81.828
596.1964	27.969	81.887
595.7263	28.015	81.955
595.2560	28.052	82.025
594.7857	28.086	82.087
594.3152	28.123	82.154
593.8447	28.159	82.220
593.3741	28.198	82.287
592.9032	28.240	82.337
592.4323	28.276	82.381
591.9613	28.319	82.445
591.4902	28.366	82.504
591.0190	28.419	82.563
590.5477	28.456	82.624
590.0763	28.507	82.686
589.6048	28.529	82.734
589.1331	28.556	82.797
588.6614	28.571	82.826
588.1896	28.597	82.871
587.7176	28.629	82.892
587.2455	28.664	82.913
586.7734	28.690	82.920
586.3011	28.712	82.874
585.8287	28.703	82.825
585.3563	28.735	82.745
584.8837	28.760	82.663
584.4109	28.758	82.570
583.9382	28.770	82.468
583.4652	28.808	82.436
582.9922	28.840	82.391
582.5191	28.876	82.356
582.0458	28.912	82.337
581.5725	28.948	82.309
581.0991	28.970	82.289
580.6255	28.961	82.295
580.1519	28.978	82.277
579.6780	29.003	82.258
579.2042	29.015	82.243
578.7303	29.040	82.224
578.2561	29.055	82.229
577.7819	29.071	82.218
577.3076	29.080	82.216
576.8332	29.111	82.197
576.3586	29.126	82.197
575.8840	29.154	82.187
575.4093	29.180	82.179
574.9344	29.202	82.162
574.4595	29.225	82.159
573.9844	29.244	82.149
573.5092	29.268	82.139
573.0339	29.287	82.134
572.5586	29.306	82.123
572.0831	29.332	82.106
571.6075	29.357	82.098
571.1318	29.380	82.107
570.6559	29.406	82.102
570.1801	29.431	82.104
569.7040	29.450	82.104
569.2278	29.474	82.112
568.7516	29.499	82.114
568.2753	29.522	82.109
567.7989	29.547	82.101
567.3222	29.569	82.102
566.8455	29.590	82.111
566.3687	29.612	82.104
565.8918	29.635	82.108
565.4149	29.660	82.110
564.9377	29.683	82.114
564.4605	29.708	82.122
563.9832	29.726	82.127
563.5057	29.749	82.131
563.0282	29.768	82.133
562.5505	29.796	82.137
562.0728	29.818	82.138
561.5948	29.843	82.135
561.1169	29.864	82.138
560.6388	29.890	82.141
560.1606	29.914	82.151
559.6823	29.935	82.144
559.2039	29.958	82.154
558.7253	29.984	82.164
558.2467	30.011	82.172
557.7679	30.040	82.172
557.2891	30.065	82.184
556.8102	30.091	82.190
556.3311	30.114	82.199
555.8519	30.137	82.206
555.3726	30.160	82.211
554.8932	30.182	82.211
554.4137	30.206	82.206
553.9341	30.233	82.205
553.4543	30.257	82.207
552.9745	30.277	82.212
552.4946	30.301	82.220
552.0145	30.326	82.224
551.5345	30.355	82.236
551.0541	30.376	82.244
550.5737	30.404	82.247
550.0933	30.432	82.257
549.6126	30.458	82.254
549.1320	30.484	82.256
548.6511	30.509	82.258
548.1702	30.533	82.266
547.6891	30.561	82.269
547.2080	30.590	82.276
546.7267	30.614	82.282
546.2454	30.646	82.287
545.7639	30.667	82.303
545.2823	30.691	82.305
544.8007	30.716	82.310
544.3188	30.740	82.324
543.8369	30.771	82.318
543.3549	30.801	82.329
542.8728	30.825	82.337
542.3905	30.850	82.347
541.9082	30.875	82.352
541.4257	30.900	82.348
540.9431	30.923	82.342
540.4604	30.943	82.351
539.9777	30.967	82.345
539.4948	30.994	82.344
539.0118	31.017	82.346
538.5286	31.035	82.355
538.0454	31.054	82.352
537.5621	31.085	82.349
537.0786	31.106	82.348
536.5950	31.132	82.345
536.1114	31.156	82.347
535.6276	31.178	82.359
535.1437	31.203	82.361
534.6597	31.226	82.378
534.1756	31.247	82.383
533.6913	31.268	82.374
533.2070	31.291	82.375
532.7226	31.316	82.390
532.2380	31.337	82.393
531.7534	31.366	82.396
531.2686	31.393	82.408
530.7837	31.420	82.425
530.2987	31.449	82.439
529.8136	31.473	82.441
529.3284	31.499	82.444
528.8430	31.526	82.452
528.3576	31.560	82.459
527.8720	31.586	82.458
527.3864	31.609	82.459
526.9006	31.646	82.463
526.4147	31.675	82.461
525.9287	31.708	82.471
525.4426	31.748	82.476
524.9564	31.779	82.492
524.4700	31.813	82.501
523.9836	31.849	82.504
523.4971	31.881	82.521
523.0104	31.917	82.533
522.5236	31.950	82.534
522.0367	31.990	82.542
521.5497	32.023	82.561
521.0626	32.057	82.570
520.5754	32.099	82.573
520.0881	32.135	82.565
519.6006	32.171	82.583
519.1131	32.213	82.593
518.6254	32.254	82.598
518.1377	32.291	82.619
517.6498	32.330	82.620
517.1618	32.365	82.635
516.6737	32.400	82.648
516.1855	32.435	82.656
515.6971	32.478	82.666
515.2087	32.521	82.670
514.7202	32.561	82.685
514.2314	32.599	82.703
513.7427	32.633	82.709
513.2538	32.674	82.732
512.7648	32.713	82.743
512.2757	32.756	82.771
511.7864	32.804	82.784
511.2971	32.845	82.801
510.8076	32.891	82.808
510.3181	32.923	82.819
509.8284	32.953	82.830
509.3386	32.987	82.860
508.8488	33.029	82.873
508.3587	33.079	82.889
507.8686	33.121	82.916
507.3784	33.166	82.929
506.8880	33.195	82.939
506.3976	33.238	82.953
505.9070	33.263	82.957
505.4163	33.314	82.963
504.9255	33.355	82.984
504.4346	33.397	82.991
503.9436	33.435	82.991
503.4525	33.461	83.007
502.9612	33.493	83.003
502.4698	33.527	83.012
501.9784	33.562	83.007
501.4868	33.595	83.030
500.9951	33.626	83.056
500.5033	33.660	83.072
500.0114	33.696	83.083
499.5193	33.732	83.088
499.0272	33.769	83.100
498.5349	33.806	83.110
498.0426	33.840	83.128
497.5501	33.871	83.149
497.0575	33.908	83.159
496.5648	33.947	83.169
496.0720	33.973	83.174
495.5790	34.002	83.189
495.0860	34.035	83.191
494.5928	34.064	83.199
494.0995	34.097	83.195
493.6062	34.136	83.196
493.1127	34.169	83.205
492.6190	34.205	83.207
492.1253	34.240	83.201
491.6315	34.273	83.209
491.1375	34.302	83.216
490.6435	34.339	83.210
490.1493	34.373	83.210
489.6550	34.403	83.200
489.1606	34.440	83.203
488.6661	34.473	83.200
488.1714	34.507	83.196
487.6767	34.535	83.193
487.1818	34.571	83.198
486.6869	34.606	83.204
486.1918	34.638	83.205
485.6966	34.672	83.217
485.2013	34.702	83.210
484.7058	34.728	83.220
484.2103	34.753	83.216
483.7146	34.781	83.213
483.2189	34.814	83.214
482.7230	34.846	83.212
482.2270	34.871	83.209
481.7309	34.897	83.208
481.2346	34.917	83.217
480.7383	34.944	83.215
480.2419	34.973	83.223
479.7453	34.996	83.237
479.2486	35.023	83.260
478.7518	35.048	83.267
478.2549	35.070	83.269
477.7579	35.094	83.281
477.2608	35.118	83.279
476.7635	35.138	83.300
476.2662	35.163	83.310
475.7687	35.190	83.324
475.2711	35.223	83.337
474.7734	35.251	83.346
474.2756	35.279	83.364
473.7776	35.312	83.380
473.2796	35.344	83.392
472.7814	35.377	83.410
472.2831	35.411	83.428
471.7848	35.450	83.465
471.2863	35.486	83.480
470.7876	35.518	83.508
470.2889	35.555	83.537
469.7900	35.588	83.578
469.2911	35.633	83.626
468.7920	35.690	83.666
468.2928	35.742	83.705
467.7935	35.790	83.746
467.2941	35.837	83.789
466.7945	35.892	83.827
466.2949	35.939	83.870
465.7951	35.994	83.918
465.2952	36.043	83.973
464.7952	36.106	84.039
464.2951	36.147	84.098
463.7949	36.209	84.135
463.2946	36.254	84.193
462.7941	36.311	84.243
462.2935	36.372	84.289
461.7928	36.424	84.344
461.2921	36.484	84.401
460.7911	36.530	84.486
460.2901	36.590	84.531
459.7889	36.655	84.591
459.2877	36.720	84.665
458.7863	36.783	84.731
458.2848	36.849	84.784
457.7832	36.912	84.857
457.2815	36.984	84.920
456.7796	37.063	84.979
456.2777	37.137	85.049
455.7756	37.213	85.128
455.2734	37.299	85.198
454.7711	37.369	85.268
454.2687	37.444	85.342
453.7662	37.511	85.409
453.2635	37.580	85.476
452.7608	37.646	85.542
452.2579	37.714	85.610
451.7549	37.780	85.677
451.2518	37.848	85.744
450.7485	37.914	85.812
450.2452	37.981	85.879

