Source : Fit
Spectrum : 1

Wavelength	Psi	Delta

829.9594	20.665	54.004
829.5408	20.672	53.940
829.1221	20.679	53.877
828.7034	20.687	53.813
828.2845	20.694	53.749
827.8656	20.701	53.685
827.4465	20.709	53.620
827.0275	20.716	53.556
826.6082	20.723	53.492
826.1889	20.731	53.428
825.7695	20.738	53.364
825.3500	20.745	53.301
824.9305	20.753	53.237
824.5108	20.760	53.173
824.0911	20.767	53.109
823.6713	20.775	53.045
823.2513	20.782	52.981
822.8313	20.789	52.917
822.4112	20.797	52.852
821.9910	20.804	52.788
821.5707	20.811	52.723
821.1503	20.819	52.658
820.7299	20.826	52.593
820.3093	20.833	52.528
819.8886	20.841	52.463
819.4679	20.848	52.398
819.0471	20.855	52.333
818.6262	20.863	52.267
818.2051	20.870	52.202
817.7841	20.877	52.136
817.3629	20.885	52.070
816.9416	20.892	52.004
816.5202	20.899	51.938
816.0988	20.907	51.872
815.6772	20.914	51.806
815.2556	20.922	51.740
814.8338	20.930	51.674
814.4120	20.937	51.608
813.9901	20.945	51.542
813.5681	20.953	51.475
813.1460	20.961	51.409
812.7238	20.969	51.342
812.3015	20.977	51.275
811.8792	20.985	51.209
811.4567	20.992	51.142
811.0341	21.000	51.075
810.6115	21.008	51.007
810.1888	21.016	50.940
809.7659	21.024	50.872
809.3430	21.033	50.804
808.9200	21.041	50.736
808.4969	21.049	50.668
808.0738	21.058	50.600
807.6505	21.066	50.531
807.2271	21.074	50.463
806.8036	21.083	50.394
806.3802	21.091	50.325
805.9564	21.099	50.256
805.5327	21.107	50.187
805.1089	21.116	50.118
804.6850	21.124	50.049
804.2610	21.132	49.979
803.8369	21.141	49.910
803.4127	21.149	49.840
802.9884	21.157	49.770
802.5640	21.165	49.700
802.1396	21.174	49.630
801.7150	21.182	49.560
801.2903	21.190	49.489
800.8657	21.198	49.419
800.4408	21.207	49.348
800.0159	21.215	49.277
799.5909	21.222	49.207
799.1658	21.229	49.136
798.7406	21.236	49.065
798.3153	21.243	48.995
797.8899	21.249	48.923
797.4644	21.256	48.852
797.0389	21.263	48.781
796.6132	21.270	48.710
796.1875	21.276	48.638
795.7617	21.283	48.566
795.3357	21.290	48.495
794.9097	21.297	48.423
794.4836	21.304	48.351
794.0574	21.310	48.280
793.6310	21.317	48.209
793.2047	21.324	48.137
792.7782	21.331	48.065
792.3516	21.338	47.994
791.9249	21.345	47.922
791.4982	21.352	47.850
791.0714	21.358	47.778
790.6444	21.365	47.705
790.2173	21.372	47.633
789.7902	21.379	47.560
789.3630	21.386	47.487
788.9357	21.393	47.413
788.5083	21.401	47.340
788.0807	21.408	47.266
787.6532	21.415	47.192
787.2256	21.422	47.118
786.7977	21.430	47.044
786.3699	21.437	46.970
785.9419	21.444	46.895
785.5139	21.451	46.821
785.0857	21.459	46.746
784.6575	21.466	46.671
784.2291	21.474	46.595
783.8007	21.481	46.519
783.3722	21.489	46.444
782.9435	21.497	46.367
782.5148	21.504	46.291
782.0861	21.512	46.215
781.6573	21.520	46.138
781.2282	21.527	46.062
780.7991	21.535	45.985
780.3698	21.543	45.908
779.9407	21.550	45.831
779.5113	21.558	45.752
779.0818	21.565	45.672
778.6523	21.573	45.593
778.2227	21.580	45.513
777.7930	21.587	45.433
777.3632	21.595	45.353
776.9332	21.602	45.272
776.5032	21.609	45.192
776.0731	21.617	45.111
775.6429	21.624	45.031
775.2126	21.631	44.950
774.7822	21.638	44.869
774.3517	21.645	44.790
773.9212	21.653	44.712
773.4905	21.660	44.632
773.0598	21.667	44.553
772.6289	21.674	44.474
772.1980	21.681	44.394
771.7669	21.688	44.315
771.3358	21.695	44.235
770.9046	21.702	44.155
770.4733	21.709	44.074
770.0419	21.716	43.994
769.6104	21.723	43.914
769.1787	21.730	43.833
768.7471	21.737	43.752
768.3152	21.744	43.671
767.8834	21.751	43.590
767.4514	21.758	43.508
767.0193	21.765	43.427
766.5872	21.772	43.345
766.1549	21.779	43.263
765.7224	21.785	43.181
765.2901	21.792	43.099
764.8575	21.800	43.016
764.4249	21.807	42.933
763.9922	21.814	42.850
763.5593	21.821	42.767
763.1264	21.829	42.683
762.6934	21.836	42.600
762.2603	21.843	42.516
761.8271	21.850	42.432
761.3938	21.857	42.347
760.9604	21.864	42.263
760.5269	21.871	42.178
760.0933	21.879	42.090
759.6597	21.886	42.003
759.2259	21.893	41.915
758.7921	21.900	41.827
758.3581	21.907	41.739
757.9240	21.914	41.651
757.4900	21.921	41.562
757.0556	21.928	41.473
756.6213	21.935	41.385
756.1868	21.942	41.295
755.7523	21.950	41.207
755.3177	21.957	41.120
754.8830	21.964	41.033
754.4482	21.971	40.945
754.0132	21.979	40.857
753.5782	21.986	40.769
753.1432	21.993	40.681
752.7079	22.000	40.593
752.2726	22.007	40.504
751.8373	22.015	40.416
751.4018	22.022	40.327
750.9662	22.028	40.238
750.5306	22.035	40.149
750.0948	22.042	40.060
749.6589	22.049	39.971
749.2230	22.055	39.881
748.7869	22.062	39.792
748.3508	22.069	39.702
747.9146	22.076	39.612
747.4782	22.082	39.521
747.0417	22.089	39.431
746.6052	22.095	39.340
746.1686	22.102	39.249
745.7319	22.108	39.158
745.2950	22.115	39.067
744.8582	22.121	38.976
744.4211	22.128	38.884
743.9841	22.134	38.792
743.5468	22.141	38.700
743.1096	22.147	38.608
742.6722	22.154	38.515
742.2347	22.160	38.422
741.7971	22.165	38.327
741.3594	22.171	38.232
740.9215	22.177	38.137
740.4838	22.182	38.042
740.0458	22.188	37.947
739.6077	22.193	37.851
739.1696	22.199	37.755
738.7313	22.204	37.659
738.2930	22.209	37.563
737.8545	22.215	37.467
737.4160	22.220	37.373
736.9773	22.225	37.278
736.5386	22.231	37.184
736.0996	22.236	37.089
735.6608	22.241	36.994
735.2218	22.246	36.899
734.7827	22.252	36.804
734.3434	22.257	36.708
733.9041	22.262	36.613
733.4647	22.267	36.516
733.0252	22.272	36.418
732.5856	22.276	36.319
732.1459	22.281	36.221
731.7061	22.286	36.122
731.2662	22.290	36.023
730.8261	22.295	35.924
730.3861	22.299	35.825
729.9459	22.304	35.725
729.5057	22.308	35.625
729.0653	22.314	35.526
728.6248	22.320	35.426
728.1843	22.326	35.326
727.7436	22.332	35.225
727.3028	22.338	35.125
726.8619	22.344	35.024
726.4210	22.350	34.923
725.9799	22.355	34.822
725.5388	22.361	34.720
725.0975	22.367	34.619
724.6562	22.373	34.517
724.2147	22.378	34.414
723.7732	22.384	34.312
723.3315	22.390	34.209
722.8898	22.395	34.106
722.4479	22.401	34.003
722.0060	22.406	33.900
721.5640	22.412	33.796
721.1218	22.417	33.692
720.6796	22.422	33.588
720.2373	22.427	33.485
719.7949	22.432	33.381
719.3524	22.437	33.276
718.9097	22.442	33.172
718.4670	22.447	33.067
718.0242	22.452	32.963
717.5813	22.457	32.857
717.1383	22.462	32.752
716.6952	22.466	32.646
716.2520	22.471	32.541
715.8087	22.475	32.436
715.3653	22.479	32.330
714.9218	22.483	32.224
714.4782	22.488	32.117
714.0345	22.492	32.011
713.5907	22.496	31.904
713.1469	22.500	31.797
712.7028	22.504	31.690
712.2588	22.508	31.582
711.8146	22.511	31.475
711.3703	22.515	31.367
710.9259	22.519	31.259
710.4814	22.523	31.150
710.0369	22.527	31.041
709.5922	22.530	30.933
709.1474	22.534	30.823
708.7026	22.537	30.714
708.2576	22.541	30.603
707.8125	22.545	30.489
707.3674	22.548	30.376
706.9221	22.552	30.262
706.4767	22.555	30.148
706.0313	22.558	30.034
705.5857	22.562	29.920
705.1401	22.565	29.805
704.6943	22.568	29.690
704.2484	22.572	29.576
703.8025	22.575	29.463
703.3564	22.579	29.350
702.9103	22.582	29.236
702.4641	22.586	29.123
702.0177	22.589	29.009
701.5712	22.592	28.894
701.1247	22.596	28.780
700.6780	22.599	28.665
700.2313	22.602	28.550
699.7844	22.605	28.433
699.3375	22.608	28.317
698.8904	22.611	28.200
698.4433	22.614	28.084
697.9961	22.617	27.966
697.5488	22.620	27.849
697.1013	22.623	27.731
696.6537	22.626	27.613
696.2061	22.629	27.495
695.7584	22.632	27.376
695.3105	22.635	27.257
694.8626	22.637	27.138
694.4146	22.640	27.018
693.9664	22.643	26.899
693.5182	22.645	26.778
693.0699	22.648	26.658
692.6215	22.650	26.538
692.1729	22.653	26.417
691.7243	22.655	26.296
691.2756	22.658	26.175
690.8267	22.660	26.053
690.3778	22.662	25.932
689.9288	22.664	25.810
689.4797	22.666	25.687
689.0304	22.668	25.565
688.5811	22.670	25.442
688.1317	22.671	25.320
687.6821	22.673	25.197
687.2325	22.674	25.074
686.7828	22.675	24.951
686.3329	22.676	24.828
685.8830	22.678	24.704
685.4330	22.679	24.580
684.9828	22.679	24.455
684.5327	22.680	24.331
684.0823	22.681	24.206
683.6319	22.682	24.081
683.1813	22.683	23.956
682.7307	22.683	23.830
682.2800	22.684	23.704
681.8292	22.684	23.578
681.3782	22.684	23.451
680.9272	22.685	23.324
680.4761	22.686	23.196
680.0248	22.686	23.068
679.5735	22.687	22.940
679.1221	22.687	22.811
678.6705	22.687	22.682
678.2189	22.688	22.553
677.7672	22.688	22.424
677.3154	22.688	22.294
676.8634	22.689	22.163
676.4114	22.689	22.032
675.9592	22.689	21.901
675.5070	22.690	21.769
675.0547	22.690	21.637
674.6022	22.690	21.505
674.1497	22.690	21.372
673.6971	22.690	21.240
673.2443	22.690	21.107
672.7915	22.689	20.973
672.3386	22.689	20.840
671.8855	22.689	20.706
671.4324	22.688	20.571
670.9791	22.687	20.437
670.5258	22.687	20.302
670.0723	22.686	20.167
669.6188	22.685	20.033
669.1651	22.683	19.898
668.7114	22.682	19.763
668.2575	22.680	19.628
667.8035	22.679	19.493
667.3495	22.677	19.357
666.8953	22.675	19.221
666.4411	22.673	19.084
665.9868	22.671	18.947
665.5323	22.669	18.809
665.0777	22.667	18.672
664.6230	22.664	18.534
664.1683	22.662	18.395
663.7134	22.659	18.256
663.2584	22.657	18.117
662.8034	22.654	17.978
662.3482	22.651	17.838
661.8929	22.648	17.699
661.4376	22.645	17.558
660.9821	22.642	17.418
660.5265	22.638	17.277
660.0708	22.635	17.136
659.6151	22.632	16.994
659.1592	22.628	16.853
658.7032	22.624	16.711
658.2471	22.621	16.568
657.7909	22.617	16.426
657.3346	22.613	16.283
656.8782	22.609	16.139
656.4218	22.604	15.996
655.9651	22.600	15.852
655.5084	22.596	15.708
655.0516	22.591	15.563
654.5947	22.587	15.419
654.1377	22.582	15.274
653.6806	22.577	15.128
653.2234	22.572	14.983
652.7661	22.567	14.837
652.3087	22.562	14.691
651.8511	22.557	14.543
651.3936	22.552	14.396
650.9358	22.546	14.249
650.4780	22.541	14.101
650.0201	22.535	13.952
649.5620	22.530	13.804
649.1039	22.524	13.655
648.6457	22.518	13.506
648.1873	22.512	13.357
647.7289	22.506	13.207
647.2703	22.500	13.057
646.8117	22.493	12.907
646.3530	22.487	12.756
645.8941	22.480	12.605
645.4351	22.474	12.453
644.9761	22.468	12.301
644.5169	22.462	12.148
644.0577	22.455	11.995
643.5983	22.449	11.842
643.1389	22.442	11.688
642.6793	22.435	11.534
642.2196	22.429	11.379
641.7598	22.422	11.224
641.2999	22.416	11.068
640.8400	22.409	10.912
640.3799	22.402	10.755
639.9197	22.395	10.599
639.4594	22.388	10.441
638.9990	22.381	10.284
638.5385	22.374	10.126
638.0779	22.366	9.968
637.6172	22.359	9.810
637.1564	22.351	9.651
636.6954	22.343	9.492
636.2344	22.335	9.333
635.7733	22.327	9.174
635.3121	22.318	9.016
634.8508	22.309	8.859
634.3893	22.300	8.700
633.9278	22.291	8.542
633.4662	22.281	8.383
633.0044	22.272	8.224
632.5425	22.262	8.065
632.0806	22.252	7.905
631.6186	22.242	7.745
631.1564	22.232	7.585
630.6942	22.222	7.425
630.2318	22.212	7.264
629.7693	22.201	7.103
629.3068	22.191	6.941
628.8441	22.180	6.779
628.3813	22.169	6.617
627.9184	22.158	6.454
627.4554	22.147	6.291
626.9923	22.135	6.127
626.5291	22.124	5.963
626.0658	22.113	5.799
625.6024	22.101	5.634
625.1389	22.089	5.469
624.6753	22.077	5.303
624.2115	22.065	5.137
623.7477	22.052	4.971
623.2838	22.040	4.805
622.8198	22.028	4.638
622.3557	22.015	4.471
621.8914	22.002	4.304
621.4271	21.989	4.136
620.9626	21.976	3.968
620.4980	21.963	3.800
620.0334	21.950	3.631
619.5687	21.937	3.461
619.1038	21.924	3.289
618.6388	21.911	3.117
618.1737	21.899	2.945
617.7086	21.886	2.773
617.2433	21.872	2.600
616.7779	21.859	2.427
616.3124	21.846	2.254
615.8468	21.832	2.080
615.3810	21.818	1.906
614.9153	21.805	1.731
614.4492	21.791	1.557
613.9833	21.777	1.382
613.5172	21.762	1.207
613.0510	21.748	1.031
612.5847	21.734	0.855
612.1182	21.720	0.679
611.6516	21.705	0.503
611.1850	21.690	0.326
610.7183	21.676	0.149
610.2514	21.661	359.972
609.7844	21.646	359.794
609.3173	21.631	359.616
608.8502	21.616	359.438
608.3829	21.601	359.259
607.9156	21.585	359.080
607.4480	21.570	358.901
606.9804	21.554	358.721
606.5127	21.538	358.542
606.0449	21.522	358.361
605.5770	21.506	358.181
605.1089	21.490	358.000
604.6408	21.473	357.819
604.1726	21.457	357.637
603.7042	21.441	357.455
603.2358	21.424	357.273
602.7673	21.407	357.090
602.2986	21.390	356.907
601.8298	21.373	356.724
601.3610	21.356	356.540
600.8920	21.338	356.356
600.4229	21.321	356.172
599.9537	21.303	355.988
599.4844	21.285	355.803
599.0150	21.268	355.618
598.5455	21.249	355.432
598.0759	21.231	355.245
597.6062	21.212	355.058
597.1364	21.194	354.871
596.6664	21.175	354.684
596.1964	21.156	354.496
595.7263	21.137	354.308
595.2560	21.117	354.119
594.7857	21.098	353.930
594.3152	21.078	353.740
593.8447	21.058	353.550
593.3741	21.038	353.360
592.9032	21.018	353.169
592.4323	20.998	352.979
591.9613	20.977	352.787
591.4902	20.957	352.596
591.0190	20.936	352.404
590.5477	20.916	352.212
590.0763	20.895	352.021
589.6048	20.875	351.830
589.1331	20.854	351.639
588.6614	20.833	351.448
588.1896	20.812	351.256
587.7176	20.791	351.064
587.2455	20.770	350.872
586.7734	20.749	350.679
586.3011	20.728	350.486
585.8287	20.706	350.292
585.3563	20.685	350.099
584.8837	20.663	349.905
584.4109	20.641	349.709
583.9382	20.619	349.512
583.4652	20.597	349.315
582.9922	20.575	349.118
582.5191	20.553	348.921
582.0458	20.531	348.723
581.5725	20.509	348.523
581.0991	20.486	348.323
580.6255	20.464	348.123
580.1519	20.442	347.922
579.6780	20.419	347.721
579.2042	20.396	347.519
578.7303	20.373	347.317
578.2561	20.350	347.115
577.7819	20.327	346.913
577.3076	20.304	346.710
576.8332	20.280	346.506
576.3586	20.257	346.301
575.8840	20.234	346.095
575.4093	20.210	345.888
574.9344	20.187	345.681
574.4595	20.163	345.474
573.9844	20.140	345.266
573.5092	20.116	345.058
573.0339	20.092	344.850
572.5586	20.068	344.641
572.0831	20.043	344.432
571.6075	20.019	344.222
571.1318	19.995	344.013
570.6559	19.970	343.805
570.1801	19.945	343.596
569.7040	19.920	343.387
569.2278	19.895	343.177
568.7516	19.870	342.968
568.2753	19.845	342.759
567.7989	19.819	342.550
567.3222	19.794	342.341
566.8455	19.768	342.132
566.3687	19.742	341.922
565.8918	19.717	341.712
565.4149	19.691	341.501
564.9377	19.665	341.290
564.4605	19.638	341.078
563.9832	19.612	340.866
563.5057	19.586	340.653
563.0282	19.560	340.435
562.5505	19.533	340.217
562.0728	19.507	339.998
561.5948	19.481	339.779
561.1169	19.454	339.559
560.6388	19.427	339.339
560.1606	19.401	339.119
559.6823	19.374	338.898
559.2039	19.347	338.676
558.7253	19.320	338.455
558.2467	19.293	338.232
557.7679	19.266	338.010
557.2891	19.238	337.787
556.8102	19.211	337.563
556.3311	19.183	337.339
555.8519	19.156	337.115
555.3726	19.128	336.890
554.8932	19.101	336.665
554.4137	19.073	336.439
553.9341	19.045	336.213
553.4543	19.017	335.986
552.9745	18.989	335.759
552.4946	18.961	335.531
552.0145	18.932	335.303
551.5345	18.904	335.075
551.0541	18.876	334.846
550.5737	18.847	334.617
550.0933	18.819	334.388
549.6126	18.790	334.158
549.1320	18.762	333.928
548.6511	18.733	333.697
548.1702	18.704	333.466
547.6891	18.675	333.235
547.2080	18.646	333.003
546.7267	18.617	332.770
546.2454	18.588	332.537
545.7639	18.559	332.304
545.2823	18.530	332.070
544.8007	18.500	331.836
544.3188	18.471	331.602
543.8369	18.441	331.367
543.3549	18.412	331.132
542.8728	18.382	330.897
542.3905	18.353	330.661
541.9082	18.323	330.424
541.4257	18.293	330.187
540.9431	18.263	329.950
540.4604	18.233	329.711
539.9777	18.203	329.473
539.4948	18.173	329.234
539.0118	18.143	328.993
538.5286	18.114	328.745
538.0454	18.085	328.495
537.5621	18.056	328.246
537.0786	18.027	327.996
536.5950	17.998	327.745
536.1114	17.968	327.494
535.6276	17.939	327.242
535.1437	17.910	326.989
534.6597	17.880	326.736
534.1756	17.851	326.483
533.6913	17.821	326.231
533.2070	17.791	325.978
532.7226	17.761	325.724
532.2380	17.731	325.469
531.7534	17.701	325.216
531.2686	17.671	324.962
530.7837	17.641	324.708
530.2987	17.611	324.452
529.8136	17.580	324.197
529.3284	17.550	323.940
528.8430	17.520	323.683
528.3576	17.489	323.425
527.8720	17.459	323.167
527.3864	17.429	322.906
526.9006	17.399	322.644
526.4147	17.369	322.381
525.9287	17.339	322.117
525.4426	17.309	321.852
524.9564	17.279	321.587
524.4700	17.249	321.321
523.9836	17.219	321.054
523.4971	17.189	320.787
523.0104	17.159	320.518
522.5236	17.130	320.248
522.0367	17.100	319.977
521.5497	17.070	319.705
521.0626	17.040	319.433
520.5754	17.011	319.158
520.0881	16.981	318.883
519.6006	16.952	318.607
519.1131	16.922	318.330
518.6254	16.893	318.052
518.1377	16.863	317.773
517.6498	16.834	317.494
517.1618	16.804	317.214
516.6737	16.775	316.933
516.1855	16.746	316.650
515.6971	16.717	316.366
515.2087	16.688	316.082
514.7202	16.659	315.796
514.2314	16.630	315.510
513.7427	16.601	315.223
513.2538	16.572	314.935
512.7648	16.543	314.647
512.2757	16.514	314.357
511.7864	16.485	314.066
511.2971	16.456	313.774
510.8076	16.427	313.481
510.3181	16.398	313.187
509.8284	16.369	312.891
509.3386	16.340	312.595
508.8488	16.311	312.298
508.3587	16.282	311.999
507.8686	16.253	311.700
507.3784	16.225	311.400
506.8880	16.196	311.098
506.3976	16.167	310.796
505.9070	16.139	310.492
505.4163	16.111	310.185
504.9255	16.084	309.877
504.4346	16.056	309.567
503.9436	16.029	309.257
503.4525	16.002	308.946
502.9612	15.975	308.633
502.4698	15.947	308.320
501.9784	15.920	308.005
501.4868	15.893	307.689
500.9951	15.866	307.373
500.5033	15.840	307.055
500.0114	15.813	306.736
499.5193	15.786	306.415
499.0272	15.760	306.094
498.5349	15.733	305.772
498.0426	15.707	305.448
497.5501	15.681	305.123
497.0575	15.655	304.798
496.5648	15.629	304.471
496.0720	15.603	304.142
495.5790	15.577	303.812
495.0860	15.552	303.481
494.5928	15.526	303.148
494.0995	15.501	302.814
493.6062	15.476	302.479
493.1127	15.451	302.143
492.6190	15.426	301.805
492.1253	15.401	301.466
491.6315	15.377	301.124
491.1375	15.353	300.780
490.6435	15.329	300.435
490.1493	15.305	300.088
489.6550	15.283	299.738
489.1606	15.260	299.386
488.6661	15.238	299.033
488.1714	15.215	298.678
487.6767	15.193	298.323
487.1818	15.171	297.966
486.6869	15.150	297.607
486.1918	15.128	297.248
485.6966	15.107	296.885
485.2013	15.087	296.521
484.7058	15.066	296.155
484.2103	15.046	295.788
483.7146	15.026	295.420
483.2189	15.006	295.050
482.7230	14.987	294.680
482.2270	14.967	294.307
481.7309	14.948	293.932
481.2346	14.930	293.556
480.7383	14.911	293.179
480.2419	14.893	292.799
479.7453	14.875	292.418
479.2486	14.858	292.035
478.7518	14.840	291.651
478.2549	14.823	291.266
477.7579	14.806	290.879
477.2608	14.790	290.491
476.7635	14.774	290.101
476.2662	14.758	289.708
475.7687	14.743	289.314
475.2711	14.728	288.918
474.7734	14.713	288.521
474.2756	14.699	288.122
473.7776	14.684	287.722
473.2796	14.671	287.321
472.7814	14.657	286.917
472.2831	14.644	286.511
471.7848	14.631	286.104
471.2863	14.619	285.696
470.7876	14.606	285.284
470.2889	14.594	284.872
469.7900	14.583	284.458
469.2911	14.572	284.043
468.7920	14.561	283.626
468.2928	14.550	283.207
467.7935	14.540	282.787
467.2941	14.531	282.361
466.7945	14.522	281.934
466.2949	14.513	281.506
465.7951	14.505	281.076
465.2952	14.497	280.645
464.7952	14.490	280.212
464.2951	14.483	279.778
463.7949	14.477	279.341
463.2946	14.472	278.903
462.7941	14.467	278.464
462.2935	14.462	278.022
461.7928	14.459	277.579
461.2921	14.456	277.134
460.7911	14.453	276.688
460.2901	14.451	276.241
459.7889	14.449	275.792
459.2877	14.448	275.342
458.7863	14.448	274.888
458.2848	14.448	274.432
457.7832	14.449	273.975
457.2815	14.450	273.517
456.7796	14.451	273.057
456.2777	14.453	272.596
455.7756	14.456	272.133
455.2734	14.460	271.667
454.7711	14.464	271.200
454.2687	14.468	270.732
453.7662	14.474	270.260
453.2635	14.480	269.787
452.7608	14.487	269.313
452.2579	14.494	268.837
451.7549	14.502	268.360
451.2518	14.510	267.882
450.7485	14.519	267.402
450.2452	14.530	266.916

