# ========================================================
# RESULTADOS DE AJUSTE ELIPSOMÉTRICO (AUTORANGE + TMM)
# ========================================================
# Archivo de origen: Al2O3_nanotubes.4-med1.txt
# Espesores óptimos (nm): [np.float64(0.6692850924284856), np.float64(30.582494956231145)]
# Error mínimo (Chi2 Red / MSE): 2.901376e-04
# Parámetros de dispersión optimizados:
#   Capa 'Al2O3_nanotube': {'model': 'bruggeman_EMA', 'linked_to': 'Al2O3', 'f_air': 0.006083801490174933, 'f_optimized': True}
#   Capa 'Al2O3': {'model': 'cauchy', 'A': 1.7085930936794387, 'B': -2.5441413583581323, 'C': -4.568352593091834}
# ========================================================
# Wavelength_nm	Is_exp	Is_fit	Ic_exp	Ic_fit	Psi_exp_deg	Psi_fit_deg	Delta_exp_deg	Delta_fit_deg
829.9594	0.410834	0.433986	-0.178133	-0.195229	13.3010	14.2082	113.4410	114.2206
829.5408	0.412116	0.434186	-0.178313	-0.195173	13.3410	14.2134	113.3970	114.2046
829.1221	0.410915	0.434387	-0.177317	-0.195118	13.2930	14.2186	113.3410	114.1887
828.7034	0.411824	0.434587	-0.177573	-0.195062	13.3230	14.2238	113.3250	114.1727
828.2845	0.410742	0.434788	-0.176613	-0.195006	13.2790	14.2291	113.2670	114.1567
827.8656	0.412325	0.434988	-0.176961	-0.194950	13.3300	14.2343	113.2280	114.1406
827.4465	0.412601	0.435189	-0.176713	-0.194894	13.3350	14.2395	113.1850	114.1246
827.0275	0.412491	0.435390	-0.176019	-0.194838	13.3230	14.2447	113.1090	114.1086
826.6082	0.412954	0.435578	-0.176046	-0.194808	13.3370	14.2499	113.0890	114.0961
826.1889	0.413244	0.435765	-0.175684	-0.194779	13.3410	14.2551	113.0320	114.0838
825.7695	0.413432	0.435946	-0.175560	-0.194761	13.3450	14.2603	113.0080	114.0729
825.3500	0.412974	0.436124	-0.175203	-0.194751	13.3270	14.2654	112.9890	114.0632
824.9305	0.412296	0.436301	-0.174882	-0.194741	13.3030	14.2706	112.9850	114.0534
824.5108	0.412745	0.436479	-0.174783	-0.194731	13.3150	14.2757	112.9510	114.0436
824.0911	0.412761	0.436657	-0.174264	-0.194721	13.3090	14.2809	112.8890	114.0338
823.6713	0.413130	0.436835	-0.174114	-0.194710	13.3180	14.2861	112.8530	114.0239
823.2513	0.412974	0.437014	-0.173921	-0.194700	13.3110	14.2912	112.8380	114.0141
822.8313	0.413219	0.437192	-0.173981	-0.194689	13.3190	14.2964	112.8330	114.0042
822.4112	0.414021	0.437371	-0.174328	-0.194678	13.3470	14.3016	112.8340	113.9943
821.9910	0.414437	0.437550	-0.174946	-0.194667	13.3670	14.3068	112.8860	113.9844
821.5707	0.414244	0.437729	-0.174762	-0.194656	13.3590	14.3120	112.8740	113.9745
821.1503	0.414204	0.437909	-0.174856	-0.194645	13.3590	14.3172	112.8870	113.9645
820.7299	0.414991	0.438088	-0.175077	-0.194633	13.3850	14.3224	112.8740	113.9546
820.3093	0.415448	0.438268	-0.175355	-0.194622	13.4020	14.3276	112.8840	113.9446
819.8886	0.416099	0.438448	-0.175416	-0.194610	13.4220	14.3328	112.8590	113.9346
819.4679	0.416641	0.438628	-0.175413	-0.194598	13.4380	14.3381	112.8320	113.9246
819.0471	0.417250	0.438809	-0.175730	-0.194586	13.4600	14.3433	112.8390	113.9145
818.6262	0.417753	0.438990	-0.175899	-0.194574	13.4770	14.3485	112.8340	113.9045
818.2051	0.418268	0.439170	-0.175798	-0.194562	13.4910	14.3538	112.7970	113.8944
817.7841	0.418711	0.439351	-0.175950	-0.194550	13.5060	14.3590	112.7930	113.8843
817.3629	0.418651	0.439533	-0.176011	-0.194537	13.5050	14.3643	112.8030	113.8742
816.9416	0.419290	0.439714	-0.176417	-0.194525	13.5290	14.3695	112.8190	113.8641
816.5202	0.419774	0.439896	-0.176388	-0.194512	13.5430	14.3748	112.7920	113.8539
816.0988	0.420255	0.440078	-0.176607	-0.194499	13.5600	14.3800	112.7940	113.8438
815.6772	0.421224	0.440276	-0.176625	-0.194472	13.5890	14.3856	112.7490	113.8312
815.2556	0.421373	0.440478	-0.176592	-0.194439	13.5930	14.3912	112.7380	113.8180
814.8338	0.421807	0.440685	-0.176922	-0.194404	13.6100	14.3969	112.7550	113.8042
814.4120	0.422402	0.440897	-0.176868	-0.194363	13.6270	14.4027	112.7200	113.7895
813.9901	0.422523	0.441109	-0.177300	-0.194322	13.6360	14.4085	112.7640	113.7749
813.5681	0.423124	0.441322	-0.177552	-0.194281	13.6570	14.4144	112.7640	113.7603
813.1460	0.423324	0.441534	-0.177315	-0.194239	13.6600	14.4202	112.7270	113.7456
812.7238	0.423474	0.441747	-0.177438	-0.194198	13.6660	14.4260	112.7340	113.7309
812.3015	0.424829	0.441960	-0.177492	-0.194156	13.7070	14.4318	112.6750	113.7162
811.8792	0.424019	0.442174	-0.177502	-0.194114	13.6830	14.4377	112.7150	113.7015
811.4567	0.424254	0.442387	-0.177582	-0.194073	13.6910	14.4435	112.7130	113.6868
811.0341	0.424545	0.442601	-0.177530	-0.194031	13.6990	14.4494	112.6930	113.6720
810.6115	0.424597	0.442814	-0.178048	-0.193988	13.7070	14.4552	112.7500	113.6573
810.1888	0.424830	0.443028	-0.177893	-0.193946	13.7120	14.4611	112.7210	113.6425
809.7659	0.425538	0.443242	-0.177806	-0.193903	13.7320	14.4669	112.6770	113.6277
809.3430	0.425981	0.443457	-0.177790	-0.193861	13.7450	14.4728	112.6540	113.6129
808.9200	0.426671	0.443671	-0.177501	-0.193818	13.7620	14.4787	112.5880	113.5981
808.4969	0.427220	0.443886	-0.177310	-0.193775	13.7760	14.4846	112.5400	113.5833
808.0737	0.427484	0.444101	-0.177157	-0.193732	13.7820	14.4904	112.5100	113.5685
807.6505	0.427691	0.444316	-0.177304	-0.193689	13.7900	14.4963	112.5170	113.5536
807.2271	0.427622	0.444531	-0.177389	-0.193645	13.7890	14.5022	112.5300	113.5387
806.8036	0.428459	0.444747	-0.177228	-0.193602	13.8120	14.5081	112.4720	113.5238
806.3801	0.429004	0.444962	-0.177287	-0.193558	13.8290	14.5140	112.4530	113.5089
805.9564	0.429689	0.445178	-0.177166	-0.193514	13.8480	14.5200	112.4070	113.4940
805.5327	0.430346	0.445396	-0.177033	-0.193471	13.8660	14.5260	112.3610	113.4792
805.1089	0.431079	0.445614	-0.176711	-0.193429	13.8840	14.5319	112.2900	113.4643
804.6850	0.431706	0.445844	-0.176809	-0.193395	13.9040	14.5384	112.2720	113.4499
804.2610	0.431929	0.446079	-0.176672	-0.193365	13.9090	14.5451	112.2460	113.4356
803.8369	0.432413	0.446313	-0.176632	-0.193334	13.9230	14.5517	112.2190	113.4213
803.4127	0.433014	0.446548	-0.176710	-0.193303	13.9420	14.5584	112.2000	113.4070
802.9884	0.433394	0.446783	-0.176759	-0.193272	13.9540	14.5651	112.1880	113.3926
802.5640	0.433928	0.447019	-0.176756	-0.193241	13.9700	14.5718	112.1630	113.3783
802.1396	0.434059	0.447254	-0.176597	-0.193210	13.9720	14.5784	112.1390	113.3639
801.7150	0.434124	0.447490	-0.176765	-0.193178	13.9760	14.5851	112.1550	113.3495
801.2903	0.434803	0.447725	-0.176732	-0.193147	13.9960	14.5918	112.1200	113.3351
800.8657	0.434899	0.447961	-0.176824	-0.193115	14.0000	14.5985	112.1260	113.3207
800.4408	0.434805	0.448197	-0.176645	-0.193083	13.9950	14.6052	112.1100	113.3063
800.0159	0.435158	0.448434	-0.176841	-0.193051	14.0080	14.6119	112.1160	113.2919
799.5909	0.435630	0.448670	-0.176661	-0.193018	14.0200	14.6186	112.0740	113.2774
799.1658	0.436045	0.448907	-0.176785	-0.192986	14.0340	14.6253	112.0690	113.2630
798.7406	0.436733	0.449144	-0.176727	-0.192953	14.0540	14.6321	112.0310	113.2485
798.3153	0.437406	0.449381	-0.177034	-0.192920	14.0780	14.6388	112.0350	113.2340
797.8899	0.438391	0.449618	-0.177059	-0.192887	14.1080	14.6455	111.9930	113.2194
797.4644	0.438790	0.449856	-0.177140	-0.192854	14.1210	14.6523	111.9840	113.2049
797.0389	0.439573	0.450093	-0.177171	-0.192821	14.1450	14.6590	111.9520	113.1904
796.6132	0.440112	0.450331	-0.177067	-0.192787	14.1600	14.6658	111.9160	113.1758
796.1875	0.440228	0.450569	-0.176944	-0.192754	14.1620	14.6725	111.8970	113.1612
795.7617	0.440701	0.450808	-0.176919	-0.192720	14.1760	14.6793	111.8730	113.1466
795.3357	0.441220	0.451046	-0.176779	-0.192686	14.1900	14.6861	111.8340	113.1320
794.9097	0.441816	0.451283	-0.176696	-0.192651	14.2070	14.6928	111.7980	113.1175
794.4836	0.442384	0.451512	-0.176350	-0.192615	14.2200	14.6992	111.7340	113.1031
794.0574	0.442739	0.451741	-0.176536	-0.192579	14.2330	14.7057	111.7390	113.0887
793.6310	0.443311	0.451969	-0.176594	-0.192542	14.2510	14.7121	111.7200	113.0744
793.2047	0.443830	0.452196	-0.176451	-0.192506	14.2650	14.7185	111.6810	113.0601
792.7782	0.444155	0.452423	-0.176463	-0.192469	14.2750	14.7249	111.6680	113.0457
792.3516	0.444531	0.452651	-0.176514	-0.192431	14.2870	14.7313	111.6570	113.0314
791.9249	0.444628	0.452879	-0.176517	-0.192394	14.2900	14.7378	111.6530	113.0170
791.4982	0.445377	0.453107	-0.176625	-0.192357	14.3140	14.7442	111.6320	113.0026
791.0714	0.445777	0.453335	-0.176613	-0.192319	14.3260	14.7506	111.6130	112.9882
790.6444	0.446056	0.453564	-0.176741	-0.192281	14.3360	14.7571	111.6150	112.9737
790.2173	0.446241	0.453793	-0.176688	-0.192243	14.3410	14.7635	111.6010	112.9593
789.7902	0.446686	0.454022	-0.176729	-0.192205	14.3550	14.7700	111.5860	112.9448
789.3630	0.447086	0.454251	-0.176716	-0.192167	14.3670	14.7764	111.5670	112.9303
788.9357	0.447454	0.454480	-0.176952	-0.192128	14.3810	14.7829	111.5770	112.9159
788.5083	0.447700	0.454709	-0.176995	-0.192089	14.3890	14.7893	111.5710	112.9013
788.0807	0.447771	0.454939	-0.177231	-0.192050	14.3940	14.7958	111.5940	112.8868
787.6532	0.448238	0.455169	-0.177298	-0.192011	14.4090	14.8023	111.5810	112.8723
787.2255	0.448125	0.455399	-0.177335	-0.191972	14.4060	14.8088	111.5900	112.8577
786.7977	0.448352	0.455630	-0.177009	-0.191933	14.4090	14.8153	111.5440	112.8431
786.3699	0.448769	0.455860	-0.177119	-0.191893	14.4230	14.8218	111.5380	112.8286
785.9419	0.449022	0.456091	-0.177228	-0.191854	14.4320	14.8283	111.5390	112.8140
785.5139	0.449268	0.456322	-0.177270	-0.191814	14.4400	14.8348	111.5330	112.7993
785.0857	0.449630	0.456553	-0.177268	-0.191774	14.4510	14.8413	111.5170	112.7847
784.6575	0.450077	0.456792	-0.177136	-0.191737	14.4630	14.8481	111.4830	112.7700
784.2291	0.450080	0.457034	-0.177210	-0.191700	14.4640	14.8550	111.4910	112.7553
783.8007	0.450231	0.457278	-0.177160	-0.191664	14.4680	14.8619	111.4790	112.7406
783.3722	0.450536	0.457524	-0.177135	-0.191629	14.4770	14.8690	111.4630	112.7259
782.9435	0.451037	0.457771	-0.177114	-0.191594	14.4920	14.8760	111.4390	112.7111
782.5148	0.451570	0.458017	-0.177177	-0.191558	14.5090	14.8831	111.4230	112.6963
782.0861	0.451545	0.458264	-0.177322	-0.191522	14.5100	14.8902	111.4400	112.6815
781.6572	0.451549	0.458511	-0.177397	-0.191487	14.5110	14.8972	111.4480	112.6667
781.2282	0.451779	0.458759	-0.177478	-0.191450	14.5190	14.9043	111.4470	112.6519
780.7991	0.451938	0.459006	-0.177659	-0.191414	14.5260	14.9114	111.4600	112.6370
780.3699	0.452212	0.459254	-0.177712	-0.191378	14.5350	14.9185	111.4540	112.6222
779.9407	0.452332	0.459502	-0.177741	-0.191341	14.5390	14.9256	111.4520	112.6073
779.5113	0.452458	0.459750	-0.177836	-0.191304	14.5440	14.9327	111.4570	112.5924
779.0818	0.453038	0.459999	-0.177863	-0.191267	14.5620	14.9398	111.4350	112.5775
778.6523	0.453821	0.460247	-0.177786	-0.191230	14.5850	14.9469	111.3930	112.5626
778.2227	0.454371	0.460496	-0.177801	-0.191193	14.6020	14.9540	111.3710	112.5477
777.7930	0.454633	0.460745	-0.177968	-0.191155	14.6120	14.9611	111.3780	112.5327
777.3632	0.455071	0.460994	-0.178102	-0.191117	14.6270	14.9683	111.3740	112.5177
776.9332	0.455452	0.461243	-0.178132	-0.191079	14.6390	14.9754	111.3610	112.5028
776.5032	0.455873	0.461493	-0.178141	-0.191041	14.6520	14.9825	111.3440	112.4878
776.0731	0.456157	0.461743	-0.178169	-0.191003	14.6610	14.9897	111.3350	112.4728
775.6429	0.456593	0.461993	-0.178055	-0.190964	14.6730	14.9968	111.3040	112.4577
775.2126	0.456807	0.462243	-0.178092	-0.190926	14.6800	15.0040	111.2990	112.4427
774.7822	0.457257	0.462485	-0.178111	-0.190882	14.6940	15.0109	111.2820	112.4274
774.3517	0.457377	0.462720	-0.178388	-0.190832	14.7010	15.0174	111.3070	112.4119
773.9212	0.457918	0.462955	-0.178341	-0.190783	14.7170	15.0240	111.2790	112.3965
773.4905	0.458242	0.463189	-0.178431	-0.190732	14.7280	15.0305	111.2750	112.3809
773.0598	0.458695	0.463423	-0.178607	-0.190681	14.7440	15.0370	111.2750	112.3653
772.6289	0.459223	0.463657	-0.178591	-0.190630	14.7600	15.0436	111.2510	112.3498
772.1980	0.459810	0.463892	-0.178589	-0.190579	14.7780	15.0501	111.2260	112.3342
771.7669	0.460048	0.464126	-0.178478	-0.190528	14.7840	15.0566	111.2040	112.3186
771.3358	0.460256	0.464361	-0.178531	-0.190476	14.7910	15.0632	111.2010	112.3030
770.9046	0.460649	0.464596	-0.178526	-0.190425	14.8030	15.0697	111.1840	112.2873
770.4733	0.461167	0.464831	-0.178616	-0.190373	14.8200	15.0763	111.1720	112.2717
770.0419	0.461434	0.465067	-0.178682	-0.190321	14.8290	15.0829	111.1680	112.2560
769.6104	0.461896	0.465302	-0.178917	-0.190268	14.8460	15.0894	111.1740	112.2403
769.1787	0.462248	0.465538	-0.179099	-0.190216	14.8590	15.0960	111.1790	112.2246
768.7471	0.462179	0.465774	-0.179110	-0.190163	14.8570	15.1026	111.1830	112.2089
768.3152	0.462829	0.466010	-0.179362	-0.190110	14.8800	15.1092	111.1830	112.1932
767.8834	0.463403	0.466247	-0.179305	-0.190057	14.8970	15.1158	111.1530	112.1774
767.4514	0.463924	0.466483	-0.179134	-0.190004	14.9110	15.1224	111.1130	112.1617
767.0193	0.464341	0.466720	-0.179230	-0.189951	14.9250	15.1290	111.1060	112.1459
766.5872	0.464868	0.466957	-0.179210	-0.189897	14.9410	15.1356	111.0820	112.1301
766.1549	0.465386	0.467194	-0.179214	-0.189844	14.9570	15.1422	111.0610	112.1143
765.7225	0.465618	0.467434	-0.179368	-0.189789	14.9660	15.1489	111.0680	112.0983
765.2901	0.466035	0.467675	-0.179548	-0.189734	14.9810	15.1556	111.0700	112.0822
764.8575	0.466417	0.467918	-0.179816	-0.189677	14.9960	15.1624	111.0830	112.0659
764.4249	0.466756	0.468167	-0.179947	-0.189619	15.0080	15.1693	111.0830	112.0491
763.9922	0.467223	0.468415	-0.180080	-0.189560	15.0240	15.1762	111.0780	112.0323
763.5593	0.467831	0.468664	-0.180099	-0.189501	15.0430	15.1831	111.0550	112.0156
763.1264	0.468065	0.468913	-0.180330	-0.189441	15.0530	15.1901	111.0700	111.9988
762.6934	0.468545	0.469162	-0.180177	-0.189382	15.0660	15.1970	111.0340	111.9820
762.2603	0.468764	0.469412	-0.180195	-0.189323	15.0730	15.2039	111.0270	111.9651
761.8271	0.469024	0.469661	-0.180192	-0.189263	15.0810	15.2109	111.0160	111.9483
761.3938	0.469256	0.469911	-0.180177	-0.189203	15.0880	15.2179	111.0050	111.9314
760.9604	0.469738	0.470161	-0.180015	-0.189143	15.1010	15.2248	110.9680	111.9146
760.5269	0.470155	0.470412	-0.180193	-0.189082	15.1160	15.2318	110.9700	111.8977
760.0933	0.470730	0.470662	-0.180291	-0.189022	15.1350	15.2388	110.9570	111.8808
759.6597	0.471288	0.470913	-0.180184	-0.188961	15.1510	15.2457	110.9230	111.8639
759.2259	0.471497	0.471164	-0.180311	-0.188900	15.1590	15.2527	110.9280	111.8470
758.7921	0.471688	0.471415	-0.180488	-0.188839	15.1670	15.2597	110.9390	111.8300
758.3581	0.472145	0.471666	-0.180389	-0.188778	15.1800	15.2667	110.9100	111.8131
757.9240	0.472254	0.471918	-0.180355	-0.188716	15.1830	15.2737	110.9020	111.7961
757.4899	0.472580	0.472169	-0.180432	-0.188655	15.1940	15.2807	110.8970	111.7791
757.0556	0.472798	0.472421	-0.180535	-0.188593	15.2020	15.2878	110.8990	111.7621
756.6213	0.473198	0.472673	-0.180669	-0.188531	15.2160	15.2948	110.8970	111.7451
756.1868	0.473746	0.472926	-0.180584	-0.188468	15.2320	15.3018	110.8660	111.7281
755.7523	0.473777	0.473176	-0.180672	-0.188416	15.2340	15.3089	110.8740	111.7122
755.3177	0.474067	0.473425	-0.180839	-0.188371	15.2450	15.3161	110.8800	111.6971
754.8830	0.474279	0.473675	-0.180958	-0.188326	15.2530	15.3232	110.8840	111.6821
754.4482	0.474342	0.473924	-0.181048	-0.188281	15.2560	15.3304	110.8910	111.6670
754.0132	0.474610	0.474174	-0.181188	-0.188236	15.2660	15.3376	110.8950	111.6519
753.5782	0.474960	0.474424	-0.181199	-0.188190	15.2770	15.3448	110.8820	111.6368
753.1431	0.475263	0.474674	-0.181248	-0.188144	15.2870	15.3520	110.8750	111.6216
752.7079	0.475422	0.474925	-0.181337	-0.188098	15.2930	15.3591	110.8780	111.6065
752.2726	0.475675	0.475175	-0.181433	-0.188052	15.3020	15.3663	110.8780	111.5913
751.8373	0.475771	0.475426	-0.181518	-0.188006	15.3060	15.3735	110.8830	111.5762
751.4018	0.476312	0.475677	-0.181362	-0.187959	15.3210	15.3808	110.8450	111.5610
750.9662	0.476640	0.475928	-0.181430	-0.187912	15.3320	15.3880	110.8390	111.5457
750.5306	0.476799	0.476180	-0.181519	-0.187865	15.3380	15.3952	110.8420	111.5305
750.0948	0.477108	0.476432	-0.181465	-0.187818	15.3470	15.4024	110.8240	111.5153
749.6589	0.477433	0.476684	-0.181541	-0.187771	15.3580	15.4097	110.8190	111.5000
749.2230	0.477583	0.476936	-0.181569	-0.187723	15.3630	15.4169	110.8160	111.4847
748.7869	0.477841	0.477188	-0.181649	-0.187675	15.3720	15.4242	110.8140	111.4694
748.3508	0.478313	0.477441	-0.181675	-0.187627	15.3870	15.4314	110.7980	111.4541
747.9146	0.478599	0.477693	-0.181850	-0.187579	15.3980	15.4387	110.8050	111.4388
747.4782	0.478775	0.477947	-0.182061	-0.187531	15.4060	15.4460	110.8200	111.4234
747.0417	0.479093	0.478200	-0.182153	-0.187482	15.4170	15.4533	110.8170	111.4081
746.6052	0.479334	0.478466	-0.182111	-0.187438	15.4240	15.4610	110.8030	111.3926
746.1686	0.479868	0.478734	-0.182055	-0.187393	15.4400	15.4688	110.7760	111.3771
745.7319	0.480346	0.479002	-0.181977	-0.187349	15.4540	15.4766	110.7490	111.3616
745.2950	0.480829	0.479272	-0.182055	-0.187305	15.4700	15.4844	110.7380	111.3461
744.8582	0.481356	0.479542	-0.182014	-0.187260	15.4860	15.4923	110.7130	111.3306
744.4211	0.481595	0.479812	-0.182143	-0.187216	15.4950	15.5002	110.7170	111.3150
743.9841	0.481922	0.480082	-0.182295	-0.187171	15.5070	15.5080	110.7200	111.2994
743.5468	0.482334	0.480353	-0.182220	-0.187126	15.5190	15.5159	110.6960	111.2838
743.1096	0.482554	0.480623	-0.182313	-0.187080	15.5270	15.5238	110.6970	111.2682
742.6722	0.482758	0.480894	-0.182535	-0.187035	15.5360	15.5317	110.7120	111.2526
742.2347	0.482923	0.481165	-0.182607	-0.186989	15.5420	15.5396	110.7130	111.2370
741.7971	0.483257	0.481437	-0.182482	-0.186943	15.5510	15.5475	110.6870	111.2213
741.3594	0.483454	0.481708	-0.182470	-0.186897	15.5570	15.5554	110.6780	111.2057
740.9216	0.483714	0.481980	-0.182626	-0.186851	15.5670	15.5633	110.6840	111.1900
740.4838	0.483975	0.482252	-0.182696	-0.186804	15.5760	15.5712	110.6810	111.1743
740.0458	0.484089	0.482524	-0.182903	-0.186757	15.5820	15.5792	110.6980	111.1585
739.6077	0.484184	0.482796	-0.183074	-0.186710	15.5870	15.5871	110.7120	111.1428
739.1696	0.484644	0.483069	-0.183122	-0.186663	15.6020	15.5950	110.6990	111.1271
738.7313	0.484886	0.483342	-0.183243	-0.186615	15.6110	15.6030	110.7020	111.1113
738.2930	0.485225	0.483615	-0.183274	-0.186568	15.6220	15.6109	110.6920	111.0955
737.8545	0.485364	0.483882	-0.183413	-0.186516	15.6280	15.6187	110.7010	111.0795
737.4160	0.485720	0.484136	-0.183567	-0.186456	15.6410	15.6259	110.7030	111.0633
736.9773	0.485837	0.484391	-0.183680	-0.186396	15.6460	15.6332	110.7100	111.0470
736.5386	0.486007	0.484646	-0.183821	-0.186336	15.6530	15.6404	110.7180	111.0307
736.0997	0.486230	0.484902	-0.183906	-0.186275	15.6610	15.6477	110.7180	111.0143
735.6608	0.486439	0.485157	-0.184111	-0.186215	15.6700	15.6549	110.7310	110.9980
735.2218	0.486638	0.485413	-0.184176	-0.186154	15.6770	15.6622	110.7300	110.9816
734.7827	0.486631	0.485669	-0.184446	-0.186093	15.6800	15.6695	110.7580	110.9653
734.3434	0.486765	0.485925	-0.184429	-0.186032	15.6840	15.6768	110.7510	110.9489
733.9041	0.487150	0.486181	-0.184506	-0.185970	15.6970	15.6841	110.7440	110.9325
733.4647	0.487240	0.486438	-0.184521	-0.185909	15.7000	15.6914	110.7420	110.9160
733.0252	0.487301	0.486695	-0.184612	-0.185847	15.7030	15.6987	110.7490	110.8996
732.5856	0.487818	0.486952	-0.184594	-0.185785	15.7190	15.7060	110.7270	110.8831
732.1459	0.487942	0.487209	-0.184602	-0.185722	15.7230	15.7133	110.7230	110.8667
731.7061	0.487862	0.487467	-0.184562	-0.185660	15.7200	15.7207	110.7220	110.8502
731.2662	0.487959	0.487724	-0.184725	-0.185597	15.7250	15.7280	110.7350	110.8337
730.8262	0.487974	0.487982	-0.184770	-0.185534	15.7260	15.7354	110.7390	110.8172
730.3861	0.487829	0.488240	-0.184900	-0.185471	15.7230	15.7427	110.7580	110.8006
729.9459	0.487908	0.488500	-0.184861	-0.185409	15.7250	15.7501	110.7510	110.7841
729.5057	0.487942	0.488765	-0.184855	-0.185350	15.7260	15.7577	110.7490	110.7678
729.0653	0.488242	0.489030	-0.184735	-0.185291	15.7340	15.7654	110.7250	110.7514
728.6248	0.488206	0.489308	-0.184663	-0.185241	15.7320	15.7735	110.7190	110.7355
728.1843	0.488185	0.489589	-0.184548	-0.185192	15.7300	15.7818	110.7080	110.7197
727.7436	0.488297	0.489870	-0.184590	-0.185143	15.7340	15.7900	110.7080	110.7038
727.3028	0.488245	0.490151	-0.184726	-0.185094	15.7340	15.7983	110.7240	110.6879
726.8619	0.488486	0.490432	-0.184593	-0.185045	15.7400	15.8066	110.7010	110.6720
726.4210	0.488363	0.490714	-0.184498	-0.184996	15.7350	15.8148	110.6960	110.6561
725.9799	0.488439	0.490996	-0.184381	-0.184946	15.7360	15.8231	110.6810	110.6402
725.5388	0.488609	0.491277	-0.184269	-0.184896	15.7400	15.8314	110.6630	110.6242
725.0975	0.488891	0.491560	-0.184113	-0.184846	15.7470	15.8397	110.6360	110.6082
724.6561	0.488981	0.491842	-0.184127	-0.184795	15.7500	15.8480	110.6340	110.5923
724.2147	0.488879	0.492125	-0.184059	-0.184745	15.7460	15.8563	110.6310	110.5763
723.7732	0.488828	0.492408	-0.183855	-0.184694	15.7420	15.8646	110.6120	110.5602
723.3315	0.488758	0.492691	-0.183790	-0.184643	15.7390	15.8730	110.6080	110.5442
722.8898	0.488907	0.492974	-0.183476	-0.184592	15.7400	15.8813	110.5700	110.5282
722.4479	0.488981	0.493258	-0.183280	-0.184540	15.7400	15.8896	110.5470	110.5121
722.0060	0.489024	0.493541	-0.182994	-0.184488	15.7380	15.8980	110.5160	110.4960
721.5640	0.489390	0.493825	-0.182781	-0.184436	15.7470	15.9063	110.4800	110.4799
721.1218	0.489524	0.494109	-0.182763	-0.184384	15.7510	15.9147	110.4730	110.4638
720.6796	0.489541	0.494383	-0.182633	-0.184325	15.7500	15.9226	110.4590	110.4474
720.2373	0.489629	0.494652	-0.182481	-0.184264	15.7510	15.9304	110.4400	110.4310
719.7949	0.489459	0.494920	-0.182427	-0.184201	15.7450	15.9381	110.4410	110.4145
719.3524	0.489638	0.495186	-0.182114	-0.184137	15.7470	15.9458	110.4020	110.3979
718.9097	0.489662	0.495452	-0.181880	-0.184073	15.7450	15.9535	110.3770	110.3813
718.4670	0.489609	0.495718	-0.181423	-0.184008	15.7380	15.9611	110.3320	110.3647
718.0242	0.489998	0.495985	-0.180974	-0.183943	15.7450	15.9688	110.2710	110.3481
717.5813	0.490105	0.496251	-0.180683	-0.183878	15.7450	15.9765	110.2370	110.3314
717.1383	0.490218	0.496519	-0.180375	-0.183813	15.7450	15.9842	110.2010	110.3148
716.6952	0.490319	0.496786	-0.180014	-0.183748	15.7440	15.9919	110.1600	110.2981
716.2520	0.490464	0.497053	-0.179707	-0.183682	15.7450	15.9996	110.1230	110.2814
715.8087	0.490711	0.497321	-0.179206	-0.183616	15.7470	16.0073	110.0620	110.2647
715.3653	0.490898	0.497589	-0.178779	-0.183550	15.7480	16.0150	110.0110	110.2480
714.9218	0.490836	0.497857	-0.178427	-0.183484	15.7420	16.0227	109.9770	110.2313
714.4782	0.490991	0.498126	-0.177998	-0.183418	15.7420	16.0305	109.9270	110.2145
714.0345	0.491349	0.498394	-0.177623	-0.183351	15.7490	16.0382	109.8750	110.1977
713.5907	0.491501	0.498663	-0.177290	-0.183284	15.7500	16.0460	109.8350	110.1810
713.1469	0.491602	0.498932	-0.176833	-0.183217	15.7480	16.0537	109.7840	110.1642
712.7028	0.491706	0.499213	-0.176192	-0.183160	15.7440	16.0620	109.7140	110.1480
712.2588	0.491940	0.499499	-0.175627	-0.183108	15.7450	16.0705	109.6470	110.1321
711.8146	0.492173	0.499790	-0.175061	-0.183061	15.7460	16.0791	109.5800	110.1165
711.3703	0.492427	0.500087	-0.174523	-0.183019	15.7480	16.0881	109.5150	110.1013
710.9259	0.492783	0.500385	-0.173962	-0.182977	15.7530	16.0971	109.4440	110.0860
710.4814	0.492963	0.500683	-0.173542	-0.182934	15.7540	16.1061	109.3940	110.0707
710.0369	0.493217	0.500981	-0.173089	-0.182891	15.7570	16.1151	109.3380	110.0554
709.5922	0.493407	0.501280	-0.172547	-0.182849	15.7570	16.1241	109.2750	110.0401
709.1474	0.493615	0.501578	-0.172040	-0.182805	15.7580	16.1331	109.2150	110.0248
708.7026	0.493732	0.501877	-0.171433	-0.182762	15.7550	16.1421	109.1480	110.0094
708.2576	0.493858	0.502176	-0.170888	-0.182718	15.7530	16.1511	109.0870	109.9941
707.8125	0.493953	0.502476	-0.170246	-0.182674	15.7490	16.1601	109.0170	109.9787
707.3674	0.494232	0.502775	-0.169802	-0.182630	15.7530	16.1692	108.9610	109.9633
706.9221	0.494508	0.503075	-0.169366	-0.182586	15.7570	16.1782	108.9060	109.9478
706.4767	0.494851	0.503375	-0.168914	-0.182541	15.7630	16.1873	108.8470	109.9324
706.0313	0.495155	0.503675	-0.168391	-0.182496	15.7670	16.1963	108.7820	109.9169
705.5857	0.495470	0.503976	-0.168016	-0.182451	15.7730	16.2054	108.7320	109.9015
705.1401	0.495778	0.504277	-0.167571	-0.182406	15.7780	16.2145	108.6750	109.8860
704.6943	0.496021	0.504576	-0.167132	-0.182357	15.7810	16.2234	108.6210	109.8702
704.2484	0.496203	0.504875	-0.166682	-0.182306	15.7820	16.2324	108.5680	109.8543
703.8025	0.496356	0.505172	-0.166319	-0.182253	15.7830	16.2413	108.5250	109.8381
703.3564	0.496708	0.505469	-0.165830	-0.182197	15.7890	16.2501	108.4620	109.8218
702.9103	0.497067	0.505766	-0.165410	-0.182141	15.7960	16.2590	108.4060	109.8054
702.4641	0.497418	0.506063	-0.164920	-0.182084	15.8020	16.2678	108.3430	109.7890
702.0177	0.497743	0.506361	-0.164507	-0.182028	15.8080	16.2767	108.2890	109.7726
701.5712	0.498039	0.506658	-0.164084	-0.181971	15.8130	16.2855	108.2350	109.7562
701.1247	0.498410	0.506956	-0.163811	-0.181913	15.8220	16.2944	108.1940	109.7397
700.6780	0.498641	0.507254	-0.163395	-0.181856	15.8250	16.3033	108.1430	109.7233
700.2313	0.498930	0.507552	-0.163085	-0.181798	15.8310	16.3122	108.1010	109.7068
699.7844	0.499213	0.507851	-0.162696	-0.181740	15.8360	16.3211	108.0510	109.6903
699.3375	0.499465	0.508149	-0.162498	-0.181682	15.8420	16.3300	108.0220	109.6738
698.8904	0.499864	0.508448	-0.162136	-0.181623	15.8510	16.3389	107.9710	109.6573
698.4433	0.500197	0.508747	-0.161877	-0.181565	15.8590	16.3478	107.9330	109.6408
697.9961	0.500728	0.509047	-0.161489	-0.181506	15.8720	16.3567	107.8750	109.6242
697.5488	0.501064	0.509346	-0.161318	-0.181447	15.8810	16.3657	107.8460	109.6076
697.1013	0.501295	0.509646	-0.161180	-0.181387	15.8870	16.3746	107.8240	109.5910
696.6537	0.501589	0.509943	-0.160946	-0.181332	15.8940	16.3835	107.7900	109.5750
696.2061	0.501964	0.510239	-0.160651	-0.181278	15.9030	16.3924	107.7470	109.5591
695.7584	0.502305	0.510533	-0.160557	-0.181227	15.9130	16.4012	107.7260	109.5436
695.3105	0.502643	0.510826	-0.160375	-0.181178	15.9220	16.4101	107.6960	109.5284
694.8626	0.503106	0.511118	-0.160291	-0.181129	15.9360	16.4189	107.6720	109.5132
694.4146	0.503447	0.511411	-0.160196	-0.181079	15.9460	16.4278	107.6510	109.4979
693.9664	0.503766	0.511704	-0.160075	-0.181030	15.9550	16.4366	107.6280	109.4827
693.5182	0.504349	0.511998	-0.159999	-0.180980	15.9730	16.4455	107.6010	109.4674
693.0699	0.504775	0.512291	-0.160027	-0.180930	15.9870	16.4544	107.5900	109.4521
692.6215	0.505164	0.512585	-0.159976	-0.180880	15.9990	16.4633	107.5720	109.4368
692.1729	0.505551	0.512879	-0.160030	-0.180829	16.0120	16.4722	107.5650	109.4215
691.7243	0.505917	0.513174	-0.160146	-0.180779	16.0250	16.4811	107.5650	109.4061
691.2756	0.506425	0.513468	-0.160307	-0.180728	16.0430	16.4900	107.5650	109.3908
690.8267	0.506712	0.513763	-0.160281	-0.180676	16.0520	16.4989	107.5530	109.3754
690.3778	0.507157	0.514058	-0.160247	-0.180625	16.0660	16.5078	107.5350	109.3600
689.9288	0.507495	0.514353	-0.160354	-0.180573	16.0780	16.5168	107.5350	109.3446
689.4797	0.507977	0.514649	-0.160496	-0.180521	16.0950	16.5257	107.5340	109.3291
689.0304	0.508366	0.514944	-0.160736	-0.180469	16.1100	16.5346	107.5460	109.3137
688.5811	0.508732	0.515241	-0.160754	-0.180418	16.1220	16.5436	107.5360	109.2983
688.1317	0.509103	0.515538	-0.160852	-0.180366	16.1350	16.5526	107.5340	109.2829
687.6821	0.509444	0.515835	-0.160950	-0.180314	16.1470	16.5616	107.5330	109.2675
687.2325	0.509894	0.516132	-0.160896	-0.180263	16.1610	16.5706	107.5130	109.2521
686.7828	0.510265	0.516430	-0.161092	-0.180211	16.1750	16.5797	107.5210	109.2367
686.3329	0.510670	0.516728	-0.161376	-0.180158	16.1910	16.5887	107.5370	109.2212
685.8830	0.511060	0.517026	-0.161706	-0.180106	16.2070	16.5977	107.5580	109.2058
685.4330	0.511496	0.517324	-0.161893	-0.180053	16.2230	16.6068	107.5630	109.1903
684.9828	0.511914	0.517622	-0.162231	-0.180000	16.2400	16.6159	107.5840	109.1748
684.5327	0.512219	0.517921	-0.162436	-0.179946	16.2520	16.6249	107.5950	109.1593
684.0823	0.512486	0.518220	-0.162472	-0.179893	16.2610	16.6340	107.5900	109.1437
683.6319	0.512847	0.518519	-0.162695	-0.179839	16.2750	16.6431	107.6010	109.1282
683.1813	0.513122	0.518819	-0.162802	-0.179785	16.2850	16.6522	107.6030	109.1126
682.7307	0.513667	0.519118	-0.162836	-0.179731	16.3030	16.6613	107.5890	109.0970
682.2800	0.513968	0.519418	-0.163149	-0.179676	16.3160	16.6704	107.6110	109.0814
681.8292	0.514308	0.519720	-0.163148	-0.179622	16.3270	16.6795	107.6000	109.0658
681.3782	0.514746	0.520024	-0.163515	-0.179568	16.3450	16.6888	107.6230	109.0502
680.9272	0.515045	0.520331	-0.163837	-0.179515	16.3580	16.6981	107.6460	109.0345
680.4761	0.515397	0.520650	-0.163989	-0.179465	16.3710	16.7080	107.6500	109.0188
680.0248	0.515656	0.520970	-0.164240	-0.179415	16.3820	16.7178	107.6670	109.0030
679.5735	0.515969	0.521290	-0.164419	-0.179365	16.3940	16.7276	107.6750	108.9873
679.1221	0.516252	0.521610	-0.164688	-0.179315	16.4060	16.7374	107.6930	108.9715
678.6705	0.516573	0.521930	-0.164939	-0.179264	16.4190	16.7473	107.7080	108.9558
678.2189	0.516895	0.522251	-0.165181	-0.179213	16.4320	16.7571	107.7220	108.9400
677.7672	0.517316	0.522571	-0.165405	-0.179162	16.4480	16.7670	107.7310	108.9242
677.3154	0.517646	0.522892	-0.165720	-0.179111	16.4620	16.7768	107.7520	108.9083
676.8634	0.518012	0.523213	-0.165827	-0.179059	16.4750	16.7867	107.7510	108.8925
676.4114	0.518316	0.523535	-0.165934	-0.179007	16.4860	16.7966	107.7520	108.8766
675.9592	0.518573	0.523856	-0.165996	-0.178955	16.4950	16.8065	107.7500	108.8607
675.5070	0.518936	0.524178	-0.166302	-0.178903	16.5100	16.8164	107.7690	108.8448
675.0547	0.519200	0.524500	-0.166627	-0.178850	16.5220	16.8263	107.7930	108.8289
674.6022	0.519491	0.524823	-0.166870	-0.178797	16.5340	16.8362	107.8080	108.8130
674.1497	0.519781	0.525145	-0.167114	-0.178744	16.5460	16.8461	107.8230	108.7970
673.6971	0.520055	0.525472	-0.167312	-0.178698	16.5570	16.8563	107.8340	108.7817
673.2443	0.520381	0.525802	-0.167447	-0.178656	16.5690	16.8665	107.8370	108.7667
672.7915	0.520685	0.526132	-0.167645	-0.178616	16.5810	16.8769	107.8470	108.7517
672.3386	0.520976	0.526464	-0.167980	-0.178576	16.5940	16.8873	107.8710	108.7369
671.8855	0.521238	0.526796	-0.168215	-0.178537	16.6050	16.8977	107.8860	108.7221
671.4324	0.521551	0.527128	-0.168577	-0.178497	16.6190	16.9081	107.9120	108.7072
670.9791	0.521933	0.527461	-0.168912	-0.178457	16.6350	16.9185	107.9330	108.6923
670.5258	0.522298	0.527793	-0.169302	-0.178416	16.6510	16.9289	107.9600	108.6774
670.0723	0.522681	0.528126	-0.169537	-0.178375	16.6660	16.9393	107.9710	108.6625
669.6188	0.523016	0.528459	-0.169827	-0.178334	16.6800	16.9498	107.9890	108.6475
669.1651	0.523258	0.528792	-0.170027	-0.178293	16.6900	16.9602	108.0010	108.6326
668.7114	0.523605	0.529126	-0.170281	-0.178251	16.7040	16.9707	108.0150	108.6176
668.2575	0.523868	0.529459	-0.170508	-0.178210	16.7150	16.9811	108.0290	108.6026
667.8035	0.524202	0.529793	-0.170799	-0.178167	16.7290	16.9916	108.0470	108.5876
667.3495	0.524533	0.530127	-0.171099	-0.178125	16.7430	17.0021	108.0660	108.5726
666.8953	0.524888	0.530462	-0.171418	-0.178083	16.7580	17.0126	108.0860	108.5575
666.4411	0.525242	0.530797	-0.171645	-0.178041	16.7720	17.0231	108.0970	108.5425
665.9868	0.525569	0.531133	-0.171864	-0.177998	16.7850	17.0336	108.1080	108.5275
665.5323	0.525834	0.531469	-0.172174	-0.177957	16.7970	17.0442	108.1300	108.5126
665.0777	0.526186	0.531805	-0.172503	-0.177915	16.8120	17.0548	108.1510	108.4976
664.6230	0.526543	0.532142	-0.172813	-0.177872	16.8270	17.0653	108.1700	108.4826
664.1683	0.526924	0.532478	-0.173142	-0.177829	16.8430	17.0759	108.1900	108.4676
663.7134	0.527265	0.532815	-0.173407	-0.177787	16.8570	17.0865	108.2050	108.4525
663.2584	0.527642	0.533152	-0.173745	-0.177743	16.8730	17.0971	108.2260	108.4375
662.8034	0.527943	0.533490	-0.174038	-0.177700	16.8860	17.1077	108.2450	108.4224
662.3482	0.528311	0.533827	-0.174405	-0.177656	16.9020	17.1183	108.2690	108.4073
661.8929	0.528730	0.534165	-0.174615	-0.177612	16.9180	17.1290	108.2760	108.3922
661.4376	0.529060	0.534503	-0.174909	-0.177568	16.9320	17.1396	108.2940	108.3770
660.9821	0.529372	0.534841	-0.175258	-0.177523	16.9460	17.1502	108.3180	108.3619
660.5265	0.529690	0.535180	-0.175589	-0.177478	16.9600	17.1609	108.3400	108.3467
660.0708	0.530008	0.535518	-0.175827	-0.177433	16.9730	17.1716	108.3530	108.3316
659.6151	0.530435	0.535851	-0.176010	-0.177388	16.9890	17.1820	108.3570	108.3166
659.1592	0.530898	0.536182	-0.176359	-0.177342	17.0080	17.1924	108.3760	108.3016
658.7032	0.531322	0.536508	-0.176737	-0.177297	17.0260	17.2027	108.3990	108.2869
658.2471	0.531690	0.536832	-0.177004	-0.177251	17.0410	17.2129	108.4130	108.2721
657.7909	0.532079	0.537156	-0.177298	-0.177205	17.0570	17.2231	108.4290	108.2574
657.3346	0.532496	0.537481	-0.177602	-0.177158	17.0740	17.2333	108.4450	108.2427
656.8782	0.532902	0.537805	-0.177934	-0.177112	17.0910	17.2435	108.4640	108.2279
656.4218	0.533328	0.538130	-0.178211	-0.177065	17.1080	17.2537	108.4770	108.2131
655.9651	0.533737	0.538455	-0.178534	-0.177018	17.1250	17.2639	108.4950	108.1983
655.5084	0.534101	0.538780	-0.178718	-0.176970	17.1390	17.2741	108.5010	108.1835
655.0516	0.534479	0.539106	-0.179042	-0.176923	17.1550	17.2844	108.5200	108.1687
654.5947	0.534751	0.539431	-0.179320	-0.176875	17.1670	17.2946	108.5380	108.1538
654.1377	0.535102	0.539757	-0.179541	-0.176826	17.1810	17.3049	108.5480	108.1390
653.6806	0.535402	0.540083	-0.179735	-0.176778	17.1930	17.3151	108.5570	108.1241
653.2234	0.535807	0.540410	-0.179976	-0.176729	17.2090	17.3254	108.5670	108.1092
652.7661	0.536115	0.540742	-0.180235	-0.176682	17.2220	17.3359	108.5820	108.0942
652.3087	0.536460	0.541080	-0.180382	-0.176635	17.2350	17.3466	108.5850	108.0792
651.8511	0.536729	0.541422	-0.180577	-0.176589	17.2460	17.3574	108.5950	108.0642
651.3936	0.537120	0.541768	-0.180677	-0.176544	17.2600	17.3684	108.5920	108.0491
650.9358	0.537429	0.542114	-0.181021	-0.176499	17.2740	17.3794	108.6150	108.0340
650.4780	0.537794	0.542461	-0.181197	-0.176453	17.2880	17.3904	108.6200	108.0188
650.0201	0.538217	0.542808	-0.181381	-0.176408	17.3040	17.4014	108.6240	108.0037
649.5620	0.538592	0.543156	-0.181528	-0.176362	17.3180	17.4124	108.6260	107.9885
649.1039	0.538863	0.543503	-0.181714	-0.176315	17.3290	17.4235	108.6350	107.9733
648.6457	0.539210	0.543850	-0.181674	-0.176268	17.3400	17.4345	108.6200	107.9581
648.1873	0.539584	0.544198	-0.181821	-0.176222	17.3540	17.4456	108.6220	107.9429
647.7289	0.539965	0.544546	-0.181949	-0.176174	17.3680	17.4566	108.6220	107.9277
647.2703	0.540299	0.544895	-0.182125	-0.176127	17.3810	17.4677	108.6280	107.9124
646.8117	0.540651	0.545243	-0.182159	-0.176079	17.3930	17.4788	108.6200	107.8972
646.3530	0.540994	0.545592	-0.182306	-0.176031	17.4060	17.4899	108.6230	107.8819
645.8941	0.541302	0.545942	-0.182379	-0.175985	17.4170	17.5010	108.6200	107.8668
645.4351	0.541644	0.546298	-0.182441	-0.175948	17.4290	17.5125	108.6150	107.8524
644.9761	0.541997	0.546653	-0.182560	-0.175911	17.4420	17.5239	108.6150	107.8380
644.5169	0.542286	0.547011	-0.182510	-0.175876	17.4510	17.5354	108.6010	107.8237
644.0577	0.542763	0.547369	-0.182618	-0.175841	17.4680	17.5470	108.5960	107.8095
643.5983	0.543060	0.547726	-0.182633	-0.175805	17.4780	17.5585	108.5880	107.7952
643.1389	0.543371	0.548085	-0.182695	-0.175770	17.4890	17.5701	108.5840	107.7810
642.6793	0.543645	0.548443	-0.182777	-0.175734	17.4990	17.5817	108.5830	107.7667
642.2196	0.543933	0.548801	-0.182726	-0.175698	17.5080	17.5933	108.5690	107.7523
641.7598	0.544373	0.549160	-0.182853	-0.175661	17.5240	17.6048	108.5670	107.7380
641.2999	0.544792	0.549519	-0.182771	-0.175624	17.5370	17.6164	108.5460	107.7237
640.8400	0.545304	0.549878	-0.182774	-0.175587	17.5540	17.6280	108.5300	107.7093
640.3799	0.545637	0.550237	-0.182769	-0.175549	17.5650	17.6396	108.5190	107.6949
639.9197	0.546091	0.550597	-0.182762	-0.175512	17.5800	17.6513	108.5040	107.6805
639.4594	0.546430	0.550957	-0.182737	-0.175474	17.5910	17.6629	108.4910	107.6661
638.9990	0.546703	0.551317	-0.182638	-0.175436	17.5990	17.6746	108.4730	107.6517
638.5385	0.547085	0.551680	-0.182575	-0.175402	17.6110	17.6863	108.4550	107.6376
638.0779	0.547383	0.552043	-0.182493	-0.175367	17.6200	17.6981	108.4380	107.6235
637.6172	0.547754	0.552406	-0.182373	-0.175332	17.6310	17.7099	108.4150	107.6093
637.1564	0.548147	0.552770	-0.182365	-0.175297	17.6440	17.7217	108.4020	107.5951
636.6954	0.548476	0.553133	-0.182369	-0.175262	17.6550	17.7336	108.3920	107.5809
636.2344	0.548983	0.553497	-0.182197	-0.175226	17.6700	17.7454	108.3600	107.5667
635.7733	0.549353	0.553861	-0.182075	-0.175190	17.6810	17.7572	108.3370	107.5525
635.3121	0.549584	0.554226	-0.182013	-0.175153	17.6880	17.7690	108.3240	107.5382
634.8508	0.549991	0.554590	-0.181871	-0.175117	17.7000	17.7809	108.2980	107.5240
634.3893	0.550353	0.554955	-0.181682	-0.175080	17.7100	17.7927	108.2690	107.5097
633.9278	0.550966	0.555319	-0.181639	-0.175042	17.7300	17.8046	108.2460	107.4954
633.4662	0.551584	0.555684	-0.181672	-0.175005	17.7510	17.8165	108.2300	107.4811
633.0044	0.552098	0.556050	-0.181563	-0.174967	17.7670	17.8284	108.2040	107.4667
632.5425	0.552490	0.556426	-0.181553	-0.174910	17.7800	17.8404	108.1910	107.4504
632.0806	0.552810	0.556802	-0.181487	-0.174854	17.7900	17.8525	108.1750	107.4340
631.6186	0.552893	0.557184	-0.181418	-0.174786	17.7920	17.8646	108.1660	107.4164
631.1564	0.553202	0.557568	-0.181477	-0.174717	17.8030	17.8768	108.1620	107.3986
630.6942	0.553446	0.557952	-0.181097	-0.174647	17.8070	17.8890	108.1190	107.3808
630.2318	0.553672	0.558337	-0.180861	-0.174576	17.8120	17.9012	108.0900	107.3630
629.7693	0.553707	0.558721	-0.180573	-0.174506	17.8100	17.9135	108.0620	107.3452
629.3068	0.554208	0.559105	-0.180501	-0.174435	17.8260	17.9257	108.0400	107.3274
628.8441	0.554277	0.559490	-0.180288	-0.174364	17.8260	17.9379	108.0180	107.3095
628.3813	0.554961	0.559875	-0.180200	-0.174293	17.8480	17.9502	107.9890	107.2917
627.9184	0.555547	0.560260	-0.180047	-0.174221	17.8660	17.9624	107.9570	107.2738
627.4554	0.556230	0.560645	-0.180237	-0.174149	17.8910	17.9747	107.9540	107.2560
626.9923	0.556528	0.561030	-0.180054	-0.174077	17.8990	17.9869	107.9280	107.2381
626.5291	0.556690	0.561411	-0.179827	-0.174016	17.9020	17.9992	107.9020	107.2215
626.0658	0.556903	0.561793	-0.179628	-0.173955	17.9070	18.0114	107.8770	107.2048
625.6024	0.557235	0.562161	-0.179520	-0.173934	17.9170	18.0237	107.8570	107.1922
625.1389	0.557515	0.562527	-0.179761	-0.173919	17.9290	18.0359	107.8710	107.1803
624.6753	0.558148	0.562894	-0.179825	-0.173904	17.9510	18.0482	107.8580	107.1683
624.2115	0.558174	0.563261	-0.179834	-0.173888	17.9520	18.0605	107.8580	107.1564
623.7477	0.558304	0.563627	-0.179800	-0.173873	17.9560	18.0727	107.8510	107.1444
623.2838	0.559102	0.563995	-0.180089	-0.173856	17.9860	18.0850	107.8540	107.1324
622.8198	0.559672	0.564362	-0.179885	-0.173840	18.0030	18.0973	107.8180	107.1204
622.3557	0.560076	0.564729	-0.178808	-0.173823	18.0050	18.1096	107.7060	107.1083
621.8914	0.560567	0.565097	-0.177822	-0.173806	18.0110	18.1219	107.6000	107.0963
621.4271	0.560920	0.565464	-0.176707	-0.173789	18.0110	18.1342	107.4860	107.0842
620.9626	0.561194	0.565833	-0.175362	-0.173771	18.0060	18.1465	107.3530	107.0721
620.4980	0.561194	0.566201	-0.174127	-0.173753	17.9930	18.1588	107.2380	107.0600
620.0334	0.561702	0.566569	-0.172963	-0.173735	17.9980	18.1712	107.1150	107.0478
619.5687	0.562573	0.566954	-0.171856	-0.173692	18.0160	18.1838	106.9870	107.0330
619.1038	0.562917	0.567341	-0.170823	-0.173648	18.0170	18.1965	106.8810	107.0179
618.6388	0.563058	0.567729	-0.169772	-0.173600	18.0110	18.2092	106.7790	107.0026
618.1737	0.563527	0.568118	-0.168798	-0.173552	18.0170	18.2220	106.6750	106.9871
617.7086	0.563700	0.568507	-0.167725	-0.173503	18.0120	18.2347	106.5700	106.9717
617.2433	0.563984	0.568896	-0.166771	-0.173454	18.0120	18.2475	106.4730	106.9563
616.7779	0.564353	0.569286	-0.165916	-0.173405	18.0160	18.2602	106.3830	106.9408
616.3124	0.564617	0.569675	-0.165116	-0.173356	18.0170	18.2730	106.3010	106.9253
615.8468	0.564545	0.570065	-0.164357	-0.173306	18.0070	18.2858	106.2320	106.9099
615.3810	0.564926	0.570455	-0.163549	-0.173256	18.0120	18.2986	106.1460	106.8944
614.9153	0.564846	0.570845	-0.162810	-0.173206	18.0020	18.3114	106.0790	106.8789
614.4493	0.564993	0.571235	-0.162094	-0.173155	18.0000	18.3242	106.0080	106.8634
613.9833	0.565080	0.571625	-0.161586	-0.173105	17.9980	18.3370	105.9580	106.8479
613.5172	0.565265	0.572013	-0.161041	-0.173075	17.9990	18.3499	105.9020	106.8344
613.0510	0.565530	0.572401	-0.160626	-0.173045	18.0040	18.3629	105.8560	106.8208
612.5847	0.565805	0.572789	-0.160171	-0.173019	18.0090	18.3759	105.8060	106.8077
612.1182	0.566086	0.573177	-0.159802	-0.172994	18.0150	18.3889	105.7640	106.7947
611.6517	0.566333	0.573565	-0.159445	-0.172968	18.0200	18.4019	105.7240	106.7816
611.1850	0.566574	0.573953	-0.159214	-0.172942	18.0260	18.4150	105.6960	106.7685
610.7183	0.566793	0.574341	-0.158955	-0.172916	18.0310	18.4280	105.6660	106.7554
610.2514	0.567041	0.574730	-0.158801	-0.172889	18.0380	18.4411	105.6450	106.7422
609.7844	0.567257	0.575118	-0.158552	-0.172862	18.0430	18.4541	105.6160	106.7291
609.3173	0.567565	0.575507	-0.158499	-0.172835	18.0530	18.4672	105.6030	106.7159
608.8502	0.567990	0.575896	-0.158447	-0.172807	18.0670	18.4802	105.5870	106.7028
608.3829	0.568269	0.576285	-0.158493	-0.172780	18.0770	18.4933	105.5840	106.6896
607.9155	0.568603	0.576671	-0.158554	-0.172752	18.0890	18.5063	105.5810	106.6765
607.4480	0.569026	0.577046	-0.158714	-0.172723	18.1050	18.5189	105.5850	106.6637
606.9804	0.569384	0.577421	-0.158900	-0.172695	18.1190	18.5315	105.5930	106.6508
606.5127	0.569861	0.577793	-0.159076	-0.172666	18.1370	18.5440	105.5970	106.6381
606.0449	0.570258	0.578164	-0.159326	-0.172637	18.1530	18.5565	105.6100	106.6253
605.5770	0.570628	0.578536	-0.159676	-0.172607	18.1690	18.5690	105.6330	106.6126
605.1089	0.571143	0.578908	-0.160025	-0.172578	18.1900	18.5815	105.6520	106.5998
604.6408	0.571648	0.579281	-0.160306	-0.172548	18.2100	18.5940	105.6650	106.5870
604.1726	0.572265	0.579653	-0.160706	-0.172517	18.2350	18.6065	105.6860	106.5742
603.7042	0.572943	0.580026	-0.161198	-0.172487	18.2630	18.6191	105.7140	106.5613
603.2358	0.573536	0.580398	-0.161678	-0.172456	18.2880	18.6316	105.7430	106.5485
602.7673	0.574100	0.580771	-0.162259	-0.172425	18.3130	18.6442	105.7820	106.5356
602.2986	0.574585	0.581144	-0.162808	-0.172394	18.3350	18.6567	105.8200	106.5228
601.8298	0.575158	0.581528	-0.163350	-0.172361	18.3600	18.6697	105.8550	106.5094
601.3610	0.575738	0.581932	-0.163971	-0.172324	18.3860	18.6832	105.8970	106.4953
600.8920	0.576322	0.582337	-0.164572	-0.172287	18.4120	18.6968	105.9370	106.4810
600.4229	0.576947	0.582745	-0.165230	-0.172249	18.4400	18.7106	105.9810	106.4667
599.9537	0.577560	0.583152	-0.165929	-0.172210	18.4680	18.7243	106.0290	106.4524
599.4844	0.578249	0.583560	-0.166662	-0.172172	18.4990	18.7380	106.0780	106.4380
599.0150	0.578957	0.583968	-0.167523	-0.172133	18.5320	18.7517	106.1380	106.4237
598.5455	0.579616	0.584376	-0.168251	-0.172094	18.5620	18.7654	106.1870	106.4093
598.0759	0.580365	0.584784	-0.168963	-0.172055	18.5950	18.7792	106.2320	106.3949
597.6062	0.580920	0.585192	-0.169840	-0.172015	18.6230	18.7929	106.2970	106.3805
597.1364	0.581615	0.585600	-0.170727	-0.171975	18.6560	18.8067	106.3590	106.3661
596.6664	0.582486	0.586009	-0.171601	-0.171935	18.6950	18.8205	106.4150	106.3516
596.1964	0.583198	0.586419	-0.172519	-0.171893	18.7290	18.8343	106.4790	106.3371
595.7263	0.583931	0.586837	-0.173456	-0.171847	18.7640	18.8483	106.5440	106.3220
595.2560	0.584467	0.587260	-0.174371	-0.171798	18.7920	18.8625	106.6120	106.3064
594.7857	0.584973	0.587683	-0.175189	-0.171748	18.8180	18.8767	106.6720	106.2908
594.3152	0.585476	0.588106	-0.176108	-0.171698	18.8450	18.8910	106.7410	106.2752
593.8447	0.586091	0.588529	-0.176940	-0.171648	18.8750	18.9052	106.7990	106.2596
593.3740	0.586710	0.588953	-0.177753	-0.171597	18.9050	18.9194	106.8550	106.2440
592.9032	0.587595	0.589376	-0.178536	-0.171547	18.9440	18.9336	106.9010	106.2284
592.4323	0.588412	0.589800	-0.179256	-0.171496	18.9800	18.9479	106.9430	106.2128
591.9613	0.589304	0.590223	-0.180292	-0.171445	19.0220	18.9621	107.0110	106.1972
591.4902	0.590214	0.590647	-0.181168	-0.171393	19.0630	18.9764	107.0640	106.1816
591.0190	0.591368	0.591070	-0.182177	-0.171341	19.1140	18.9906	107.1220	106.1660
590.5477	0.592065	0.591483	-0.182890	-0.171309	19.1460	19.0047	107.1660	106.1524
590.0763	0.593232	0.591896	-0.183750	-0.171277	19.1960	19.0188	107.2100	106.1389
589.6048	0.593725	0.592295	-0.184470	-0.171271	19.2210	19.0327	107.2600	106.1280
589.1331	0.594366	0.592692	-0.185261	-0.171269	19.2520	19.0466	107.3120	106.1176
588.6614	0.594861	0.593088	-0.185507	-0.171267	19.2720	19.0604	107.3200	106.1072
588.1896	0.595572	0.593485	-0.185979	-0.171265	19.3020	19.0743	107.3420	106.0968
587.7176	0.596476	0.593882	-0.186467	-0.171262	19.3390	19.0881	107.3600	106.0864
587.2455	0.597451	0.594279	-0.186909	-0.171259	19.3780	19.1020	107.3720	106.0759
586.7734	0.598275	0.594676	-0.187098	-0.171256	19.4090	19.1159	107.3660	106.0655
586.3011	0.599065	0.595073	-0.186760	-0.171253	19.4330	19.1298	107.3150	106.0550
585.8287	0.599477	0.595470	-0.186349	-0.171249	19.4430	19.1437	107.2680	106.0445
585.3563	0.600583	0.595867	-0.185808	-0.171245	19.4760	19.1576	107.1910	106.0340
584.8837	0.601652	0.596258	-0.185196	-0.171250	19.5070	19.1713	107.1090	106.0245
584.4109	0.602046	0.596628	-0.184006	-0.171280	19.5080	19.1846	106.9950	106.0177
583.9382	0.602635	0.596997	-0.183003	-0.171310	19.5180	19.1979	106.8920	106.0110
583.4652	0.603414	0.597360	-0.182768	-0.171348	19.5430	19.2110	106.8510	106.0051
582.9922	0.604115	0.597723	-0.182416	-0.171386	19.5640	19.2242	106.8020	105.9993
582.5191	0.604841	0.598087	-0.182163	-0.171423	19.5870	19.2373	106.7610	105.9933
582.0458	0.605530	0.598451	-0.182129	-0.171461	19.6110	19.2505	106.7400	105.9874
581.5725	0.606421	0.598815	-0.182074	-0.171497	19.6420	19.2637	106.7120	105.9814
581.0991	0.606882	0.599179	-0.181946	-0.171534	19.6570	19.2769	106.6890	105.9755
580.6255	0.606879	0.599543	-0.181865	-0.171570	19.6560	19.2901	106.6820	105.9695
580.1519	0.607349	0.599907	-0.181705	-0.171606	19.6710	19.3033	106.6560	105.9634
579.6780	0.608001	0.600295	-0.181600	-0.171627	19.6930	19.3172	106.6300	105.9554
579.2042	0.608287	0.600693	-0.181489	-0.171639	19.7020	19.3313	106.6130	105.9465
578.7302	0.608884	0.601121	-0.181470	-0.171632	19.7230	19.3463	106.5960	105.9351
578.2561	0.609248	0.601570	-0.181474	-0.171610	19.7360	19.3620	106.5870	105.9219
577.7819	0.609460	0.602019	-0.181422	-0.171588	19.7430	19.3776	106.5770	105.9086
577.3076	0.609830	0.602468	-0.181312	-0.171565	19.7550	19.3933	106.5580	105.8954
576.8332	0.610497	0.602917	-0.181243	-0.171542	19.7780	19.4089	106.5350	105.8822
576.3586	0.610793	0.603366	-0.181285	-0.171519	19.7890	19.4246	106.5310	105.8689
575.8840	0.611395	0.603815	-0.181336	-0.171496	19.8110	19.4402	106.5200	105.8556
575.4093	0.611949	0.604264	-0.181453	-0.171472	19.8320	19.4559	106.5160	105.8424
574.9344	0.612515	0.604713	-0.181435	-0.171449	19.8520	19.4715	106.5000	105.8291
574.4595	0.613020	0.605162	-0.181527	-0.171425	19.8710	19.4872	106.4950	105.8159
573.9844	0.613466	0.605611	-0.181531	-0.171400	19.8870	19.5029	106.4840	105.8025
573.5092	0.613913	0.606068	-0.181535	-0.171352	19.9030	19.5186	106.4730	105.7871
573.0339	0.614356	0.606524	-0.181549	-0.171304	19.9190	19.5343	106.4630	105.7716
572.5586	0.614789	0.606980	-0.181595	-0.171256	19.9350	19.5500	106.4560	105.7561
572.0831	0.615257	0.607436	-0.181617	-0.171208	19.9520	19.5658	106.4460	105.7407
571.6075	0.615863	0.607892	-0.181644	-0.171160	19.9740	19.5815	106.4330	105.7252
571.1318	0.616389	0.608349	-0.181752	-0.171111	19.9940	19.5972	106.4290	105.7098
570.6559	0.616934	0.608805	-0.181890	-0.171062	20.0150	19.6130	106.4270	105.6943
570.1801	0.617485	0.609260	-0.182005	-0.171013	20.0360	19.6287	106.4230	105.6789
569.7040	0.617821	0.609716	-0.182093	-0.170964	20.0490	19.6445	106.4220	105.6635
569.2278	0.618394	0.610172	-0.182226	-0.170915	20.0710	19.6602	106.4190	105.6481
568.7516	0.618871	0.610607	-0.182308	-0.170906	20.0890	19.6757	106.4140	105.6367
568.2753	0.619350	0.611024	-0.182379	-0.170934	20.1070	19.6908	106.4080	105.6290
567.7988	0.619836	0.611433	-0.182428	-0.170976	20.1250	19.7059	106.4000	105.6226
567.3222	0.620225	0.611833	-0.182519	-0.171036	20.1400	19.7207	106.3980	105.6182
566.8455	0.620759	0.612233	-0.182593	-0.171097	20.1600	19.7356	106.3910	105.6137
566.3687	0.621263	0.612633	-0.182671	-0.171157	20.1790	19.7505	106.3850	105.6093
565.8918	0.621760	0.613033	-0.182770	-0.171217	20.1980	19.7654	106.3810	105.6048
565.4149	0.622273	0.613433	-0.182909	-0.171276	20.2180	19.7804	106.3800	105.6002
564.9377	0.622668	0.613833	-0.182978	-0.171336	20.2330	19.7953	106.3760	105.5957
564.4605	0.623089	0.614234	-0.183054	-0.171395	20.2490	19.8102	106.3720	105.5912
563.9832	0.623461	0.614636	-0.183104	-0.171451	20.2630	19.8252	106.3670	105.5863
563.5057	0.623859	0.615094	-0.183162	-0.171441	20.2780	19.8415	106.3620	105.5744
563.0282	0.624263	0.615551	-0.183198	-0.171430	20.2930	19.8578	106.3550	105.5625
562.5505	0.624759	0.616045	-0.183296	-0.171376	20.3120	19.8750	106.3510	105.5459
562.0728	0.625207	0.616540	-0.183368	-0.171320	20.3290	19.8922	106.3460	105.5292
561.5948	0.625652	0.617036	-0.183451	-0.171263	20.3460	19.9094	106.3420	105.5124
561.1169	0.626137	0.617531	-0.183487	-0.171206	20.3640	19.9266	106.3330	105.4956
560.6388	0.626601	0.618025	-0.183504	-0.171149	20.3810	19.9439	106.3230	105.4789
560.1606	0.627051	0.618520	-0.183565	-0.171091	20.3980	19.9611	106.3170	105.4622
559.6823	0.627467	0.619015	-0.183556	-0.171034	20.4130	19.9783	106.3060	105.4455
559.2039	0.627927	0.619509	-0.183583	-0.170976	20.4300	19.9956	106.2970	105.4288
558.7253	0.628326	0.619961	-0.183628	-0.170968	20.4450	20.0118	106.2910	105.4173
558.2467	0.628788	0.620382	-0.183739	-0.170995	20.4630	20.0273	106.2890	105.4097
557.7679	0.629295	0.620769	-0.183792	-0.171064	20.4820	20.0419	106.2810	105.4065
557.2891	0.629741	0.621118	-0.183863	-0.171176	20.4990	20.0556	106.2760	105.4078
556.8102	0.630158	0.621467	-0.183937	-0.171288	20.5150	20.0693	106.2720	105.4092
556.3311	0.630572	0.621816	-0.184022	-0.171399	20.5310	20.0831	106.2690	105.4105
555.8519	0.631001	0.622166	-0.184147	-0.171511	20.5480	20.0968	106.2690	105.4118
555.3726	0.631434	0.622516	-0.184166	-0.171622	20.5640	20.1106	106.2600	105.4131
554.8932	0.631867	0.622865	-0.184184	-0.171733	20.5800	20.1243	106.2510	105.4143
554.4137	0.632278	0.623215	-0.184184	-0.171844	20.5950	20.1381	106.2410	105.4156
553.9341	0.632700	0.623582	-0.184236	-0.171939	20.6110	20.1523	106.2350	105.4150
553.4543	0.633113	0.624051	-0.184320	-0.171936	20.6270	20.1693	106.2320	105.4037
552.9745	0.633470	0.624527	-0.184316	-0.171927	20.6400	20.1865	106.2230	105.3918
552.4946	0.633854	0.625116	-0.184404	-0.171810	20.6550	20.2066	106.2210	105.3680
552.0145	0.634260	0.625704	-0.184510	-0.171693	20.6710	20.2268	106.2200	105.3443
551.5344	0.634704	0.626291	-0.184579	-0.171576	20.6880	20.2470	106.2150	105.3206
551.0541	0.635087	0.626878	-0.184666	-0.171459	20.7030	20.2672	106.2130	105.2970
550.5737	0.635502	0.627464	-0.184739	-0.171342	20.7190	20.2873	106.2090	105.2734
550.0933	0.635927	0.628050	-0.184778	-0.171226	20.7350	20.3075	106.2020	105.2499
549.6127	0.636301	0.628636	-0.184802	-0.171109	20.7490	20.3276	106.1950	105.2265
549.1320	0.636700	0.629220	-0.184834	-0.170992	20.7640	20.3478	106.1880	105.2031
548.6511	0.637096	0.629741	-0.184876	-0.170952	20.7790	20.3664	106.1820	105.1877
548.1702	0.637523	0.630238	-0.184904	-0.170940	20.7950	20.3844	106.1740	105.1753
547.6891	0.637865	0.630697	-0.184943	-0.170973	20.8080	20.4015	106.1690	105.1675
547.2080	0.638247	0.631136	-0.185029	-0.171031	20.8230	20.4181	106.1670	105.1624
546.7267	0.638654	0.631574	-0.185123	-0.171088	20.8390	20.4347	106.1650	105.1572
546.2454	0.639011	0.632012	-0.185203	-0.171146	20.8530	20.4513	106.1630	105.1520
545.7639	0.639396	0.632450	-0.185278	-0.171203	20.8680	20.4679	106.1600	105.1469
545.2823	0.639741	0.632888	-0.185305	-0.171260	20.8810	20.4845	106.1540	105.1417
544.8007	0.640054	0.633325	-0.185347	-0.171317	20.8930	20.5011	106.1500	105.1365
544.3188	0.640455	0.633763	-0.185366	-0.171374	20.9080	20.5177	106.1420	105.1313
543.8369	0.640818	0.634215	-0.185423	-0.171418	20.9220	20.5347	106.1380	105.1247
543.3549	0.641187	0.634698	-0.185457	-0.171436	20.9360	20.5526	106.1320	105.1153
542.8728	0.641439	0.635183	-0.185518	-0.171452	20.9460	20.5705	106.1310	105.1056
542.3905	0.641774	0.635676	-0.185578	-0.171460	20.9590	20.5887	106.1280	105.0951
541.9082	0.642142	0.636169	-0.185612	-0.171468	20.9730	20.6069	106.1220	105.0846
541.4257	0.642511	0.636661	-0.185646	-0.171476	20.9870	20.6251	106.1160	105.0742
540.9431	0.642854	0.637153	-0.185672	-0.171485	21.0000	20.6433	106.1100	105.0637
540.4604	0.643178	0.637645	-0.185765	-0.171493	21.0130	20.6615	106.1100	105.0533
539.9777	0.643565	0.638136	-0.185828	-0.171501	21.0280	20.6797	106.1060	105.0430
539.4948	0.643933	0.638618	-0.185862	-0.171519	21.0420	20.6976	106.1000	105.0336
539.0118	0.644350	0.639099	-0.185909	-0.171536	21.0580	20.7156	106.0940	105.0242
538.5286	0.644702	0.639499	-0.185998	-0.171635	21.0720	20.7313	106.0930	105.0236
538.0454	0.645050	0.639897	-0.186099	-0.171736	21.0860	20.7470	106.0930	105.0231
537.5621	0.645432	0.640294	-0.186172	-0.171837	21.1010	20.7627	106.0900	105.0226
537.0786	0.645803	0.640692	-0.186194	-0.171938	21.1150	20.7784	106.0830	105.0221
536.5950	0.646179	0.641089	-0.186290	-0.172039	21.1300	20.7941	106.0820	105.0216
536.1114	0.646582	0.641486	-0.186382	-0.172140	21.1460	20.8098	106.0800	105.0212
535.6276	0.646973	0.641883	-0.186519	-0.172240	21.1620	20.8255	106.0820	105.0207
535.1437	0.647382	0.642280	-0.186588	-0.172341	21.1780	20.8412	106.0780	105.0202
534.6597	0.647785	0.642687	-0.186680	-0.172450	21.1940	20.8573	106.0760	105.0202
534.1756	0.648216	0.643098	-0.186767	-0.172563	21.2110	20.8737	106.0730	105.0204
533.6913	0.648604	0.643523	-0.186817	-0.172687	21.2260	20.8907	106.0680	105.0212
533.2070	0.649065	0.643955	-0.186889	-0.172818	21.2440	20.9080	106.0630	105.0224
532.7226	0.649585	0.644387	-0.187039	-0.172948	21.2650	20.9254	106.0630	105.0237
532.2380	0.650028	0.644819	-0.187080	-0.173079	21.2820	20.9427	106.0560	105.0249
531.7534	0.650500	0.645251	-0.187204	-0.173209	21.3010	20.9601	106.0550	105.0261
531.2686	0.651015	0.645682	-0.187364	-0.173340	21.3220	20.9774	106.0560	105.0273
530.7837	0.651571	0.646113	-0.187475	-0.173470	21.3440	20.9948	106.0520	105.0285
530.2987	0.652067	0.646544	-0.187606	-0.173600	21.3640	21.0121	106.0510	105.0297
529.8136	0.652598	0.647028	-0.187709	-0.173667	21.3850	21.0308	106.0470	105.0245
529.3284	0.653115	0.647596	-0.187858	-0.173633	21.4060	21.0516	106.0470	105.0091
528.8430	0.653620	0.648168	-0.187953	-0.173594	21.4260	21.0726	106.0430	104.9933
528.3576	0.654266	0.648749	-0.188114	-0.173543	21.4520	21.0938	106.0410	104.9762
527.8720	0.654804	0.649330	-0.188183	-0.173492	21.4730	21.1150	106.0340	104.9592
527.3864	0.655364	0.649911	-0.188269	-0.173441	21.4950	21.1362	106.0280	104.9423
526.9006	0.655984	0.650490	-0.188423	-0.173391	21.5200	21.1574	106.0260	104.9254
526.4147	0.656621	0.651069	-0.188606	-0.173340	21.5460	21.1785	106.0260	104.9086
525.9287	0.657244	0.651642	-0.188747	-0.173297	21.5710	21.1996	106.0230	104.8925
525.4426	0.657911	0.652185	-0.188914	-0.173291	21.5980	21.2199	106.0210	104.8802
524.9564	0.658521	0.652723	-0.189002	-0.173292	21.6220	21.2401	106.0140	104.8685
524.4700	0.659184	0.653214	-0.189180	-0.173354	21.6490	21.2592	106.0130	104.8629
523.9836	0.659901	0.653705	-0.189348	-0.173416	21.6780	21.2782	106.0100	104.8573
523.4971	0.660659	0.654196	-0.189466	-0.173478	21.7080	21.2973	106.0020	104.8518
523.0104	0.661382	0.654685	-0.189611	-0.173540	21.7370	21.3163	105.9970	104.8462
522.5236	0.662112	0.655175	-0.189820	-0.173603	21.7670	21.3354	105.9970	104.8407
522.0367	0.662883	0.655663	-0.189978	-0.173665	21.7980	21.3544	105.9920	104.8352
521.5497	0.663610	0.656152	-0.190099	-0.173727	21.8270	21.3734	105.9850	104.8297
521.0626	0.664256	0.656639	-0.190322	-0.173790	21.8540	21.3925	105.9880	104.8243
520.5754	0.665011	0.657144	-0.190525	-0.173850	21.8850	21.4121	105.9870	104.8184
520.0881	0.665786	0.657652	-0.190747	-0.173911	21.9170	21.4319	105.9870	104.8123
519.6006	0.666587	0.658160	-0.190965	-0.173971	21.9500	21.4517	105.9860	104.8063
519.1131	0.667298	0.658668	-0.191130	-0.174031	21.9790	21.4715	105.9830	104.8003
518.6254	0.668088	0.659176	-0.191382	-0.174092	22.0120	21.4914	105.9850	104.7943
518.1377	0.668794	0.659683	-0.191559	-0.174152	22.0410	21.5112	105.9830	104.7884
517.6498	0.669530	0.660189	-0.191719	-0.174213	22.0710	21.5310	105.9790	104.7825
517.1618	0.670160	0.660695	-0.191887	-0.174274	22.0970	21.5508	105.9780	104.7766
516.6737	0.670850	0.661182	-0.192110	-0.174365	22.1260	21.5701	105.9800	104.7735
516.1855	0.671629	0.661659	-0.192295	-0.174470	22.1580	21.5893	105.9770	104.7718
515.6971	0.672469	0.662124	-0.192446	-0.174593	22.1920	21.6082	105.9700	104.7718
515.2087	0.673171	0.662582	-0.192622	-0.174727	22.2210	21.6270	105.9680	104.7729
514.7202	0.673954	0.663039	-0.192871	-0.174861	22.2540	21.6457	105.9700	104.7740
514.2314	0.674679	0.663496	-0.193142	-0.174995	22.2850	21.6644	105.9750	104.7751
513.7427	0.675392	0.663952	-0.193359	-0.175130	22.3150	21.6832	105.9760	104.7763
513.2538	0.676238	0.664407	-0.193563	-0.175264	22.3500	21.7019	105.9730	104.7774
512.7648	0.676960	0.664887	-0.193744	-0.175375	22.3800	21.7213	105.9710	104.7762
512.2757	0.677657	0.665392	-0.193918	-0.175460	22.4090	21.7414	105.9690	104.7723
511.7864	0.678534	0.665947	-0.194092	-0.175495	22.4450	21.7630	105.9630	104.7633
511.2971	0.679355	0.666568	-0.194186	-0.175465	22.4780	21.7864	105.9520	104.7477
510.8076	0.680149	0.667188	-0.194375	-0.175435	22.5110	21.8098	105.9490	104.7323
510.3181	0.680891	0.667806	-0.194471	-0.175406	22.5410	21.8332	105.9400	104.7169
509.8284	0.681429	0.668423	-0.194560	-0.175377	22.5630	21.8566	105.9350	104.7016
509.3386	0.682051	0.669040	-0.194712	-0.175349	22.5890	21.8799	105.9330	104.6864
508.8488	0.682781	0.669648	-0.194843	-0.175331	22.6190	21.9031	105.9270	104.6722
508.3587	0.683534	0.670239	-0.194981	-0.175334	22.6500	21.9258	105.9210	104.6600
507.8686	0.684232	0.670776	-0.195128	-0.175410	22.6790	21.9472	105.9170	104.6548
507.3784	0.684960	0.671165	-0.195168	-0.175683	22.7080	21.9649	105.9040	104.6685
506.8880	0.685556	0.671553	-0.195221	-0.175956	22.7320	21.9826	105.8950	104.6822
506.3976	0.686262	0.671942	-0.195241	-0.176230	22.7600	22.0003	105.8810	104.6959
505.9070	0.686848	0.672329	-0.195239	-0.176503	22.7830	22.0181	105.8680	104.7096
505.4163	0.687627	0.672717	-0.195357	-0.176776	22.8150	22.0358	105.8600	104.7233
504.9255	0.688338	0.673104	-0.195442	-0.177050	22.8440	22.0535	105.8510	104.7370
504.4346	0.689032	0.673490	-0.195496	-0.177323	22.8720	22.0712	105.8400	104.7507
503.9436	0.689591	0.673896	-0.195577	-0.177573	22.8950	22.0893	105.8340	104.7620
503.4525	0.690114	0.674449	-0.195608	-0.177642	22.9160	22.1114	105.8250	104.7559
502.9612	0.690712	0.675002	-0.195634	-0.177710	22.9400	22.1335	105.8140	104.7498
502.4698	0.691345	0.675553	-0.195631	-0.177780	22.9650	22.1555	105.8000	104.7438
501.9784	0.691980	0.676103	-0.195615	-0.177849	22.9900	22.1776	105.7850	104.7378
501.4868	0.692597	0.676652	-0.195659	-0.177920	23.0150	22.1996	105.7750	104.7319
500.9951	0.693154	0.677200	-0.195738	-0.177990	23.0380	22.2215	105.7690	104.7261
500.5033	0.693811	0.677747	-0.195727	-0.178062	23.0640	22.2435	105.7540	104.7204
500.0114	0.694417	0.678292	-0.195715	-0.178134	23.0880	22.2654	105.7400	104.7148
499.5193	0.695023	0.678766	-0.195702	-0.178317	23.1120	22.2857	105.7260	104.7194
499.0272	0.695598	0.679237	-0.195707	-0.178503	23.1350	22.3059	105.7140	104.7243
498.5349	0.696127	0.679700	-0.195699	-0.178701	23.1560	22.3260	105.7020	104.7303
498.0426	0.696712	0.680161	-0.195666	-0.178900	23.1790	22.3460	105.6870	104.7365
497.5501	0.697303	0.680621	-0.195609	-0.179099	23.2020	22.3660	105.6700	104.7427
497.0575	0.697963	0.681081	-0.195571	-0.179299	23.2280	22.3860	105.6530	104.7489
496.5648	0.698649	0.681539	-0.195619	-0.179500	23.2560	22.4059	105.6420	104.7551
496.0720	0.699252	0.681997	-0.195603	-0.179700	23.2800	22.4259	105.6280	104.7614
495.5790	0.699805	0.682507	-0.195586	-0.179875	23.3020	22.4476	105.6150	104.7646
495.0860	0.700510	0.683025	-0.195467	-0.180045	23.3290	22.4696	105.5910	104.7672
494.5928	0.701052	0.683548	-0.195394	-0.180212	23.3500	22.4918	105.5740	104.7695
494.0995	0.701690	0.684071	-0.195335	-0.180380	23.3750	22.5140	105.5560	104.7719
493.6062	0.702314	0.684592	-0.195231	-0.180548	23.3990	22.5362	105.5350	104.7743
493.1127	0.702930	0.685112	-0.195244	-0.180717	23.4240	22.5584	105.5230	104.7767
492.6190	0.703606	0.685631	-0.195220	-0.180886	23.4510	22.5805	105.5070	104.7792
492.1253	0.704287	0.686149	-0.195171	-0.181055	23.4780	22.6026	105.4890	104.7818
491.6315	0.704876	0.686651	-0.195188	-0.181260	23.5020	22.6245	105.4780	104.7875
491.1375	0.705447	0.687147	-0.195174	-0.181477	23.5250	22.6463	105.4650	104.7942
490.6435	0.706124	0.687643	-0.195135	-0.181695	23.5520	22.6680	105.4480	104.8009
490.1493	0.706730	0.688137	-0.195170	-0.181913	23.5770	22.6898	105.4380	104.8077
489.6550	0.707307	0.688630	-0.195130	-0.182131	23.6000	22.7115	105.4230	104.8146
489.1606	0.707962	0.689121	-0.195165	-0.182350	23.6270	22.7332	105.4120	104.8215
488.6661	0.708587	0.689614	-0.195124	-0.182568	23.6520	22.7549	105.3960	104.8283
488.1714	0.709345	0.690106	-0.195133	-0.182787	23.6830	22.7767	105.3810	104.8351
487.6767	0.709920	0.690617	-0.195091	-0.182993	23.7060	22.7991	105.3660	104.8406
487.1818	0.710644	0.691137	-0.195130	-0.183193	23.7360	22.8218	105.3540	104.8455
486.6869	0.711276	0.691656	-0.195144	-0.183394	23.7620	22.8444	105.3420	104.8504
486.1918	0.711947	0.692173	-0.195194	-0.183596	23.7900	22.8670	105.3320	104.8554
485.6966	0.712510	0.692689	-0.195188	-0.183798	23.8130	22.8896	105.3200	104.8604
485.2013	0.713218	0.693203	-0.195181	-0.184001	23.8420	22.9122	105.3050	104.8656
484.7058	0.713826	0.693736	-0.195187	-0.184191	23.8670	22.9354	105.2930	104.8693
484.2103	0.714396	0.694282	-0.195236	-0.184370	23.8910	22.9590	105.2850	104.8720
483.7146	0.715126	0.694872	-0.195234	-0.184518	23.9210	22.9841	105.2700	104.8712
483.2189	0.715877	0.695494	-0.195238	-0.184641	23.9520	23.0101	105.2550	104.8680
482.7230	0.716546	0.696113	-0.195272	-0.184766	23.9800	23.0362	105.2440	104.8650
482.2270	0.717106	0.696731	-0.195263	-0.184892	24.0030	23.0622	105.2320	104.8620
481.7309	0.717708	0.697347	-0.195185	-0.185018	24.0270	23.0882	105.2140	104.8592
481.2346	0.718195	0.697961	-0.195170	-0.185147	24.0470	23.1141	105.2030	104.8566
480.7383	0.718766	0.698509	-0.195203	-0.185354	24.0710	23.1382	105.1940	104.8613
480.2419	0.719432	0.699000	-0.195236	-0.185632	24.0990	23.1609	105.1830	104.8726
479.7453	0.720046	0.699448	-0.195281	-0.185961	24.1250	23.1823	105.1740	104.8887
479.2486	0.720603	0.699857	-0.195270	-0.186339	24.1480	23.2028	105.1620	104.9093
478.7518	0.721108	0.700264	-0.195272	-0.186718	24.1690	23.2232	105.1520	104.9300
478.2549	0.721669	0.700669	-0.195329	-0.187097	24.1930	23.2435	105.1450	104.9506
477.7579	0.722221	0.701074	-0.195330	-0.187477	24.2160	23.2639	105.1340	104.9714
477.2608	0.722769	0.701477	-0.195343	-0.187857	24.2390	23.2842	105.1240	104.9922
476.7635	0.723296	0.702070	-0.195431	-0.188003	24.2620	23.3096	105.1200	104.9911
476.2662	0.723926	0.702870	-0.195493	-0.187890	24.2890	23.3407	105.1120	104.9663
475.7687	0.724565	0.703688	-0.195516	-0.187755	24.3160	23.3723	105.1010	104.9394
475.2711	0.725155	0.704527	-0.195540	-0.187594	24.3410	23.4044	105.0910	104.9101
474.7734	0.725698	0.705362	-0.195564	-0.187435	24.3640	23.4365	105.0820	104.8812
474.2756	0.726299	0.706195	-0.195631	-0.187279	24.3900	23.4686	105.0750	104.8526
473.7776	0.726771	0.706992	-0.195649	-0.187175	24.4100	23.4998	105.0670	104.8287
473.2796	0.727300	0.707747	-0.195628	-0.187133	24.4320	23.5300	105.0550	104.8105
472.7814	0.727854	0.708375	-0.195600	-0.187283	24.4550	23.5572	105.0420	104.8093
472.2831	0.728317	0.708841	-0.195643	-0.187678	24.4750	23.5804	105.0360	104.8297
471.7848	0.728859	0.709306	-0.195747	-0.188073	24.4990	23.6036	105.0330	104.8503
471.2863	0.729568	0.709769	-0.195842	-0.188469	24.5300	23.6268	105.0260	104.8709
470.7876	0.730067	0.710230	-0.195921	-0.188865	24.5520	23.6499	105.0220	104.8916
470.2889	0.730612	0.710689	-0.196095	-0.189263	24.5770	23.6730	105.0240	104.9123
469.7900	0.731199	0.711193	-0.196198	-0.189601	24.6030	23.6973	105.0200	104.9277
469.2911	0.731735	0.711758	-0.196396	-0.189858	24.6280	23.7232	105.0240	104.9356
468.7920	0.732549	0.712353	-0.196615	-0.190076	24.6650	23.7499	105.0240	104.9401
468.2928	0.733285	0.712988	-0.196854	-0.190240	24.6990	23.7777	105.0270	104.9397
467.7935	0.733911	0.713619	-0.197063	-0.190407	24.7280	23.8055	105.0300	104.9395
467.2941	0.734566	0.714248	-0.197335	-0.190575	24.7590	23.8332	105.0370	104.9395
466.7945	0.735315	0.714866	-0.197687	-0.190758	24.7950	23.8606	105.0480	104.9410
466.2949	0.735965	0.715470	-0.198055	-0.190963	24.8270	23.8877	105.0620	104.9442
465.7951	0.736679	0.715996	-0.198358	-0.191291	24.8610	23.9130	105.0700	104.9582
465.2952	0.737190	0.716414	-0.198716	-0.191794	24.8870	23.9358	105.0860	104.9874
464.7952	0.737899	0.716831	-0.199114	-0.192298	24.9220	23.9585	105.1010	105.0167
464.2951	0.738437	0.717245	-0.199453	-0.192803	24.9490	23.9812	105.1150	105.0460
463.7949	0.739031	0.717657	-0.199752	-0.193309	24.9780	24.0039	105.1250	105.0754
463.2946	0.739452	0.718067	-0.200087	-0.193815	25.0000	24.0265	105.1410	105.1049
462.7941	0.740077	0.718481	-0.200437	-0.194315	25.0310	24.0492	105.1540	105.1337
462.2935	0.740727	0.718902	-0.200696	-0.194805	25.0620	24.0722	105.1600	105.1616
461.7928	0.741243	0.719325	-0.201100	-0.195290	25.0890	24.0952	105.1790	105.1891
461.2921	0.741869	0.719752	-0.201520	-0.195769	25.1210	24.1183	105.1970	105.2161
460.7911	0.742477	0.720176	-0.201921	-0.196249	25.1520	24.1413	105.2140	105.2431
460.2901	0.743158	0.720599	-0.202218	-0.196731	25.1850	24.1643	105.2220	105.2702
459.7889	0.743832	0.721022	-0.202624	-0.197214	25.2190	24.1874	105.2380	105.2974
459.2877	0.744500	0.721448	-0.203044	-0.197698	25.2530	24.2107	105.2550	105.3246
458.7863	0.745203	0.721887	-0.203501	-0.198185	25.2890	24.2345	105.2740	105.3516
458.2848	0.745919	0.722343	-0.203990	-0.198674	25.3260	24.2591	105.2950	105.3784
457.7832	0.746534	0.722797	-0.204425	-0.199164	25.3580	24.2837	105.3140	105.4053
457.2815	0.747187	0.723248	-0.204968	-0.199655	25.3930	24.3082	105.3400	105.4324
456.7796	0.747962	0.723696	-0.205560	-0.200148	25.4340	24.3326	105.3670	105.4595
456.2777	0.748748	0.724141	-0.206268	-0.200643	25.4770	24.3569	105.4020	105.4868
455.7756	0.749385	0.724595	-0.206936	-0.201145	25.5130	24.3818	105.4370	105.5144
455.2734	0.750252	0.725059	-0.207668	-0.201655	25.5600	24.4071	105.4720	105.5424
454.7711	0.750961	0.725523	-0.208387	-0.202169	25.6000	24.4326	105.5090	105.5706
454.2687	0.751813	0.725987	-0.209076	-0.202685	25.6460	24.4581	105.5410	105.5990
453.7662	0.752562	0.726448	-0.209638	-0.203204	25.6860	24.4836	105.5660	105.6275
453.2635	0.753309	0.726906	-0.210200	-0.203724	25.7260	24.5090	105.5910	105.6561
452.7608	0.754055	0.727409	-0.210763	-0.204197	25.7660	24.5357	105.6160	105.6804
452.2579	0.754798	0.727960	-0.211326	-0.204619	25.8060	24.5639	105.6410	105.6999
451.7549	0.755565	0.728556	-0.211882	-0.204994	25.8470	24.5935	105.6650	105.7150
451.2518	0.756305	0.729199	-0.212445	-0.205319	25.8870	24.6245	105.6900	105.7255
450.7485	0.757067	0.729838	-0.213002	-0.205647	25.9280	24.6554	105.7140	105.7363
450.2452	0.757828	0.730473	-0.213558	-0.205978	25.9690	24.6862	105.7380	105.7473
449.7417	0.758608	0.731083	-0.214121	-0.206343	26.0110	24.7164	105.7620	105.7613
449.2382	0.759344	0.731671	-0.214672	-0.206739	26.0510	24.7461	105.7860	105.7780
448.7345	0.760120	0.732175	-0.215235	-0.207263	26.0930	24.7738	105.8100	105.8057
448.2307	0.760873	0.732602	-0.215793	-0.207902	26.1340	24.7997	105.8340	105.8432
447.7267	0.761648	0.733027	-0.216343	-0.208542	26.1760	24.8255	105.8570	105.8808
447.2227	0.762418	0.733448	-0.216907	-0.209184	26.2180	24.8512	105.8810	105.9185
446.7186	0.763190	0.733865	-0.217458	-0.209828	26.2600	24.8768	105.9040	105.9564
446.2143	0.763959	0.734279	-0.218009	-0.210473	26.3020	24.9023	105.9270	105.9944
445.7099	0.764727	0.734795	-0.218560	-0.210985	26.3440	24.9306	105.9500	106.0206
445.2054	0.765493	0.735383	-0.219111	-0.211399	26.3860	24.9609	105.9730	106.0382
444.7008	0.766257	0.735968	-0.219663	-0.211816	26.4280	24.9910	105.9960	106.0561
444.1960	0.767039	0.736547	-0.220220	-0.212236	26.4710	25.0210	106.0190	106.0743
443.6912	0.767802	0.737122	-0.220759	-0.212659	26.5130	25.0509	106.0410	106.0928
443.1862	0.768580	0.737692	-0.221316	-0.213085	26.5560	25.0806	106.0640	106.1116
442.6812	0.769360	0.738228	-0.221861	-0.213603	26.5990	25.1101	106.0860	106.1375
442.1759	0.770138	0.738742	-0.222405	-0.214174	26.6420	25.1394	106.1080	106.1678
441.6706	0.770914	0.739244	-0.222950	-0.214770	26.6850	25.1684	106.1300	106.2000
441.1652	0.771687	0.739738	-0.223495	-0.215381	26.7280	25.1974	106.1520	106.2334
440.6596	0.772463	0.740226	-0.224027	-0.215995	26.7710	25.2262	106.1730	106.2670
440.1540	0.773252	0.740710	-0.224577	-0.216611	26.8150	25.2549	106.1950	106.3009
