# ========================================================
# RESULTADOS DE AJUSTE ELIPSOMÉTRICO (AUTORANGE + TMM)
# ========================================================
# Archivo de origen: Al2O3_nanotubes.6-med1.txt
# Espesores óptimos (nm): [np.float64(2.5149052966864254), np.float64(65.83748673597474)]
# Error mínimo (Chi2 Red / MSE): 4.155165e-04
# Parámetros de dispersión optimizados:
#   Capa 'Al2O3_nanotube': {'model': 'bruggeman_EMA', 'linked_to': 'Al2O3', 'f_air': 0.6464419793083392, 'f_optimized': True}
#   Capa 'Al2O3': {'model': 'cauchy', 'A': 1.5560651281889257, 'B': 0.9148028283820722, 'C': -8.394564645964824}
# ========================================================
# Wavelength_nm	Is_exp	Is_fit	Ic_exp	Ic_fit	Psi_exp_deg	Psi_fit_deg	Delta_exp_deg	Delta_fit_deg
829.9594	0.693641	0.725507	0.036644	0.027477	21.9980	23.2772	86.9760	87.8311
829.5408	0.693931	0.725730	0.037327	0.027676	22.0110	23.2868	86.9210	87.8161
829.1221	0.693548	0.725953	0.037913	0.027875	21.9970	23.2964	86.8710	87.8010
828.7034	0.693631	0.726176	0.038221	0.028075	22.0010	23.3060	86.8460	87.7860
828.2845	0.693054	0.726399	0.038651	0.028275	21.9790	23.3156	86.8080	87.7709
827.8656	0.694129	0.726622	0.039209	0.028475	22.0230	23.3252	86.7670	87.7559
827.4465	0.694823	0.726845	0.039820	0.028675	22.0520	23.3349	86.7200	87.7408
827.0275	0.695030	0.727069	0.040586	0.028875	22.0620	23.3445	86.6580	87.7257
826.6082	0.694863	0.727290	0.040857	0.029051	22.0560	23.3541	86.6350	87.7126
826.1889	0.695288	0.727511	0.041308	0.029225	22.0740	23.3636	86.6000	87.6996
825.7695	0.695676	0.727731	0.041538	0.029390	22.0900	23.3730	86.5830	87.6873
825.3500	0.696043	0.727950	0.041694	0.029547	22.1050	23.3825	86.5720	87.6757
824.9305	0.695644	0.728169	0.041658	0.029704	22.0890	23.3919	86.5730	87.6641
824.5108	0.695320	0.728389	0.042028	0.029861	22.0770	23.4014	86.5410	87.6524
824.0911	0.695307	0.728609	0.042661	0.030018	22.0780	23.4108	86.4890	87.6408
823.6713	0.695279	0.728829	0.043110	0.030176	22.0780	23.4203	86.4520	87.6291
823.2513	0.695446	0.729049	0.043254	0.030334	22.0850	23.4298	86.4410	87.6174
822.8313	0.695796	0.729269	0.043276	0.030492	22.0990	23.4393	86.4410	87.6057
822.4112	0.696278	0.729489	0.043172	0.030651	22.1180	23.4488	86.4520	87.5940
821.9910	0.697181	0.729709	0.042739	0.030809	22.1530	23.4583	86.4920	87.5823
821.5707	0.696773	0.729930	0.042861	0.030968	22.1370	23.4678	86.4800	87.5706
821.1503	0.696619	0.730150	0.042924	0.031127	22.1310	23.4773	86.4740	87.5589
820.7299	0.697157	0.730371	0.043141	0.031287	22.1530	23.4869	86.4590	87.5471
820.3093	0.697516	0.730592	0.042992	0.031446	22.1670	23.4964	86.4730	87.5354
819.8886	0.698579	0.730813	0.043192	0.031606	22.2100	23.5060	86.4620	87.5236
819.4679	0.699081	0.731034	0.043542	0.031766	22.2310	23.5155	86.4360	87.5119
819.0471	0.699728	0.731255	0.043582	0.031926	22.2570	23.5251	86.4360	87.5001
818.6262	0.700113	0.731476	0.043802	0.032087	22.2730	23.5347	86.4200	87.4883
818.2051	0.700383	0.731698	0.044261	0.032248	22.2850	23.5443	86.3840	87.4765
817.7841	0.700671	0.731919	0.044426	0.032408	22.2970	23.5539	86.3720	87.4647
817.3629	0.700506	0.732141	0.044281	0.032570	22.2900	23.5636	86.3830	87.4529
816.9416	0.701218	0.732363	0.044055	0.032731	22.3180	23.5732	86.4050	87.4410
816.5202	0.701284	0.732585	0.044195	0.032893	22.3210	23.5828	86.3940	87.4292
816.0988	0.701568	0.732807	0.044028	0.033055	22.3320	23.5925	86.4090	87.4173
815.6772	0.702201	0.733035	0.044634	0.033233	22.3590	23.6025	86.3630	87.4042
815.2556	0.702299	0.733266	0.044653	0.033416	22.3630	23.6125	86.3620	87.3908
814.8338	0.702829	0.733498	0.044526	0.033603	22.3840	23.6227	86.3750	87.3770
814.4120	0.703135	0.733733	0.044792	0.033795	22.3970	23.6329	86.3550	87.3629
813.9901	0.703238	0.733967	0.044330	0.033988	22.4000	23.6432	86.3930	87.3487
813.5681	0.703867	0.734202	0.044197	0.034181	22.4250	23.6535	86.4070	87.3345
813.1460	0.703868	0.734436	0.044580	0.034374	22.4260	23.6638	86.3760	87.3203
812.7238	0.703872	0.734671	0.044506	0.034567	22.4260	23.6741	86.3820	87.3062
812.3015	0.704868	0.734906	0.045211	0.034761	22.4680	23.6844	86.3300	87.2920
811.8792	0.703938	0.735141	0.044646	0.034954	22.4290	23.6947	86.3710	87.2777
811.4567	0.704229	0.735376	0.044751	0.035149	22.4410	23.7050	86.3640	87.2635
811.0341	0.704609	0.735611	0.044997	0.035343	22.4570	23.7154	86.3460	87.2493
810.6115	0.704634	0.735846	0.044208	0.035537	22.4560	23.7257	86.4100	87.2351
810.1888	0.704615	0.736082	0.044516	0.035732	22.4560	23.7361	86.3850	87.2208
809.7659	0.705204	0.736317	0.044986	0.035927	22.4810	23.7464	86.3500	87.2066
809.3430	0.705632	0.736553	0.045260	0.036122	22.4990	23.7568	86.3300	87.1923
808.9200	0.706161	0.736788	0.046259	0.036318	22.5230	23.7672	86.2520	87.1781
808.4969	0.706665	0.737024	0.046862	0.036513	22.5450	23.7776	86.2060	87.1638
808.0737	0.707104	0.737260	0.047301	0.036709	22.5640	23.7880	86.1730	87.1495
807.6505	0.707281	0.737496	0.047238	0.036905	22.5710	23.7984	86.1790	87.1352
807.2271	0.707303	0.737732	0.047289	0.037101	22.5720	23.8089	86.1750	87.1210
806.8036	0.708016	0.737968	0.048044	0.037298	22.6030	23.8193	86.1180	87.1067
806.3801	0.708730	0.738204	0.048416	0.037495	22.6330	23.8298	86.0920	87.0924
805.9564	0.709359	0.738440	0.048931	0.037692	22.6600	23.8402	86.0540	87.0780
805.5327	0.709869	0.738678	0.049377	0.037888	22.6820	23.8508	86.0210	87.0638
805.1089	0.710696	0.738916	0.050208	0.038085	22.7180	23.8613	85.9590	87.0495
804.6850	0.711292	0.739163	0.050450	0.038277	22.7430	23.8723	85.9430	87.0356
804.2610	0.711418	0.739414	0.050758	0.038468	22.7490	23.8834	85.9190	87.0219
803.8369	0.711910	0.739665	0.051068	0.038659	22.7700	23.8945	85.8970	87.0081
803.4127	0.712719	0.739916	0.051401	0.038850	22.8040	23.9056	85.8750	86.9944
802.9884	0.713177	0.740167	0.051497	0.039042	22.8230	23.9167	85.8700	86.9806
802.5640	0.713585	0.740418	0.051614	0.039233	22.8400	23.9278	85.8630	86.9668
802.1396	0.713616	0.740669	0.051854	0.039425	22.8420	23.9390	85.8440	86.9531
801.7150	0.713805	0.740921	0.051617	0.039618	22.8490	23.9501	85.8640	86.9393
801.2903	0.714549	0.741172	0.052135	0.039810	22.8810	23.9613	85.8270	86.9255
800.8657	0.714828	0.741423	0.051992	0.040003	22.8920	23.9725	85.8400	86.9117
800.4408	0.714740	0.741675	0.052186	0.040196	22.8890	23.9837	85.8240	86.8978
800.0159	0.715231	0.741926	0.052147	0.040389	22.9090	23.9949	85.8300	86.8840
799.5909	0.715588	0.742178	0.052600	0.040582	22.9250	24.0061	85.7960	86.8702
799.1658	0.716021	0.742430	0.052682	0.040776	22.9430	24.0173	85.7920	86.8564
798.7406	0.716593	0.742681	0.053177	0.040970	22.9680	24.0285	85.7560	86.8425
798.3153	0.717338	0.742933	0.053307	0.041164	22.9990	24.0398	85.7500	86.8287
797.8899	0.718210	0.743185	0.053990	0.041358	23.0370	24.0510	85.7010	86.8148
797.4644	0.718499	0.743437	0.054024	0.041553	23.0490	24.0623	85.7000	86.8009
797.0389	0.719044	0.743689	0.054520	0.041747	23.0730	24.0735	85.6640	86.7870
796.6132	0.719423	0.743941	0.054952	0.041942	23.0900	24.0848	85.6320	86.7732
796.1875	0.719499	0.744194	0.055223	0.042138	23.0940	24.0961	85.6110	86.7593
795.7617	0.720098	0.744446	0.055623	0.042333	23.1200	24.1074	85.5830	86.7454
795.3357	0.720737	0.744698	0.056128	0.042529	23.1480	24.1187	85.5470	86.7315
794.9097	0.721396	0.744949	0.056661	0.042724	23.1770	24.1300	85.5090	86.7176
794.4836	0.721915	0.745196	0.057437	0.042919	23.2010	24.1411	85.4510	86.7037
794.0574	0.722284	0.745442	0.057340	0.043115	23.2160	24.1521	85.4610	86.6898
793.6310	0.722815	0.745687	0.057648	0.043310	23.2390	24.1632	85.4400	86.6760
793.2047	0.723301	0.745932	0.058195	0.043505	23.2610	24.1742	85.4000	86.6621
792.7782	0.723643	0.746178	0.058439	0.043701	23.2760	24.1852	85.3830	86.6482
792.3516	0.723975	0.746423	0.058504	0.043897	23.2900	24.1963	85.3800	86.6343
791.9249	0.724014	0.746668	0.058609	0.044093	23.2920	24.2074	85.3720	86.6204
791.4982	0.724829	0.746913	0.058942	0.044289	23.3270	24.2184	85.3510	86.6065
791.0714	0.725170	0.747159	0.059187	0.044486	23.3420	24.2295	85.3340	86.5926
790.6444	0.725445	0.747404	0.059349	0.044683	23.3540	24.2406	85.3230	86.5787
790.2173	0.725763	0.747650	0.059567	0.044880	23.3680	24.2517	85.3080	86.5648
789.7902	0.726330	0.747896	0.059970	0.045077	23.3930	24.2629	85.2800	86.5509
789.3630	0.726738	0.748142	0.060247	0.045274	23.4110	24.2740	85.2610	86.5369
788.9357	0.727216	0.748388	0.060261	0.045472	23.4310	24.2851	85.2630	86.5230
788.5083	0.727509	0.748634	0.060490	0.045670	23.4440	24.2963	85.2470	86.5090
788.0807	0.727623	0.748880	0.060269	0.045868	23.4480	24.3075	85.2650	86.4951
787.6532	0.727961	0.749126	0.060515	0.046066	23.4630	24.3186	85.2480	86.4811
787.2255	0.727988	0.749372	0.060478	0.046265	23.4640	24.3298	85.2510	86.4671
786.7977	0.727943	0.749618	0.061025	0.046464	23.4640	24.3410	85.2080	86.4532
786.3699	0.728192	0.749865	0.061186	0.046663	23.4750	24.3522	85.1970	86.4392
785.9419	0.728457	0.750111	0.061170	0.046862	23.4860	24.3634	85.2000	86.4252
785.5139	0.728753	0.750358	0.061336	0.047062	23.4990	24.3747	85.1890	86.4112
785.0857	0.729035	0.750605	0.061680	0.047261	23.5120	24.3859	85.1640	86.3972
784.6575	0.729534	0.750857	0.062261	0.047461	23.5350	24.3974	85.1220	86.3832
784.2291	0.729561	0.751111	0.062225	0.047660	23.5360	24.4090	85.1250	86.3693
783.8007	0.729614	0.751366	0.062447	0.047860	23.5390	24.4206	85.1080	86.3554
783.3722	0.729887	0.751623	0.062599	0.048059	23.5510	24.4323	85.0980	86.3415
782.9435	0.730474	0.751880	0.062983	0.048259	23.5770	24.4441	85.0720	86.3275
782.5148	0.730853	0.752137	0.063003	0.048459	23.5930	24.4558	85.0730	86.3136
782.0861	0.730856	0.752394	0.062695	0.048659	23.5920	24.4676	85.0970	86.2997
781.6572	0.730777	0.752652	0.062508	0.048860	23.5880	24.4793	85.1110	86.2858
781.2282	0.731029	0.752909	0.062620	0.049060	23.5990	24.4911	85.1040	86.2718
780.7991	0.731364	0.753166	0.062597	0.049261	23.6130	24.5029	85.1080	86.2579
780.3699	0.731734	0.753424	0.062719	0.049463	23.6290	24.5147	85.1010	86.2439
779.9407	0.731948	0.753681	0.062724	0.049664	23.6380	24.5265	85.1020	86.2299
779.5113	0.732115	0.753939	0.062713	0.049866	23.6450	24.5383	85.1040	86.2160
779.0818	0.732822	0.754197	0.063057	0.050067	23.6760	24.5501	85.0820	86.2020
778.6523	0.733463	0.754454	0.063602	0.050269	23.7050	24.5620	85.0440	86.1880
778.2227	0.733997	0.754712	0.063997	0.050472	23.7290	24.5738	85.0170	86.1740
777.7930	0.734325	0.754970	0.064039	0.050674	23.7430	24.5857	85.0160	86.1600
777.3632	0.734842	0.755228	0.064084	0.050877	23.7650	24.5976	85.0160	86.1460
776.9332	0.735342	0.755486	0.064321	0.051080	23.7870	24.6095	85.0010	86.1320
776.5032	0.735771	0.755744	0.064540	0.051283	23.8060	24.6214	84.9870	86.1180
776.0731	0.736046	0.756002	0.064642	0.051486	23.8180	24.6333	84.9810	86.1040
775.6429	0.736387	0.756261	0.065060	0.051690	23.8340	24.6452	84.9510	86.0899
775.2126	0.736827	0.756519	0.065151	0.051894	23.8530	24.6571	84.9470	86.0759
774.7822	0.737310	0.756772	0.065284	0.052100	23.8740	24.6688	84.9400	86.0617
774.3517	0.737618	0.757019	0.065000	0.052309	23.8860	24.6803	84.9640	86.0472
773.9212	0.738046	0.757266	0.065220	0.052518	23.9050	24.6918	84.9500	86.0328
773.4905	0.738311	0.757511	0.065152	0.052727	23.9160	24.7032	84.9570	86.0183
773.0598	0.738748	0.757757	0.065256	0.052937	23.9350	24.7147	84.9520	86.0038
772.6289	0.739246	0.758004	0.065469	0.053147	23.9570	24.7261	84.9390	85.9893
772.1980	0.739845	0.758250	0.065860	0.053358	23.9840	24.7376	84.9130	85.9748
771.7669	0.740110	0.758496	0.066053	0.053568	23.9960	24.7491	84.9000	85.9602
771.3358	0.740384	0.758742	0.066130	0.053779	24.0080	24.7606	84.8960	85.9457
770.9046	0.740704	0.758989	0.066223	0.053990	24.0220	24.7721	84.8910	85.9312
770.4733	0.741162	0.759235	0.066343	0.054201	24.0420	24.7836	84.8850	85.9167
770.0419	0.741539	0.759482	0.066311	0.054412	24.0580	24.7951	84.8900	85.9021
769.6104	0.742077	0.759729	0.066307	0.054624	24.0810	24.8067	84.8940	85.8876
769.1787	0.742437	0.759975	0.066208	0.054835	24.0960	24.8183	84.9040	85.8730
768.7471	0.742520	0.760222	0.066059	0.055047	24.0990	24.8298	84.9160	85.8585
768.3152	0.743172	0.760469	0.066078	0.055259	24.1270	24.8414	84.9190	85.8439
767.8834	0.743726	0.760716	0.066402	0.055472	24.1520	24.8530	84.8980	85.8294
767.4514	0.744195	0.760963	0.066889	0.055684	24.1740	24.8646	84.8640	85.8148
767.0193	0.744603	0.761211	0.067017	0.055897	24.1920	24.8762	84.8570	85.8002
766.5872	0.745134	0.761458	0.067314	0.056110	24.2160	24.8879	84.8380	85.7856
766.1549	0.745571	0.761705	0.067629	0.056323	24.2360	24.8995	84.8170	85.7710
765.7225	0.746055	0.761954	0.067411	0.056538	24.2560	24.9112	84.8370	85.7564
765.2901	0.746566	0.762203	0.067404	0.056753	24.2780	24.9230	84.8410	85.7417
764.8575	0.747085	0.762453	0.067306	0.056970	24.3000	24.9348	84.8520	85.7268
764.4249	0.747447	0.762706	0.067405	0.057190	24.3160	24.9467	84.8470	85.7118
763.9922	0.747907	0.762959	0.067446	0.057410	24.3360	24.9587	84.8470	85.6968
763.5593	0.748553	0.763212	0.067715	0.057630	24.3650	24.9706	84.8310	85.6818
763.1264	0.749028	0.763465	0.067574	0.057851	24.3850	24.9826	84.8450	85.6668
762.6934	0.749391	0.763718	0.067897	0.058071	24.4020	24.9946	84.8230	85.6517
762.2603	0.749731	0.763972	0.067967	0.058292	24.4170	25.0066	84.8200	85.6367
761.8271	0.750053	0.764225	0.067983	0.058513	24.4310	25.0186	84.8210	85.6217
761.3938	0.750500	0.764478	0.068129	0.058734	24.4510	25.0306	84.8130	85.6066
760.9604	0.751020	0.764732	0.068494	0.058956	24.4750	25.0427	84.7890	85.5916
760.5269	0.751544	0.764985	0.068555	0.059177	24.4980	25.0547	84.7880	85.5765
760.0933	0.752121	0.765239	0.068779	0.059399	24.5240	25.0668	84.7750	85.5615
759.6597	0.752662	0.765492	0.069133	0.059621	24.5490	25.0789	84.7520	85.5464
759.2259	0.753019	0.765746	0.068994	0.059844	24.5640	25.0909	84.7650	85.5314
758.7921	0.753352	0.766000	0.068865	0.060066	24.5780	25.1030	84.7770	85.5163
758.3581	0.753871	0.766254	0.069205	0.060289	24.6020	25.1152	84.7550	85.5013
757.9240	0.754074	0.766508	0.069237	0.060511	24.6110	25.1273	84.7540	85.4862
757.4899	0.754543	0.766762	0.069359	0.060734	24.6320	25.1394	84.7480	85.4711
757.0556	0.754909	0.767016	0.069366	0.060958	24.6480	25.1516	84.7500	85.4560
756.6213	0.755476	0.767270	0.069405	0.061181	24.6730	25.1637	84.7510	85.4410
756.1868	0.756014	0.767525	0.069761	0.061405	24.6980	25.1759	84.7280	85.4259
755.7523	0.756186	0.767780	0.069630	0.061620	24.7050	25.1881	84.7390	85.4114
755.3177	0.756594	0.768037	0.069654	0.061829	24.7230	25.2004	84.7400	85.3975
754.8830	0.757022	0.768293	0.069707	0.062038	24.7420	25.2126	84.7390	85.3835
754.4482	0.757286	0.768550	0.069558	0.062247	24.7530	25.2249	84.7520	85.3695
754.0132	0.757661	0.768806	0.069446	0.062457	24.7690	25.2371	84.7630	85.3556
753.5782	0.757992	0.769063	0.069556	0.062667	24.7840	25.2494	84.7570	85.3416
753.1431	0.758365	0.769320	0.069697	0.062877	24.8010	25.2617	84.7490	85.3276
752.7079	0.758647	0.769577	0.069590	0.063087	24.8130	25.2740	84.7590	85.3136
752.2726	0.759024	0.769834	0.069691	0.063297	24.8300	25.2864	84.7540	85.2996
751.8373	0.759234	0.770091	0.069630	0.063508	24.8390	25.2987	84.7600	85.2856
751.4018	0.759748	0.770348	0.070199	0.063718	24.8640	25.3111	84.7210	85.2716
750.9662	0.760151	0.770605	0.070249	0.063929	24.8820	25.3234	84.7200	85.2576
750.5306	0.760508	0.770862	0.070309	0.064140	24.8980	25.3358	84.7180	85.2436
750.0948	0.760866	0.771120	0.070597	0.064352	24.9150	25.3482	84.6990	85.2296
749.6589	0.761246	0.771377	0.070645	0.064563	24.9320	25.3606	84.6980	85.2156
749.2230	0.761471	0.771635	0.070653	0.064775	24.9420	25.3730	84.6990	85.2016
748.7869	0.761737	0.771892	0.070704	0.064987	24.9540	25.3854	84.6970	85.1875
748.3508	0.762172	0.772150	0.070879	0.065199	24.9740	25.3979	84.6870	85.1735
747.9146	0.762500	0.772408	0.070748	0.065411	24.9880	25.4103	84.6990	85.1595
747.4782	0.762811	0.772665	0.070549	0.065624	25.0010	25.4228	84.7160	85.1454
747.0417	0.763139	0.772923	0.070660	0.065836	25.0160	25.4353	84.7100	85.1314
746.6052	0.763433	0.773190	0.070889	0.066049	25.0300	25.4481	84.6950	85.1174
746.1686	0.763869	0.773457	0.071279	0.066261	25.0510	25.4611	84.6690	85.1035
745.7319	0.764417	0.773725	0.071666	0.066474	25.0770	25.4740	84.6440	85.0895
745.2950	0.764851	0.773993	0.071828	0.066687	25.0970	25.4870	84.6350	85.0756
744.8582	0.765249	0.774261	0.072135	0.066900	25.1160	25.5000	84.6150	85.0616
744.4211	0.765477	0.774530	0.072089	0.067113	25.1260	25.5130	84.6200	85.0477
743.9841	0.765727	0.774798	0.072059	0.067327	25.1370	25.5260	84.6240	85.0337
743.5468	0.766124	0.775066	0.072353	0.067540	25.1560	25.5391	84.6050	85.0197
743.1096	0.766388	0.775335	0.072405	0.067754	25.1680	25.5521	84.6030	85.0058
742.6722	0.766674	0.775604	0.072216	0.067968	25.1800	25.5652	84.6190	84.9918
742.2347	0.766902	0.775872	0.072170	0.068183	25.1900	25.5783	84.6240	84.9778
741.7971	0.767159	0.776141	0.072531	0.068397	25.2030	25.5914	84.5990	84.9638
741.3594	0.767411	0.776410	0.072704	0.068612	25.2150	25.6045	84.5880	84.9499
740.9216	0.767641	0.776679	0.072631	0.068826	25.2250	25.6176	84.5950	84.9359
740.4838	0.767930	0.776948	0.072645	0.069041	25.2380	25.6307	84.5960	84.9219
740.0458	0.768084	0.777217	0.072429	0.069257	25.2440	25.6439	84.6130	84.9079
739.6077	0.768234	0.777486	0.072254	0.069472	25.2500	25.6570	84.6270	84.8939
739.1696	0.768534	0.777755	0.072391	0.069687	25.2640	25.6702	84.6190	84.8799
738.7313	0.768799	0.778024	0.072416	0.069903	25.2760	25.6834	84.6190	84.8659
738.2930	0.769026	0.778293	0.072600	0.070119	25.2870	25.6966	84.6070	84.8519
737.8545	0.769222	0.778558	0.072645	0.070337	25.2960	25.7096	84.6050	84.8378
737.4160	0.769574	0.778814	0.072692	0.070558	25.3120	25.7222	84.6040	84.8233
736.9773	0.769799	0.779071	0.072659	0.070780	25.3220	25.7349	84.6080	84.8088
736.5386	0.770016	0.779327	0.072720	0.071001	25.3320	25.7475	84.6050	84.7944
736.0997	0.770349	0.779583	0.072724	0.071223	25.3470	25.7602	84.6070	84.7799
735.6608	0.770543	0.779840	0.072553	0.071445	25.3550	25.7729	84.6210	84.7654
735.2218	0.770726	0.780096	0.072489	0.071667	25.3630	25.7856	84.6270	84.7510
734.7827	0.770799	0.780353	0.072183	0.071890	25.3650	25.7983	84.6500	84.7365
734.3434	0.770968	0.780610	0.072281	0.072112	25.3730	25.8111	84.6440	84.7220
733.9041	0.771282	0.780866	0.072473	0.072335	25.3880	25.8238	84.6320	84.7076
733.4647	0.771375	0.781123	0.072427	0.072558	25.3920	25.8366	84.6360	84.6931
733.0252	0.771522	0.781380	0.072278	0.072781	25.3980	25.8494	84.6480	84.6786
732.5856	0.771914	0.781637	0.072587	0.073004	25.4170	25.8621	84.6280	84.6641
732.1459	0.772132	0.781894	0.072621	0.073227	25.4270	25.8750	84.6270	84.6497
731.7061	0.772117	0.782152	0.072551	0.073451	25.4260	25.8878	84.6320	84.6352
731.2662	0.772266	0.782409	0.072375	0.073674	25.4320	25.9006	84.6460	84.6207
730.8262	0.772445	0.782666	0.072351	0.073898	25.4400	25.9135	84.6490	84.6062
730.3861	0.772497	0.782924	0.072030	0.074122	25.4410	25.9263	84.6730	84.5917
729.9459	0.772754	0.783182	0.072122	0.074346	25.4530	25.9392	84.6680	84.5773
729.5057	0.772887	0.783444	0.072120	0.074568	25.4590	25.9523	84.6690	84.5630
729.0653	0.773168	0.783706	0.072419	0.074790	25.4730	25.9654	84.6490	84.5487
728.6248	0.773222	0.783978	0.072315	0.075008	25.4750	25.9789	84.6570	84.5348
728.1843	0.773301	0.784251	0.072186	0.075225	25.4780	25.9926	84.6670	84.5210
727.7436	0.773489	0.784525	0.072054	0.075443	25.4860	26.0062	84.6780	84.5071
727.3028	0.773575	0.784798	0.071844	0.075660	25.4890	26.0198	84.6940	84.4933
726.8619	0.773845	0.785071	0.072033	0.075878	25.5020	26.0335	84.6820	84.4794
726.4210	0.773918	0.785345	0.071958	0.076096	25.5050	26.0471	84.6880	84.4656
725.9799	0.774154	0.785619	0.072021	0.076314	25.5160	26.0608	84.6850	84.4518
725.5388	0.774394	0.785892	0.072288	0.076532	25.5280	26.0745	84.6670	84.4379
725.0975	0.774699	0.786166	0.072562	0.076750	25.5430	26.0882	84.6490	84.4241
724.6561	0.774935	0.786440	0.072625	0.076969	25.5540	26.1020	84.6460	84.4103
724.2147	0.774972	0.786713	0.072465	0.077188	25.5550	26.1157	84.6580	84.3964
723.7732	0.775109	0.786987	0.072410	0.077406	25.5610	26.1295	84.6630	84.3826
723.3315	0.775295	0.787261	0.072304	0.077625	25.5690	26.1432	84.6720	84.3687
722.8898	0.775489	0.787535	0.072582	0.077844	25.5790	26.1570	84.6530	84.3549
722.4479	0.775706	0.787809	0.072616	0.078064	25.5890	26.1708	84.6520	84.3411
722.0060	0.775847	0.788083	0.072752	0.078283	25.5960	26.1846	84.6430	84.3272
721.5640	0.776230	0.788357	0.073116	0.078503	25.6150	26.1984	84.6190	84.3134
721.1218	0.776476	0.788632	0.073070	0.078722	25.6260	26.2123	84.6240	84.2995
720.6796	0.776719	0.788898	0.073052	0.078945	25.6370	26.2258	84.6270	84.2854
720.2373	0.776948	0.789162	0.073183	0.079169	25.6480	26.2392	84.6190	84.2713
719.7949	0.777031	0.789425	0.073000	0.079393	25.6510	26.2525	84.6330	84.2571
719.3524	0.777279	0.789686	0.073160	0.079618	25.6630	26.2658	84.6230	84.2428
718.9097	0.777470	0.789948	0.073219	0.079842	25.6720	26.2792	84.6200	84.2285
718.4670	0.777640	0.790210	0.073276	0.080068	25.6800	26.2925	84.6170	84.2143
718.0242	0.778121	0.790471	0.073746	0.080293	25.7040	26.3059	84.5860	84.2000
717.5813	0.778447	0.790733	0.073996	0.080518	25.7200	26.3192	84.5700	84.1858
717.1383	0.778771	0.790995	0.074260	0.080744	25.7360	26.3326	84.5530	84.1715
716.6952	0.779040	0.791257	0.074423	0.080969	25.7490	26.3460	84.5430	84.1573
716.2520	0.779327	0.791519	0.074615	0.081195	25.7630	26.3594	84.5310	84.1430
715.8087	0.779655	0.791781	0.075059	0.081421	25.7800	26.3728	84.5010	84.1288
715.3653	0.780016	0.792043	0.075382	0.081647	25.7980	26.3863	84.4800	84.1145
714.9218	0.780252	0.792306	0.075418	0.081873	25.8090	26.3997	84.4790	84.1003
714.4782	0.780587	0.792568	0.075781	0.082099	25.8260	26.4132	84.4550	84.0860
714.0345	0.780982	0.792830	0.076191	0.082325	25.8460	26.4267	84.4280	84.0718
713.5907	0.781303	0.793093	0.076470	0.082552	25.8620	26.4402	84.4100	84.0576
713.1469	0.781576	0.793355	0.076786	0.082779	25.8760	26.4537	84.3890	84.0433
712.7028	0.781885	0.793626	0.077174	0.082999	25.8920	26.4676	84.3630	84.0296
712.2588	0.782303	0.793902	0.077546	0.083217	25.9130	26.4817	84.3390	84.0161
711.8146	0.782674	0.794181	0.077956	0.083433	25.9320	26.4960	84.3120	84.0028
711.3703	0.783087	0.794464	0.078383	0.083646	25.9530	26.5105	84.2840	83.9897
710.9259	0.783521	0.794748	0.079007	0.083858	25.9760	26.5250	84.2420	83.9767
710.4814	0.783842	0.795032	0.079260	0.084071	25.9920	26.5395	84.2260	83.9637
710.0369	0.784223	0.795316	0.079548	0.084284	26.0110	26.5540	84.2080	83.9506
709.5922	0.784598	0.795599	0.079890	0.084497	26.0300	26.5686	84.1860	83.9376
709.1474	0.785024	0.795883	0.080155	0.084710	26.0510	26.5831	84.1700	83.9246
708.7026	0.785360	0.796167	0.080453	0.084923	26.0680	26.5977	84.1510	83.9116
708.2576	0.785736	0.796451	0.080768	0.085136	26.0870	26.6123	84.1310	83.8986
707.8125	0.786110	0.796735	0.081112	0.085350	26.1060	26.6269	84.1090	83.8855
707.3674	0.786536	0.797020	0.081558	0.085563	26.1280	26.6415	84.0800	83.8725
706.9221	0.786943	0.797304	0.081989	0.085777	26.1490	26.6562	84.0520	83.8595
706.4767	0.787391	0.797588	0.082425	0.085991	26.1720	26.6708	84.0240	83.8465
706.0313	0.787802	0.797872	0.082996	0.086205	26.1940	26.6855	83.9860	83.8335
705.5857	0.788232	0.798156	0.083389	0.086419	26.2160	26.7002	83.9610	83.8205
705.1401	0.788677	0.798441	0.083631	0.086633	26.2380	26.7149	83.9470	83.8075
704.6943	0.789096	0.798724	0.083912	0.086849	26.2590	26.7295	83.9300	83.7943
704.2484	0.789421	0.799006	0.084267	0.087067	26.2760	26.7442	83.9070	83.7811
703.8025	0.789795	0.799287	0.084558	0.087286	26.2950	26.7588	83.8890	83.7677
703.3564	0.790226	0.799566	0.085107	0.087507	26.3180	26.7733	83.8530	83.7542
702.9103	0.790703	0.799846	0.085423	0.087728	26.3420	26.7879	83.8340	83.7407
702.4641	0.791181	0.800126	0.085922	0.087950	26.3670	26.8025	83.8020	83.7272
702.0177	0.791594	0.800406	0.086232	0.088171	26.3880	26.8171	83.7830	83.7137
701.5712	0.792001	0.800686	0.086584	0.088393	26.4090	26.8317	83.7610	83.7003
701.1247	0.792420	0.800966	0.086826	0.088614	26.4300	26.8464	83.7470	83.6868
700.6780	0.792892	0.801246	0.087158	0.088836	26.4540	26.8610	83.7270	83.6733
700.2313	0.793323	0.801526	0.087472	0.089058	26.4760	26.8757	83.7080	83.6598
699.7844	0.793717	0.801807	0.087739	0.089280	26.4960	26.8904	83.6920	83.6464
699.3375	0.794061	0.802087	0.087876	0.089502	26.5130	26.9051	83.6850	83.6329
698.8904	0.794496	0.802367	0.088331	0.089724	26.5360	26.9198	83.6560	83.6195
698.4433	0.794981	0.802648	0.088708	0.089946	26.5610	26.9345	83.6330	83.6060
697.9961	0.795506	0.802928	0.089287	0.090168	26.5890	26.9493	83.5960	83.5926
697.5488	0.795950	0.803208	0.089646	0.090390	26.6120	26.9640	83.5740	83.5791
697.1013	0.796281	0.803489	0.089880	0.090613	26.6290	26.9788	83.5600	83.5657
696.6537	0.796694	0.803769	0.090124	0.090831	26.6500	26.9936	83.5460	83.5526
696.2061	0.797136	0.804048	0.090484	0.091048	26.6730	27.0083	83.5240	83.5395
695.7584	0.797552	0.804328	0.090700	0.091262	26.6940	27.0230	83.5120	83.5267
695.3105	0.797938	0.804607	0.090984	0.091474	26.7140	27.0377	83.4950	83.5140
694.8626	0.798440	0.804885	0.091352	0.091686	26.7400	27.0524	83.4730	83.5013
694.4146	0.798870	0.805164	0.091613	0.091898	26.7620	27.0671	83.4580	83.4887
693.9664	0.799306	0.805444	0.091818	0.092110	26.7840	27.0819	83.4470	83.4760
693.5182	0.799869	0.805723	0.092180	0.092322	26.8130	27.0966	83.4260	83.4634
693.0699	0.800349	0.806002	0.092349	0.092534	26.8370	27.1114	83.4180	83.4507
692.6215	0.800786	0.806281	0.092527	0.092747	26.8590	27.1262	83.4090	83.4381
692.1729	0.801206	0.806560	0.092674	0.092959	26.8800	27.1410	83.4020	83.4255
691.7243	0.801617	0.806840	0.092892	0.093171	26.9010	27.1558	83.3900	83.4128
691.2756	0.802126	0.807119	0.093150	0.093384	26.9270	27.1706	83.3760	83.4002
690.8267	0.802510	0.807399	0.093407	0.093596	26.9470	27.1855	83.3610	83.3876
690.3778	0.802988	0.807678	0.093747	0.093809	26.9720	27.2003	83.3410	83.3750
689.9288	0.803395	0.807958	0.093979	0.094022	26.9930	27.2152	83.3280	83.3624
689.4797	0.803858	0.808237	0.094261	0.094234	27.0170	27.2301	83.3120	83.3498
689.0304	0.804271	0.808517	0.094437	0.094447	27.0380	27.2450	83.3030	83.3372
688.5811	0.804701	0.808797	0.094630	0.094659	27.0600	27.2600	83.2930	83.3247
688.1317	0.805067	0.809078	0.094844	0.094871	27.0790	27.2750	83.2810	83.3121
687.6821	0.805461	0.809358	0.094991	0.095083	27.0990	27.2899	83.2740	83.2996
687.2325	0.805949	0.809639	0.095390	0.095295	27.1250	27.3049	83.2500	83.2871
686.7828	0.806338	0.809920	0.095565	0.095507	27.1450	27.3200	83.2410	83.2746
686.3329	0.806750	0.810200	0.095728	0.095719	27.1660	27.3350	83.2330	83.2622
685.8830	0.807187	0.810481	0.095837	0.095931	27.1880	27.3501	83.2290	83.2497
685.4330	0.807714	0.810762	0.096057	0.096143	27.2150	27.3651	83.2180	83.2372
684.9828	0.808150	0.811043	0.096166	0.096356	27.2370	27.3802	83.2140	83.2248
684.5327	0.808509	0.811324	0.096237	0.096568	27.2550	27.3953	83.2120	83.2123
684.0823	0.808910	0.811605	0.096471	0.096780	27.2760	27.4104	83.1990	83.1999
683.6319	0.809305	0.811886	0.096575	0.096992	27.2960	27.4256	83.1950	83.1874
683.1813	0.809660	0.812167	0.096675	0.097205	27.3140	27.4407	83.1910	83.1750
682.7307	0.810140	0.812449	0.097077	0.097417	27.3400	27.4559	83.1670	83.1626
682.2800	0.810556	0.812730	0.097170	0.097629	27.3610	27.4711	83.1640	83.1502
681.8292	0.811042	0.813012	0.097515	0.097842	27.3870	27.4863	83.1440	83.1378
681.3782	0.811486	0.813296	0.097698	0.098054	27.4100	27.5017	83.1350	83.1254
680.9272	0.811794	0.813581	0.097835	0.098266	27.4260	27.5171	83.1280	83.1131
680.4761	0.812208	0.813873	0.098087	0.098477	27.4480	27.5329	83.1140	83.1009
680.0248	0.812557	0.814166	0.098215	0.098689	27.4660	27.5487	83.1080	83.0886
679.5735	0.812985	0.814458	0.098512	0.098900	27.4890	27.5645	83.0910	83.0764
679.1221	0.813344	0.814751	0.098713	0.099111	27.5080	27.5803	83.0800	83.0643
678.6705	0.813729	0.815044	0.098861	0.099323	27.5280	27.5962	83.0730	83.0521
678.2189	0.814128	0.815336	0.099054	0.099534	27.5490	27.6121	83.0630	83.0399
677.7672	0.814492	0.815629	0.099372	0.099746	27.5690	27.6279	83.0440	83.0278
677.3154	0.814877	0.815922	0.099506	0.099957	27.5890	27.6438	83.0380	83.0156
676.8634	0.815275	0.816214	0.099699	0.100168	27.6100	27.6598	83.0280	83.0035
676.4114	0.815635	0.816507	0.099873	0.100380	27.6290	27.6757	83.0190	82.9913
675.9592	0.815939	0.816800	0.100170	0.100591	27.6460	27.6917	83.0010	82.9792
675.5070	0.816296	0.817093	0.100359	0.100802	27.6650	27.7076	82.9910	82.9671
675.0547	0.816624	0.817386	0.100457	0.101014	27.6820	27.7236	82.9870	82.9550
674.6022	0.816959	0.817679	0.100657	0.101225	27.7000	27.7396	82.9760	82.9429
674.1497	0.817331	0.817972	0.100877	0.101436	27.7200	27.7556	82.9640	82.9309
673.6971	0.817654	0.818269	0.101004	0.101642	27.7370	27.7718	82.9580	82.9192
673.2443	0.818010	0.818568	0.101193	0.101845	27.7560	27.7881	82.9480	82.9078
672.7915	0.818359	0.818868	0.101424	0.102048	27.7750	27.8045	82.9350	82.8964
672.3386	0.818696	0.819168	0.101597	0.102249	27.7930	27.8209	82.9260	82.8851
671.8855	0.819003	0.819469	0.101838	0.102450	27.8100	27.8373	82.9120	82.8739
671.4324	0.819314	0.819769	0.102051	0.102651	27.8270	27.8537	82.9000	82.8626
670.9791	0.819684	0.820070	0.102271	0.102852	27.8470	27.8702	82.8880	82.8514
670.5258	0.820049	0.820371	0.102520	0.103053	27.8670	27.8866	82.8740	82.8401
670.0723	0.820355	0.820671	0.102762	0.103254	27.8840	27.9031	82.8600	82.8289
669.6188	0.820695	0.820972	0.102892	0.103455	27.9020	27.9196	82.8540	82.8177
669.1651	0.821006	0.821273	0.103091	0.103656	27.9190	27.9361	82.8430	82.8065
668.7114	0.821324	0.821573	0.103233	0.103857	27.9360	27.9526	82.8360	82.7953
668.2575	0.821647	0.821874	0.103332	0.104057	27.9530	27.9692	82.8320	82.7842
667.8035	0.822012	0.822175	0.103567	0.104258	27.9730	27.9857	82.8190	82.7730
667.3495	0.822304	0.822476	0.103750	0.104459	27.9890	28.0023	82.8090	82.7619
666.8953	0.822624	0.822777	0.103863	0.104659	28.0060	28.0189	82.8040	82.7508
666.4411	0.822933	0.823078	0.104063	0.104859	28.0230	28.0355	82.7930	82.7397
665.9868	0.823263	0.823379	0.104250	0.105059	28.0410	28.0522	82.7830	82.7286
665.5323	0.823573	0.823681	0.104436	0.105258	28.0580	28.0689	82.7730	82.7176
665.0777	0.823869	0.823983	0.104576	0.105458	28.0740	28.0856	82.7660	82.7066
664.6230	0.824176	0.824285	0.104775	0.105657	28.0910	28.1023	82.7550	82.6957
664.1683	0.824507	0.824587	0.104949	0.105856	28.1090	28.1190	82.7460	82.6847
663.7134	0.824850	0.824889	0.105168	0.106055	28.1280	28.1358	82.7340	82.6738
663.2584	0.825117	0.825190	0.105378	0.106254	28.1430	28.1525	82.7220	82.6628
662.8034	0.825373	0.825492	0.105513	0.106453	28.1570	28.1693	82.7150	82.6519
662.3482	0.825650	0.825794	0.105636	0.106651	28.1720	28.1861	82.7090	82.6410
661.8929	0.825965	0.826096	0.105911	0.106850	28.1900	28.2029	82.6930	82.6301
661.4376	0.826269	0.826398	0.106126	0.107048	28.2070	28.2198	82.6810	82.6192
660.9821	0.826528	0.826700	0.106233	0.107247	28.2210	28.2366	82.6760	82.6084
660.5265	0.826809	0.827002	0.106313	0.107445	28.2360	28.2535	82.6730	82.5975
660.0708	0.827069	0.827304	0.106405	0.107644	28.2500	28.2703	82.6690	82.5867
659.6151	0.827377	0.827603	0.106577	0.107840	28.2670	28.2871	82.6600	82.5759
659.1592	0.827708	0.827901	0.106722	0.108037	28.2850	28.3038	82.6530	82.5652
658.7032	0.827944	0.828197	0.106841	0.108232	28.2980	28.3204	82.6470	82.5545
658.2471	0.828152	0.828491	0.107029	0.108427	28.3100	28.3369	82.6360	82.5439
657.7909	0.828377	0.828785	0.107088	0.108621	28.3220	28.3534	82.6340	82.5333
657.3346	0.828655	0.829080	0.107182	0.108816	28.3370	28.3700	82.6300	82.5227
656.8782	0.828935	0.829374	0.107263	0.109010	28.3520	28.3866	82.6270	82.5122
656.4218	0.829189	0.829669	0.107384	0.109204	28.3660	28.4032	82.6210	82.5016
655.9651	0.829429	0.829963	0.107474	0.109398	28.3790	28.4198	82.6170	82.4911
655.5084	0.829660	0.830258	0.107622	0.109592	28.3920	28.4364	82.6090	82.4806
655.0516	0.829892	0.830552	0.107769	0.109786	28.4050	28.4531	82.6010	82.4701
654.5947	0.830108	0.830847	0.107886	0.109980	28.4170	28.4697	82.5950	82.4596
654.1377	0.830365	0.831142	0.107978	0.110173	28.4310	28.4864	82.5910	82.4491
653.6806	0.830560	0.831437	0.108107	0.110366	28.4420	28.5031	82.5840	82.4387
653.2234	0.830812	0.831731	0.108243	0.110560	28.4560	28.5198	82.5770	82.4282
652.7661	0.831051	0.832029	0.108318	0.110752	28.4690	28.5367	82.5740	82.4179
652.3087	0.831284	0.832330	0.108452	0.110945	28.4820	28.5538	82.5670	82.4075
651.8511	0.831510	0.832633	0.108481	0.111137	28.4940	28.5710	82.5670	82.3973
651.3936	0.831746	0.832938	0.108586	0.111330	28.5070	28.5883	82.5620	82.3870
650.9358	0.831998	0.833244	0.108560	0.111522	28.5200	28.6057	82.5660	82.3768
650.4780	0.832301	0.833549	0.108585	0.111713	28.5360	28.6230	82.5670	82.3666
650.0201	0.832615	0.833855	0.108670	0.111905	28.5530	28.6404	82.5640	82.3565
649.5620	0.832912	0.834160	0.108738	0.112096	28.5690	28.6578	82.5620	82.3463
649.1039	0.833154	0.834466	0.108785	0.112288	28.5820	28.6752	82.5610	82.3362
648.6457	0.833392	0.834771	0.109008	0.112479	28.5960	28.6927	82.5480	82.3261
648.1873	0.833673	0.835077	0.109045	0.112670	28.6110	28.7101	82.5480	82.3160
647.7289	0.833900	0.835382	0.109208	0.112860	28.6240	28.7276	82.5390	82.3059
647.2703	0.834177	0.835687	0.109273	0.113051	28.6390	28.7451	82.5370	82.2959
646.8117	0.834412	0.835993	0.109512	0.113241	28.6530	28.7626	82.5230	82.2858
646.3530	0.834671	0.836298	0.109561	0.113431	28.6670	28.7801	82.5220	82.2759
645.8941	0.834923	0.836605	0.109668	0.113619	28.6810	28.7977	82.5170	82.2660
645.4351	0.835169	0.836916	0.109819	0.113801	28.6950	28.8155	82.5090	82.2566
644.9761	0.835480	0.837227	0.109904	0.113982	28.7120	28.8333	82.5060	82.2473
644.5169	0.835725	0.837540	0.110203	0.114162	28.7270	28.8512	82.4880	82.2381
644.0577	0.835994	0.837852	0.110461	0.114341	28.7430	28.8691	82.4730	82.2289
643.5983	0.836216	0.838165	0.110639	0.114520	28.7560	28.8870	82.4630	82.2198
643.1389	0.836502	0.838477	0.110766	0.114698	28.7720	28.9050	82.4570	82.2106
642.6793	0.836686	0.838789	0.110806	0.114877	28.7820	28.9229	82.4560	82.2015
642.2196	0.836937	0.839102	0.111047	0.115055	28.7970	28.9409	82.4420	82.1925
641.7598	0.837230	0.839414	0.111115	0.115233	28.8130	28.9589	82.4400	82.1834
641.2999	0.837536	0.839726	0.111364	0.115411	28.8310	28.9769	82.4260	82.1744
640.8400	0.837905	0.840039	0.111562	0.115588	28.8520	28.9949	82.4160	82.1654
640.3799	0.838146	0.840351	0.111728	0.115765	28.8660	29.0129	82.4070	82.1564
639.9197	0.838461	0.840663	0.111904	0.115942	28.8840	29.0310	82.3980	82.1474
639.4594	0.838709	0.840976	0.112012	0.116119	28.8980	29.0491	82.3930	82.1385
638.9990	0.838944	0.841288	0.112222	0.116295	28.9120	29.0672	82.3810	82.1296
638.5385	0.839186	0.841603	0.112374	0.116468	28.9260	29.0854	82.3730	82.1210
638.0779	0.839428	0.841917	0.112526	0.116641	28.9400	29.1036	82.3650	82.1123
637.6172	0.839662	0.842232	0.112736	0.116814	28.9540	29.1218	82.3530	82.1037
637.1564	0.839983	0.842546	0.112854	0.116986	28.9720	29.1401	82.3480	82.0951
636.6954	0.840230	0.842861	0.112961	0.117158	28.9860	29.1584	82.3430	82.0865
636.2344	0.840541	0.843175	0.113287	0.117330	29.0050	29.1767	82.3240	82.0780
635.7733	0.840810	0.843490	0.113503	0.117502	29.0210	29.1950	82.3120	82.0695
635.3121	0.840975	0.843804	0.113659	0.117673	29.0310	29.2133	82.3030	82.0610
634.8508	0.841222	0.844119	0.113902	0.117844	29.0460	29.2316	82.2890	82.0525
634.3893	0.841506	0.844433	0.114135	0.118014	29.0630	29.2500	82.2760	82.0441
633.9278	0.841900	0.844747	0.114383	0.118185	29.0860	29.2684	82.2630	82.0357
633.4662	0.842371	0.845062	0.114612	0.118355	29.1130	29.2867	82.2520	82.0273
633.0044	0.842698	0.845376	0.114791	0.118524	29.1320	29.3052	82.2430	82.0190
632.5425	0.843002	0.845692	0.114877	0.118709	29.1490	29.3238	82.2400	82.0096
632.0806	0.843296	0.846008	0.115022	0.118894	29.1660	29.3424	82.2330	82.0003
631.6186	0.843456	0.846325	0.115074	0.119087	29.1750	29.3612	82.2310	81.9905
631.1564	0.843746	0.846642	0.115114	0.119282	29.1910	29.3800	82.2310	81.9805
630.6942	0.843923	0.846958	0.115438	0.119476	29.2030	29.3989	82.2110	81.9706
630.2318	0.844028	0.847275	0.115752	0.119669	29.2110	29.4177	82.1910	81.9607
629.7693	0.843967	0.847592	0.115924	0.119863	29.2090	29.4366	82.1790	81.9508
629.3068	0.844261	0.847908	0.116205	0.120056	29.2270	29.4555	82.1630	81.9410
628.8441	0.844347	0.848225	0.116382	0.120248	29.2330	29.4744	82.1520	81.9313
628.3813	0.844830	0.848542	0.116614	0.120440	29.2610	29.4933	82.1410	81.9215
627.9184	0.845173	0.848858	0.116796	0.120632	29.2810	29.5122	82.1320	81.9118
627.4554	0.845670	0.849175	0.116790	0.120823	29.3080	29.5312	82.1370	81.9021
626.9923	0.845869	0.849492	0.117073	0.121014	29.3210	29.5502	82.1200	81.8925
626.5291	0.846013	0.849809	0.117228	0.121194	29.3300	29.5691	82.1110	81.8836
626.0658	0.846096	0.850125	0.117285	0.121375	29.3350	29.5880	82.1080	81.8746
625.6024	0.846356	0.850444	0.117396	0.121522	29.3500	29.6068	82.1030	81.8679
625.1389	0.846706	0.850762	0.116978	0.121663	29.3660	29.6256	82.1340	81.8616
624.6753	0.847406	0.851081	0.116939	0.121804	29.4040	29.6444	82.1430	81.8553
624.2115	0.847526	0.851399	0.116730	0.121944	29.4090	29.6632	82.1580	81.8491
623.7477	0.847656	0.851718	0.116582	0.122084	29.4150	29.6821	82.1690	81.8429
623.2838	0.848074	0.852036	0.116323	0.122224	29.4360	29.7009	82.1900	81.8367
622.8198	0.848253	0.852355	0.116483	0.122363	29.4470	29.7198	82.1810	81.8305
622.3557	0.847814	0.852673	0.117810	0.122502	29.4330	29.7386	82.0890	81.8244
621.8914	0.847609	0.852991	0.119018	0.122640	29.4310	29.7575	82.0070	81.8183
621.4271	0.847288	0.853310	0.120391	0.122778	29.4240	29.7765	81.9130	81.8122
620.9626	0.846979	0.853628	0.122036	0.122915	29.4200	29.7954	81.8010	81.8062
620.4980	0.846751	0.853946	0.123482	0.123052	29.4190	29.8143	81.7030	81.8002
620.0334	0.846805	0.854265	0.124985	0.123188	29.4340	29.8333	81.6040	81.7943
619.5687	0.847216	0.854586	0.126753	0.123345	29.4710	29.8526	81.4910	81.7870
619.1038	0.847292	0.854908	0.128065	0.123503	29.4860	29.8720	81.4050	81.7797
618.6388	0.847163	0.855230	0.129271	0.123663	29.4890	29.8914	81.3240	81.7723
618.1737	0.847288	0.855552	0.130592	0.123822	29.5070	29.9109	81.2380	81.7649
617.7086	0.847315	0.855873	0.131944	0.123981	29.5200	29.9303	81.1490	81.7575
617.2433	0.847391	0.856195	0.133198	0.124139	29.5350	29.9498	81.0670	81.7502
616.7779	0.847527	0.856517	0.134296	0.124297	29.5520	29.9693	80.9960	81.7429
616.3124	0.847644	0.856839	0.135270	0.124454	29.5670	29.9888	80.9330	81.7357
615.8468	0.847518	0.857160	0.136054	0.124611	29.5670	30.0083	80.8800	81.7285
615.3810	0.847732	0.857482	0.137090	0.124767	29.5880	30.0279	80.8140	81.7213
614.9153	0.847741	0.857803	0.137927	0.124922	29.5960	30.0474	80.7590	81.7142
614.4493	0.847810	0.858125	0.138728	0.125077	29.6070	30.0670	80.7070	81.7072
613.9833	0.847969	0.858446	0.139301	0.125231	29.6210	30.0866	80.6710	81.7002
613.5172	0.848141	0.858771	0.140013	0.125368	29.6370	30.1062	80.6260	81.6943
613.0510	0.848422	0.859095	0.140608	0.125504	29.6580	30.1259	80.5900	81.6885
612.5847	0.848730	0.859420	0.141146	0.125637	29.6800	30.1456	80.5580	81.6830
612.1182	0.849074	0.859745	0.141675	0.125768	29.7040	30.1653	80.5270	81.6775
611.6517	0.849390	0.860070	0.142154	0.125899	29.7260	30.1850	80.4990	81.6721
611.1850	0.849723	0.860395	0.142530	0.126029	29.7480	30.2047	80.4780	81.6667
610.7183	0.850090	0.860719	0.142912	0.126158	29.7720	30.2244	80.4570	81.6614
610.2514	0.850466	0.861044	0.143235	0.126287	29.7960	30.2442	80.4400	81.6561
609.7844	0.850848	0.861369	0.143620	0.126415	29.8210	30.2640	80.4190	81.6508
609.3173	0.851322	0.861693	0.143776	0.126543	29.8490	30.2838	80.4140	81.6456
608.8502	0.851880	0.862018	0.143962	0.126670	29.8820	30.3036	80.4080	81.6405
608.3829	0.852382	0.862342	0.143940	0.126796	29.9100	30.3234	80.4150	81.6354
607.9155	0.852943	0.862665	0.143989	0.126921	29.9420	30.3431	80.4180	81.6303
607.4480	0.853552	0.862983	0.143954	0.127044	29.9760	30.3626	80.4270	81.6254
606.9804	0.854168	0.863301	0.143874	0.127166	30.0100	30.3821	80.4390	81.6205
606.5127	0.854797	0.863617	0.143811	0.127288	30.0450	30.4015	80.4500	81.6156
606.0449	0.855413	0.863933	0.143607	0.127408	30.0780	30.4209	80.4700	81.6108
605.5770	0.856038	0.864249	0.143236	0.127528	30.1100	30.4403	80.5010	81.6061
605.1089	0.856738	0.864565	0.142938	0.127647	30.1470	30.4597	80.5280	81.6013
604.6408	0.857423	0.864881	0.142714	0.127766	30.1840	30.4792	80.5500	81.5967
604.1726	0.858255	0.865197	0.142437	0.127883	30.2290	30.4987	80.5770	81.5921
603.7042	0.859057	0.865513	0.142016	0.128000	30.2710	30.5182	80.6130	81.5875
603.2358	0.859852	0.865829	0.141515	0.128117	30.3120	30.5377	80.6540	81.5830
602.7673	0.860635	0.866145	0.140965	0.128232	30.3520	30.5572	80.6980	81.5786
602.2986	0.861350	0.866461	0.140403	0.128347	30.3880	30.5767	80.7420	81.5742
601.8298	0.862132	0.866781	0.139836	0.128464	30.4280	30.5966	80.7870	81.5697
601.3610	0.862919	0.867110	0.139221	0.128585	30.4680	30.6170	80.8350	81.5650
600.8920	0.863707	0.867439	0.138591	0.128705	30.5080	30.6374	80.8840	81.5604
600.4229	0.864518	0.867768	0.137901	0.128825	30.5490	30.6579	80.9370	81.5558
599.9537	0.865363	0.868098	0.137199	0.128944	30.5920	30.6784	80.9910	81.5512
599.4844	0.866206	0.868428	0.136496	0.129063	30.6350	30.6990	81.0450	81.5468
599.0150	0.867138	0.868757	0.135635	0.129181	30.6820	30.7195	81.1100	81.5423
598.5455	0.867990	0.869087	0.134946	0.129297	30.7260	30.7401	81.1630	81.5380
598.0759	0.868860	0.869416	0.134227	0.129413	30.7710	30.7607	81.2180	81.5336
597.6062	0.869673	0.869746	0.133312	0.129528	30.8110	30.7813	81.2850	81.5294
597.1364	0.870532	0.870075	0.132402	0.129643	30.8540	30.8019	81.3520	81.5252
596.6664	0.871480	0.870404	0.131550	0.129757	30.9030	30.8226	81.4160	81.5210
596.1964	0.872392	0.870734	0.130582	0.129870	30.9490	30.8432	81.4870	81.5169
595.7263	0.873263	0.871066	0.129638	0.129986	30.9930	30.8641	81.5560	81.5126
595.2560	0.874027	0.871400	0.128613	0.130105	31.0300	30.8852	81.6290	81.5081
594.7857	0.874707	0.871733	0.127575	0.130223	31.0620	30.9062	81.7020	81.5038
594.3152	0.875439	0.872067	0.126621	0.130340	31.0980	30.9273	81.7700	81.4994
593.8447	0.876161	0.872400	0.125711	0.130456	31.1340	30.9484	81.8350	81.4952
593.3740	0.876856	0.872734	0.124748	0.130571	31.1680	30.9695	81.9030	81.4910
592.9032	0.877655	0.873067	0.123956	0.130685	31.2100	30.9906	81.9610	81.4869
592.4323	0.878385	0.873400	0.123168	0.130798	31.2480	31.0117	82.0180	81.4829
591.9613	0.879198	0.873733	0.122233	0.130910	31.2900	31.0329	82.0850	81.4789
591.4902	0.880068	0.874066	0.121337	0.131021	31.3360	31.0540	82.1500	81.4749
591.0190	0.881070	0.874398	0.120504	0.131131	31.3910	31.0752	82.2120	81.4711
590.5477	0.881789	0.874730	0.119599	0.131224	31.4280	31.0961	82.2760	81.4683
590.0763	0.882693	0.875061	0.118843	0.131315	31.4780	31.1171	82.3320	81.4657
589.6048	0.883188	0.875391	0.118015	0.131384	31.5020	31.1378	82.3890	81.4644
589.1331	0.883801	0.875720	0.117249	0.131449	31.5340	31.1585	82.4430	81.4634
588.6614	0.884152	0.876050	0.116888	0.131512	31.5530	31.1791	82.4690	81.4625
588.1896	0.884691	0.876379	0.116299	0.131575	31.5820	31.1998	82.5110	81.4617
587.7176	0.885234	0.876708	0.115915	0.131636	31.6130	31.2205	82.5400	81.4609
587.2455	0.885899	0.877037	0.115671	0.131697	31.6530	31.2412	82.5610	81.4602
586.7734	0.886323	0.877366	0.115569	0.131756	31.6790	31.2620	82.5710	81.4596
586.3011	0.886572	0.877694	0.116200	0.131814	31.7000	31.2827	82.5330	81.4590
585.8287	0.886339	0.878023	0.116767	0.131872	31.6900	31.3034	82.4950	81.4585
585.3563	0.886584	0.878351	0.117776	0.131928	31.7140	31.3242	82.4330	81.4581
584.8837	0.886826	0.878678	0.118911	0.131976	31.7390	31.3448	82.3630	81.4581
584.4109	0.886745	0.879001	0.120444	0.132002	31.7470	31.3650	82.2650	81.4596
583.9382	0.886791	0.879323	0.121948	0.132025	31.7630	31.3851	82.1700	81.4612
583.4652	0.887455	0.879644	0.122482	0.132041	31.8100	31.4052	82.1420	81.4632
582.9922	0.887945	0.879964	0.123118	0.132057	31.8470	31.4252	82.1060	81.4653
582.5191	0.888543	0.880285	0.123643	0.132071	31.8900	31.4452	82.0780	81.4674
582.0458	0.889114	0.880605	0.123897	0.132084	31.9290	31.4653	82.0670	81.4696
581.5725	0.889625	0.880926	0.124237	0.132096	31.9650	31.4854	82.0500	81.4719
581.0991	0.889976	0.881246	0.124492	0.132108	31.9900	31.5055	82.0370	81.4743
580.6255	0.889989	0.881566	0.124399	0.132118	31.9900	31.5256	82.0430	81.4767
580.1519	0.890249	0.881887	0.124641	0.132126	32.0090	31.5457	82.0300	81.4792
579.6780	0.890733	0.882214	0.124931	0.132148	32.0430	31.5664	82.0160	81.4809
579.2042	0.891004	0.882544	0.125080	0.132175	32.0620	31.5874	82.0090	81.4824
578.7302	0.891359	0.882884	0.125177	0.132218	32.0860	31.6091	82.0060	81.4828
578.2561	0.891667	0.883230	0.125173	0.132273	32.1060	31.6314	82.0090	81.4827
577.7819	0.891933	0.883576	0.125242	0.132327	32.1240	31.6537	82.0070	81.4825
577.3076	0.892222	0.883921	0.125362	0.132379	32.1440	31.6760	82.0020	81.4825
576.8332	0.892735	0.884267	0.125625	0.132430	32.1800	31.6983	81.9900	81.4826
576.3586	0.893030	0.884612	0.125587	0.132479	32.1990	31.7207	81.9950	81.4827
575.8840	0.893490	0.884957	0.125667	0.132528	32.2300	31.7430	81.9940	81.4829
575.4093	0.893969	0.885301	0.125719	0.132574	32.2620	31.7653	81.9950	81.4832
574.9344	0.894418	0.885646	0.125861	0.132620	32.2930	31.7877	81.9900	81.4836
574.4595	0.894886	0.885990	0.125864	0.132664	32.3240	31.8100	81.9940	81.4841
573.9844	0.895269	0.886335	0.125933	0.132707	32.3500	31.8324	81.9930	81.4846
573.5092	0.895669	0.886678	0.126085	0.132767	32.3780	31.8549	81.9870	81.4841
573.0339	0.896081	0.887021	0.126143	0.132825	32.4060	31.8775	81.9870	81.4837
572.5586	0.896490	0.887364	0.126217	0.132881	32.4340	31.9000	81.9860	81.4834
572.0831	0.896913	0.887707	0.126292	0.132936	32.4630	31.9225	81.9850	81.4831
571.6075	0.897358	0.888049	0.126419	0.132989	32.4940	31.9451	81.9810	81.4830
571.1318	0.897838	0.888391	0.126391	0.133041	32.5260	31.9676	81.9870	81.4830
570.6559	0.898305	0.888733	0.126345	0.133091	32.5570	31.9902	81.9940	81.4830
570.1801	0.898786	0.889075	0.126300	0.133140	32.5890	32.0127	82.0010	81.4832
569.7040	0.899164	0.889417	0.126241	0.133187	32.6140	32.0353	82.0080	81.4834
569.2278	0.899633	0.889758	0.126259	0.133233	32.6460	32.0579	82.0110	81.4838
568.7516	0.900060	0.890098	0.126255	0.133245	32.6750	32.0801	82.0150	81.4862
568.2753	0.900487	0.890435	0.126251	0.133226	32.7040	32.1018	82.0190	81.4906
567.7988	0.900918	0.890772	0.126311	0.133195	32.7340	32.1235	82.0190	81.4957
567.3222	0.901316	0.891107	0.126287	0.133148	32.7610	32.1449	82.0240	81.5018
566.8455	0.901754	0.891442	0.126284	0.133098	32.7910	32.1663	82.0280	81.5081
566.3687	0.902187	0.891777	0.126312	0.133048	32.8210	32.1878	82.0300	81.5144
565.8918	0.902658	0.892112	0.126266	0.132996	32.8530	32.2092	82.0370	81.5208
565.4149	0.903116	0.892447	0.126201	0.132943	32.8840	32.2307	82.0450	81.5273
564.9377	0.903512	0.892782	0.126160	0.132888	32.9110	32.2521	82.0510	81.5339
564.4605	0.903933	0.893116	0.126139	0.132831	32.9400	32.2736	82.0560	81.5405
563.9832	0.904307	0.893450	0.126143	0.132776	32.9660	32.2951	82.0590	81.5471
563.5057	0.904710	0.893797	0.126134	0.132771	32.9940	32.3180	82.0630	81.5506
563.0282	0.905126	0.894143	0.126128	0.132766	33.0230	32.3408	82.0670	81.5542
562.5505	0.905586	0.894497	0.126112	0.132793	33.0550	32.3646	82.0720	81.5558
562.0728	0.906004	0.894851	0.126073	0.132820	33.0840	32.3884	82.0780	81.5574
561.5948	0.906448	0.895204	0.126054	0.132845	33.1150	32.4122	82.0830	81.5591
561.1169	0.906896	0.895558	0.126100	0.132869	33.1470	32.4359	82.0840	81.5609
560.6388	0.907314	0.895911	0.126142	0.132891	33.1770	32.4597	82.0850	81.5628
560.1606	0.907768	0.896263	0.126125	0.132910	33.2090	32.4835	82.0900	81.5649
559.6823	0.908169	0.896616	0.126180	0.132928	33.2380	32.5073	82.0900	81.5670
559.2039	0.908584	0.896968	0.126125	0.132944	33.2670	32.5311	82.0970	81.5693
558.7253	0.908996	0.897310	0.126085	0.132919	33.2960	32.5539	82.1030	81.5740
558.2467	0.909473	0.897646	0.125973	0.132864	33.3290	32.5760	82.1140	81.5806
557.7679	0.909920	0.897973	0.125970	0.132774	33.3610	32.5972	82.1180	81.5892
557.2891	0.910368	0.898292	0.125951	0.132647	33.3930	32.6175	82.1230	81.6001
556.8102	0.910791	0.898611	0.125897	0.132519	33.4230	32.6378	82.1300	81.6110
556.3311	0.911225	0.898930	0.125859	0.132389	33.4540	32.6581	82.1360	81.6220
555.8519	0.911683	0.899249	0.125744	0.132258	33.4860	32.6784	82.1470	81.6331
555.3726	0.912113	0.899567	0.125722	0.132125	33.5170	32.6988	82.1520	81.6443
554.8932	0.912512	0.899885	0.125713	0.131990	33.5460	32.7191	82.1560	81.6557
554.4137	0.912922	0.900203	0.125720	0.131854	33.5760	32.7394	82.1590	81.6671
553.9341	0.913362	0.900525	0.125700	0.131728	33.6080	32.7602	82.1640	81.6778
553.4543	0.913777	0.900873	0.125659	0.131679	33.6380	32.7835	82.1700	81.6841
552.9745	0.914168	0.901223	0.125681	0.131632	33.6670	32.8070	82.1720	81.6902
552.4946	0.914603	0.901600	0.125578	0.131668	33.6980	32.8333	82.1820	81.6913
552.0145	0.915029	0.901977	0.125425	0.131702	33.7280	32.8596	82.1950	81.6927
551.5344	0.915468	0.902354	0.125371	0.131733	33.7600	32.8859	82.2020	81.6942
551.0541	0.915886	0.902730	0.125265	0.131762	33.7900	32.9122	82.2120	81.6958
550.5737	0.916332	0.903106	0.125147	0.131788	33.8220	32.9385	82.2230	81.6976
550.0933	0.916744	0.903481	0.125073	0.131812	33.8520	32.9648	82.2310	81.6995
549.6127	0.917180	0.903855	0.125002	0.131833	33.8840	32.9911	82.2390	81.7016
549.1320	0.917620	0.904229	0.124899	0.131851	33.9160	33.0174	82.2490	81.7038
548.6511	0.918027	0.904589	0.124840	0.131808	33.9460	33.0421	82.2560	81.7098
548.1702	0.918443	0.904944	0.124799	0.131740	33.9770	33.0662	82.2620	81.7172
547.6891	0.918843	0.905290	0.124771	0.131636	34.0070	33.0894	82.2670	81.7268
547.2080	0.919250	0.905631	0.124680	0.131510	34.0370	33.1121	82.2760	81.7376
546.7267	0.919678	0.905972	0.124525	0.131382	34.0680	33.1348	82.2890	81.7486
546.2454	0.920101	0.906312	0.124403	0.131252	34.0990	33.1574	82.3000	81.7597
545.7639	0.920525	0.906652	0.124264	0.131120	34.1300	33.1801	82.3120	81.7710
545.2823	0.920918	0.906992	0.124153	0.130985	34.1590	33.2028	82.3220	81.7823
544.8007	0.921348	0.907331	0.124047	0.130848	34.1910	33.2254	82.3320	81.7938
544.3188	0.921742	0.907670	0.124002	0.130710	34.2210	33.2481	82.3380	81.8054
543.8369	0.922160	0.908013	0.123878	0.130579	34.2520	33.2711	82.3490	81.8166
543.3549	0.922567	0.908363	0.123818	0.130465	34.2830	33.2949	82.3560	81.8267
542.8728	0.922964	0.908714	0.123642	0.130351	34.3120	33.3188	82.3700	81.8369
542.3905	0.923359	0.909066	0.123465	0.130239	34.3410	33.3429	82.3840	81.8469
541.9082	0.923766	0.909418	0.123388	0.130126	34.3720	33.3670	82.3920	81.8570
541.4257	0.924176	0.909769	0.123279	0.130010	34.4030	33.3910	82.4020	81.8673
540.9431	0.924595	0.910120	0.123187	0.129891	34.4350	33.4151	82.4110	81.8777
540.4604	0.925015	0.910471	0.122980	0.129770	34.4660	33.4391	82.4270	81.8882
539.9777	0.925434	0.910820	0.122871	0.129646	34.4980	33.4631	82.4370	81.8990
539.4948	0.925827	0.911168	0.122759	0.129512	34.5280	33.4869	82.4470	81.9102
539.0118	0.926244	0.911514	0.122650	0.129376	34.5600	33.5107	82.4570	81.9217
538.5286	0.926656	0.911841	0.122474	0.129176	34.5910	33.5324	82.4710	81.9369
538.0454	0.927085	0.912167	0.122251	0.128972	34.6230	33.5540	82.4880	81.9523
537.5621	0.927478	0.912492	0.122105	0.128765	34.6530	33.5756	82.5000	81.9678
537.0786	0.927880	0.912818	0.121976	0.128556	34.6840	33.5972	82.5110	81.9835
536.5950	0.928316	0.913142	0.121770	0.128345	34.7170	33.6188	82.5270	81.9993
536.1114	0.928714	0.913467	0.121559	0.128131	34.7470	33.6404	82.5430	82.0153
535.6276	0.929095	0.913790	0.121279	0.127915	34.7750	33.6620	82.5630	82.0314
535.1437	0.929511	0.914114	0.121102	0.127696	34.8070	33.6836	82.5770	82.0476
534.6597	0.929947	0.914442	0.120862	0.127468	34.8400	33.7055	82.5950	82.0644
534.1756	0.930374	0.914772	0.120669	0.127236	34.8730	33.7275	82.6100	82.0815
533.6913	0.930773	0.915108	0.120506	0.126992	34.9040	33.7498	82.6230	82.0994
533.2070	0.931218	0.915447	0.120349	0.126741	34.9390	33.7724	82.6360	82.1177
532.7226	0.931704	0.915786	0.120048	0.126487	34.9760	33.7950	82.6580	82.1361
532.2380	0.932148	0.916124	0.119874	0.126231	35.0110	33.8176	82.6720	82.1547
531.7534	0.932617	0.916461	0.119587	0.125972	35.0470	33.8401	82.6930	82.1734
531.2686	0.933119	0.916799	0.119304	0.125711	35.0860	33.8626	82.7140	82.1923
530.7837	0.933591	0.917135	0.119066	0.125447	35.1230	33.8852	82.7320	82.2113
530.2987	0.934083	0.917471	0.118830	0.125180	35.1620	33.9077	82.7500	82.2305
529.8136	0.934538	0.917818	0.118606	0.124957	35.1980	33.9315	82.7670	82.2471
529.3284	0.935006	0.918182	0.118351	0.124804	35.2350	33.9574	82.7860	82.2595
528.8430	0.935486	0.918547	0.118080	0.124653	35.2730	33.9834	82.8060	82.2718
528.3576	0.936000	0.918913	0.117813	0.124507	35.3140	34.0096	82.8260	82.2838
527.8720	0.936459	0.919279	0.117588	0.124357	35.3510	34.0358	82.8430	82.2960
527.3864	0.936910	0.919643	0.117412	0.124205	35.3880	34.0620	82.8570	82.3083
526.9006	0.937414	0.920007	0.117176	0.124048	35.4290	34.0882	82.8750	82.3209
526.4147	0.937948	0.920371	0.116861	0.123889	35.4720	34.1143	82.8980	82.3337
525.9287	0.938461	0.920732	0.116609	0.123721	35.5140	34.1403	82.9170	82.3469
525.4426	0.938985	0.921087	0.116341	0.123522	35.5570	34.1655	82.9370	82.3620
524.9564	0.939515	0.921441	0.116090	0.123315	35.6010	34.1906	82.9560	82.3775
524.4700	0.940087	0.921784	0.115761	0.123061	35.6480	34.2145	82.9800	82.3958
523.9836	0.940627	0.922127	0.115494	0.122804	35.6930	34.2384	83.0000	82.4143
523.4971	0.941161	0.922470	0.115243	0.122544	35.7380	34.2622	83.0190	82.4330
523.0104	0.941687	0.922811	0.114957	0.122280	35.7820	34.2860	83.0400	82.4518
522.5236	0.942249	0.923152	0.114625	0.122013	35.8290	34.3098	83.0640	82.4708
522.0367	0.942845	0.923492	0.114347	0.121743	35.8800	34.3335	83.0850	82.4900
521.5497	0.943408	0.923832	0.114048	0.121470	35.9280	34.3572	83.1070	82.5094
521.0626	0.943976	0.924170	0.113598	0.121193	35.9750	34.3809	83.1380	82.5290
520.5754	0.944559	0.924514	0.113267	0.120914	36.0250	34.4051	83.1620	82.5488
520.0881	0.945120	0.924859	0.112916	0.120632	36.0730	34.4293	83.1870	82.5687
519.6006	0.945724	0.925203	0.112536	0.120347	36.1250	34.4535	83.2140	82.5888
519.1131	0.946256	0.925546	0.112198	0.120058	36.1710	34.4776	83.2380	82.6091
518.6254	0.946824	0.925889	0.111796	0.119765	36.2200	34.5018	83.2660	82.6296
518.1377	0.947347	0.926231	0.111489	0.119469	36.2660	34.5259	83.2880	82.6503
517.6498	0.947921	0.926572	0.111171	0.119170	36.3170	34.5500	83.3110	82.6712
517.1618	0.948417	0.926912	0.110776	0.118867	36.3600	34.5740	83.3380	82.6923
516.6737	0.948921	0.927248	0.110297	0.118540	36.4030	34.5975	83.3700	82.7148
516.1855	0.949451	0.927582	0.109922	0.118199	36.4500	34.6208	83.3960	82.7381
515.6971	0.950003	0.927914	0.109600	0.117842	36.5000	34.6437	83.4190	82.7624
515.2087	0.950535	0.928243	0.109258	0.117473	36.5480	34.6665	83.4430	82.7873
514.7202	0.951106	0.928572	0.108802	0.117102	36.5990	34.6892	83.4740	82.8124
514.2314	0.951631	0.928900	0.108374	0.116726	36.6460	34.7118	83.5030	82.8377
513.7427	0.952150	0.929226	0.107979	0.116347	36.6930	34.7344	83.5300	82.8632
513.2538	0.952689	0.929552	0.107552	0.115965	36.7420	34.7570	83.5590	82.8889
512.7648	0.953221	0.929883	0.107157	0.115596	36.7910	34.7802	83.5860	82.9138
512.2757	0.953737	0.930220	0.106709	0.115240	36.8380	34.8040	83.6160	82.9379
511.7864	0.954308	0.930567	0.106436	0.114915	36.8930	34.8291	83.6360	82.9602
511.2971	0.954861	0.930929	0.106126	0.114631	36.9460	34.8559	83.6580	82.9802
510.8076	0.955414	0.931290	0.105782	0.114342	36.9990	34.8826	83.6820	83.0004
510.3181	0.955874	0.931649	0.105462	0.114048	37.0430	34.9092	83.7040	83.0208
509.8284	0.956285	0.932008	0.105136	0.113750	37.0820	34.9358	83.7260	83.0415
509.3386	0.956716	0.932365	0.104693	0.113448	37.1220	34.9623	83.7550	83.0625
508.8488	0.957205	0.932720	0.104307	0.113135	37.1690	34.9886	83.7810	83.0841
508.3587	0.957713	0.933071	0.103973	0.112803	37.2190	35.0145	83.8040	83.1067
507.8686	0.958215	0.933411	0.103588	0.112418	37.2680	35.0389	83.8300	83.1325
507.3784	0.958714	0.933720	0.103286	0.111894	37.3180	35.0595	83.8510	83.1665
506.8880	0.959161	0.934028	0.103013	0.111367	37.3630	35.0800	83.8700	83.2006
506.3976	0.959626	0.934336	0.102809	0.110836	37.4110	35.1005	83.8850	83.2349
505.9070	0.960046	0.934642	0.102565	0.110301	37.4540	35.1209	83.9020	83.2694
505.4163	0.960555	0.934947	0.102230	0.109763	37.5060	35.1413	83.9250	83.3041
504.9255	0.961020	0.935252	0.101855	0.109222	37.5530	35.1617	83.9500	83.3390
504.4346	0.961465	0.935555	0.101563	0.108677	37.5990	35.1820	83.9700	83.3741
503.9436	0.961891	0.935861	0.101167	0.108143	37.6420	35.2027	83.9960	83.4084
503.4525	0.962286	0.936198	0.100801	0.107728	37.6820	35.2272	84.0200	83.4359
502.9612	0.962709	0.936533	0.100471	0.107308	37.7260	35.2517	84.0420	83.4635
502.4698	0.963106	0.936867	0.100207	0.106884	37.7680	35.2760	84.0600	83.4915
501.9784	0.963552	0.937200	0.099947	0.106455	37.8160	35.3003	84.0780	83.5197
501.4868	0.963986	0.937532	0.099533	0.106021	37.8610	35.3246	84.1050	83.5481
500.9951	0.964393	0.937862	0.099184	0.105583	37.9040	35.3488	84.1280	83.5768
500.5033	0.964796	0.938191	0.098851	0.105141	37.9470	35.3728	84.1500	83.6057
500.0114	0.965225	0.938519	0.098572	0.104693	37.9940	35.3969	84.1690	83.6349
499.5193	0.965646	0.938833	0.098257	0.104167	38.0400	35.4190	84.1900	83.6687
499.0272	0.966067	0.939145	0.097925	0.103635	38.0860	35.4410	84.2120	83.7028
498.5349	0.966469	0.939455	0.097591	0.103091	38.1300	35.4628	84.2340	83.7377
498.0426	0.966858	0.939764	0.097272	0.102542	38.1730	35.4844	84.2550	83.7728
497.5501	0.967252	0.940071	0.096971	0.101989	38.2170	35.5060	84.2750	83.8082
497.0575	0.967670	0.940377	0.096638	0.101431	38.2640	35.5276	84.2970	83.8437
496.5648	0.968103	0.940681	0.096305	0.100869	38.3130	35.5490	84.3190	83.8796
496.0720	0.968468	0.940985	0.095966	0.100303	38.3540	35.5704	84.3410	83.9156
495.5790	0.968847	0.941301	0.095543	0.099747	38.3960	35.5931	84.3680	83.9511
495.0860	0.969241	0.941619	0.095359	0.099189	38.4430	35.6160	84.3810	83.9867
494.5928	0.969609	0.941937	0.095088	0.098628	38.4860	35.6389	84.3990	84.0225
494.0995	0.970016	0.942253	0.094786	0.098063	38.5340	35.6618	84.4190	84.0585
493.6062	0.970407	0.942568	0.094551	0.097493	38.5810	35.6846	84.4350	84.0947
493.1127	0.970808	0.942882	0.094179	0.096918	38.6280	35.7073	84.4590	84.1312
492.6190	0.971180	0.943194	0.093839	0.096338	38.6720	35.7300	84.4810	84.1680
492.1253	0.971549	0.943505	0.093584	0.095754	38.7170	35.7525	84.4980	84.2050
491.6315	0.971909	0.943812	0.093242	0.095141	38.7600	35.7746	84.5200	84.2437
491.1375	0.972268	0.944117	0.092882	0.094516	38.8030	35.7964	84.5430	84.2831
490.6435	0.972619	0.944421	0.092590	0.093886	38.8460	35.8182	84.5620	84.3228
490.1493	0.973007	0.944723	0.092182	0.093252	38.8930	35.8399	84.5880	84.3627
489.6550	0.973330	0.945024	0.091818	0.092612	38.9320	35.8615	84.6110	84.4029
489.1606	0.973698	0.945323	0.091424	0.091968	38.9770	35.8830	84.6360	84.4433
488.6661	0.974055	0.945621	0.091029	0.091319	39.0210	35.9044	84.6610	84.4840
488.1714	0.974419	0.945917	0.090703	0.090666	39.0670	35.9258	84.6820	84.5249
487.6767	0.974746	0.946217	0.090356	0.090015	39.1080	35.9476	84.7040	84.5657
487.1818	0.975129	0.946518	0.089911	0.089363	39.1560	35.9695	84.7320	84.6066
486.6869	0.975468	0.946817	0.089461	0.088705	39.1980	35.9914	84.7600	84.6477
486.1918	0.975840	0.947115	0.088997	0.088042	39.2450	36.0131	84.7890	84.6891
485.6966	0.976167	0.947410	0.088546	0.087374	39.2860	36.0348	84.8170	84.7308
485.2013	0.976512	0.947704	0.088096	0.086701	39.3300	36.0563	84.8450	84.7728
484.7058	0.976845	0.948001	0.087594	0.086031	39.3720	36.0782	84.8760	84.8146
484.2103	0.977140	0.948299	0.087121	0.085362	39.4090	36.1004	84.9050	84.8564
483.7146	0.977450	0.948607	0.086685	0.084705	39.4490	36.1237	84.9320	84.8974
483.2189	0.977798	0.948922	0.086165	0.084057	39.4940	36.1477	84.9640	84.9379
482.7230	0.978125	0.949234	0.085626	0.083403	39.5360	36.1717	84.9970	84.9787
482.2270	0.978423	0.949544	0.085171	0.082743	39.5750	36.1954	85.0250	85.0199
481.7309	0.978711	0.949852	0.084731	0.082077	39.6130	36.2191	85.0520	85.0613
481.2346	0.978948	0.950158	0.084184	0.081405	39.6420	36.2426	85.0850	85.1031
480.7383	0.979223	0.950449	0.083622	0.080680	39.6770	36.2643	85.1190	85.1480
480.2419	0.979513	0.950725	0.083096	0.079907	39.7150	36.2844	85.1510	85.1957
479.7453	0.979802	0.950992	0.082483	0.079098	39.7520	36.3034	85.1880	85.2454
479.2486	0.980095	0.951248	0.081870	0.078255	39.7900	36.3212	85.2250	85.2971
478.7518	0.980336	0.951501	0.081253	0.077407	39.8200	36.3388	85.2620	85.3491
478.2549	0.980634	0.951753	0.080606	0.076554	39.8590	36.3564	85.3010	85.4013
477.7579	0.980898	0.952003	0.079972	0.075696	39.8930	36.3738	85.3390	85.4539
477.2608	0.981153	0.952251	0.079338	0.074833	39.9260	36.3911	85.3770	85.5067
476.7635	0.981416	0.952537	0.078601	0.074105	39.9590	36.4132	85.4210	85.5515
476.2662	0.981695	0.952865	0.077933	0.073525	39.9960	36.4407	85.4610	85.5877
475.7687	0.981987	0.953194	0.077301	0.072952	40.0360	36.4684	85.4990	85.6234
475.2711	0.982301	0.953527	0.076602	0.072389	40.0790	36.4966	85.5410	85.6586
474.7734	0.982604	0.953856	0.075918	0.071818	40.1210	36.5247	85.5820	85.6942
474.2756	0.982885	0.954184	0.075180	0.071238	40.1590	36.5525	85.6260	85.7303
473.7776	0.983175	0.954502	0.074460	0.070621	40.1990	36.5794	85.6690	85.7686
473.2796	0.983496	0.954811	0.073742	0.069960	40.2450	36.6050	85.7120	85.8094
472.7814	0.983804	0.955092	0.073006	0.069177	40.2890	36.6273	85.7560	85.8573
472.2831	0.984137	0.955341	0.072201	0.068242	40.3370	36.6452	85.8040	85.9142
471.7848	0.984495	0.955586	0.071312	0.067302	40.3890	36.6630	85.8570	85.9713
471.2863	0.984849	0.955829	0.070508	0.066356	40.4420	36.6807	85.9050	86.0288
470.7876	0.985204	0.956070	0.069549	0.065404	40.4940	36.6982	85.9620	86.0865
470.2889	0.985555	0.956308	0.068502	0.064448	40.5450	36.7155	86.0240	86.1445
469.7900	0.985917	0.956553	0.067472	0.063520	40.5990	36.7339	86.0850	86.2008
469.2911	0.986304	0.956809	0.066392	0.062635	40.6580	36.7537	86.1490	86.2547
468.7920	0.986761	0.957068	0.065350	0.061766	40.7320	36.7742	86.2110	86.3075
468.2928	0.987192	0.957334	0.064358	0.060922	40.8030	36.7956	86.2700	86.3588
467.7935	0.987610	0.957596	0.063295	0.060072	40.8720	36.8167	86.3330	86.4104
467.2941	0.988029	0.957856	0.062110	0.059214	40.9410	36.8377	86.4030	86.4625
466.7945	0.988490	0.958112	0.060840	0.058342	41.0190	36.8583	86.4780	86.5154
466.2949	0.988899	0.958362	0.059566	0.057452	41.0880	36.8784	86.5530	86.5693
465.7951	0.989339	0.958595	0.058258	0.056483	41.1650	36.8963	86.6300	86.6279
465.2952	0.989745	0.958805	0.056843	0.055406	41.2350	36.9114	86.7130	86.6928
464.7952	0.990178	0.959011	0.055446	0.054323	41.3130	36.9262	86.7950	86.7580
464.2951	0.990583	0.959215	0.054082	0.053235	41.3870	36.9409	86.8750	86.8235
463.7949	0.991024	0.959415	0.052735	0.052141	41.4720	36.9554	86.9540	86.8893
463.2946	0.991414	0.959613	0.051299	0.051041	41.5460	36.9697	87.0380	86.9554
462.7941	0.991849	0.959809	0.049933	0.049940	41.6340	36.9839	87.1180	87.0215
462.2935	0.992274	0.960003	0.048704	0.048839	41.7240	36.9983	87.1900	87.0877
461.7928	0.992683	0.960196	0.047248	0.047736	41.8100	37.0125	87.2750	87.1539
461.2921	0.993091	0.960386	0.045739	0.046631	41.8980	37.0266	87.3630	87.2202
460.7911	0.993492	0.960574	0.044263	0.045519	41.9880	37.0406	87.4490	87.2869
460.2901	0.993880	0.960758	0.042838	0.044402	42.0780	37.0544	87.5320	87.3539
459.7889	0.994264	0.960939	0.041307	0.043278	42.1690	37.0680	87.6210	87.4213
459.2877	0.994642	0.961119	0.039758	0.042147	42.2620	37.0816	87.7110	87.4891
458.7863	0.995021	0.961300	0.038120	0.041007	42.3580	37.0954	87.8060	87.5573
458.2848	0.995378	0.961482	0.036516	0.039858	42.4520	37.1094	87.8990	87.6262
457.7832	0.995736	0.961661	0.034841	0.038703	42.5500	37.1233	87.9960	87.6953
457.2815	0.996115	0.961836	0.033149	0.037541	42.6600	37.1369	88.0940	87.7648
456.7796	0.996462	0.962007	0.031454	0.036373	42.7650	37.1503	88.1920	87.8347
456.2777	0.996803	0.962175	0.029584	0.035199	42.8720	37.1635	88.3000	87.9049
455.7756	0.997142	0.962343	0.027644	0.034014	42.9840	37.1767	88.4120	87.9757
455.2734	0.997462	0.962510	0.025771	0.032815	43.0970	37.1901	88.5200	88.0474
454.7711	0.997752	0.962674	0.023897	0.031608	43.2050	37.2032	88.6280	88.1194
454.2687	0.998037	0.962835	0.022056	0.030394	43.3200	37.2163	88.7340	88.1919
453.7662	0.998264	0.962993	0.020266	0.029173	43.4150	37.2290	88.8370	88.2648
453.2635	0.998479	0.963146	0.018457	0.027946	43.5110	37.2416	88.9410	88.3380
452.7608	0.998676	0.963306	0.016665	0.026737	43.6050	37.2550	89.0440	88.4101
452.2579	0.998859	0.963474	0.014837	0.025548	43.6990	37.2696	89.1490	88.4810
451.7549	0.999025	0.963648	0.013026	0.024378	43.7910	37.2851	89.2530	88.5509
451.2518	0.999179	0.963830	0.011179	0.023227	43.8840	37.3015	89.3590	88.6195
450.7485	0.999316	0.964007	0.009331	0.022068	43.9750	37.3177	89.4650	88.6886
450.2452	0.999441	0.964180	0.007483	0.020901	44.0660	37.3336	89.5710	88.7581
449.7417	0.999551	0.964344	0.005600	0.019710	44.1570	37.3487	89.6790	88.8291
449.2382	0.999647	0.964500	0.003751	0.018496	44.2460	37.3630	89.7850	88.9014
448.7345	0.999729	0.964635	0.001850	0.017205	44.3350	37.3751	89.8940	88.9782
448.2307	0.999797	0.964750	-0.000035	0.015845	44.4230	37.3851	90.0020	89.0590
447.7267	0.999852	0.964860	-0.001937	0.014479	44.5100	37.3948	90.1110	89.1403
447.2227	0.999893	0.964966	-0.003839	0.013107	44.5960	37.4043	90.2200	89.2218
446.7186	0.999922	0.965068	-0.005777	0.011728	44.6830	37.4134	90.3310	89.3038
446.2143	0.999938	0.965165	-0.007697	0.010342	44.7680	37.4223	90.4410	89.3861
445.7099	0.999940	0.965280	-0.009634	0.009022	44.8530	37.4335	90.5520	89.4645
445.2054	0.999931	0.965407	-0.011571	0.007747	44.9360	37.4462	90.6630	89.5402
444.7008	0.999908	0.965530	-0.013526	0.006465	45.0190	37.4586	90.7750	89.6164
444.1960	0.999874	0.965647	-0.015480	0.005175	45.1010	37.4707	90.8870	89.6930
443.6912	0.999827	0.965760	-0.017452	0.003877	45.1830	37.4825	91.0000	89.7700
443.1862	0.999769	0.965867	-0.019423	0.002571	45.2630	37.4939	91.1130	89.8475
442.6812	0.999700	0.965964	-0.021377	0.001207	45.3420	37.5043	91.2250	89.9284
442.1759	0.999618	0.966053	-0.023383	-0.000196	45.4220	37.5141	91.3400	90.0116
441.6706	0.999526	0.966134	-0.025370	-0.001618	45.5000	37.5232	91.4540	90.0960
441.1652	0.999422	0.966210	-0.027375	-0.003055	45.5780	37.5320	91.5690	90.1811
440.6596	0.999307	0.966280	-0.029379	-0.004498	45.6550	37.5404	91.6840	90.2667
440.1540	0.999180	0.966345	-0.031418	-0.005949	45.7320	37.5485	91.8010	90.3527
