# ========================================================
# RESULTADOS DE AJUSTE ELIPSOMÉTRICO (AUTORANGE + TMM)
# ========================================================
# Archivo de origen: Al2O3_nanotubes.5-med1.txt
# Espesores óptimos (nm): [np.float64(1.0105956618938212), np.float64(42.76824051472599)]
# Error mínimo (Chi2 Red / MSE): 2.559360e-04
# Parámetros de dispersión optimizados:
#   Capa 'Al2O3_nanotube': {'model': 'bruggeman_EMA', 'linked_to': 'Al2O3', 'f_air': 0.7486372625891007, 'f_optimized': True}
#   Capa 'Al2O3': {'model': 'cauchy', 'A': 1.9029646501403608, 'B': -14.584961971324876, 'C': 14.475632686913684}
# ========================================================
# Wavelength_nm	Is_exp	Is_fit	Ic_exp	Ic_fit	Psi_exp_deg	Psi_fit_deg	Delta_exp_deg	Delta_fit_deg
829.9594	0.537876	0.565743	-0.084816	-0.089565	16.4960	17.4725	98.9610	98.9961
829.5408	0.538990	0.565963	-0.084510	-0.089452	16.5320	17.4795	98.9110	98.9814
829.1221	0.538074	0.566184	-0.083741	-0.089339	16.4970	17.4865	98.8460	98.9668
828.7034	0.539115	0.566405	-0.083710	-0.089225	16.5320	17.4935	98.8260	98.9522
828.2845	0.539075	0.566626	-0.083010	-0.089112	16.5270	17.5005	98.7540	98.9376
827.8656	0.540957	0.566847	-0.082894	-0.088998	16.5900	17.5075	98.7120	98.9229
827.4465	0.541318	0.567068	-0.082466	-0.088884	16.6000	17.5145	98.6620	98.9083
827.0275	0.540999	0.567289	-0.081645	-0.088770	16.5850	17.5216	98.5820	98.8936
826.6082	0.541862	0.567503	-0.081601	-0.088684	16.6140	17.5285	98.5640	98.8818
826.1889	0.542142	0.567717	-0.081111	-0.088599	16.6210	17.5354	98.5090	98.8701
825.7695	0.542428	0.567928	-0.080979	-0.088525	16.6300	17.5423	98.4910	98.8596
825.3500	0.541831	0.568137	-0.080629	-0.088459	16.6080	17.5492	98.4640	98.8499
824.9305	0.541100	0.568346	-0.080578	-0.088394	16.5830	17.5561	98.4700	98.8403
824.5108	0.541325	0.568556	-0.080255	-0.088328	16.5890	17.5630	98.4330	98.8306
824.0911	0.541096	0.568765	-0.079603	-0.088262	16.5780	17.5699	98.3690	98.8209
823.6713	0.541552	0.568975	-0.079313	-0.088196	16.5920	17.5768	98.3320	98.8112
823.2513	0.541243	0.569185	-0.079210	-0.088130	16.5810	17.5837	98.3260	98.8015
822.8313	0.541257	0.569395	-0.079115	-0.088063	16.5810	17.5906	98.3160	98.7918
822.4112	0.541996	0.569605	-0.079310	-0.087997	16.6070	17.5975	98.3250	98.7820
821.9910	0.542529	0.569815	-0.079901	-0.087930	16.6280	17.6045	98.3780	98.7723
821.5707	0.542266	0.570026	-0.079678	-0.087863	16.6180	17.6114	98.3590	98.7625
821.1503	0.542166	0.570237	-0.079760	-0.087796	16.6150	17.6184	98.3690	98.7528
820.7299	0.542959	0.570447	-0.079780	-0.087729	16.6420	17.6253	98.3590	98.7430
820.3093	0.543396	0.570658	-0.080019	-0.087662	16.6580	17.6323	98.3770	98.7332
819.8886	0.544249	0.570870	-0.079834	-0.087594	16.6860	17.6392	98.3450	98.7234
819.4679	0.544767	0.571081	-0.079716	-0.087526	16.7030	17.6462	98.3250	98.7136
819.0471	0.545563	0.571292	-0.079910	-0.087459	16.7310	17.6532	98.3330	98.7038
818.6262	0.546169	0.571504	-0.079785	-0.087391	16.7510	17.6602	98.3110	98.6940
818.2051	0.546679	0.571716	-0.079518	-0.087323	16.7670	17.6672	98.2760	98.6841
817.7841	0.547067	0.571928	-0.079477	-0.087254	16.7800	17.6742	98.2660	98.6743
817.3629	0.546967	0.572140	-0.079560	-0.087186	16.7770	17.6812	98.2760	98.6644
816.9416	0.547838	0.572353	-0.079833	-0.087117	16.8080	17.6882	98.2910	98.6545
816.5202	0.548231	0.572565	-0.079754	-0.087049	16.8210	17.6952	98.2770	98.6446
816.0988	0.548679	0.572778	-0.079907	-0.086980	16.8370	17.7022	98.2860	98.6347
815.6772	0.549634	0.573002	-0.079595	-0.086894	16.8680	17.7096	98.2400	98.6230
815.2556	0.549695	0.573229	-0.079575	-0.086802	16.8700	17.7170	98.2370	98.6107
814.8338	0.550282	0.573460	-0.079777	-0.086707	16.8910	17.7245	98.2490	98.5980
814.4120	0.550743	0.573694	-0.079628	-0.086606	16.9060	17.7321	98.2270	98.5846
813.9901	0.550959	0.573928	-0.079954	-0.086504	16.9150	17.7397	98.2570	98.5713
813.5681	0.551484	0.574162	-0.080178	-0.086403	16.9340	17.7473	98.2720	98.5579
813.1460	0.551706	0.574397	-0.079856	-0.086301	16.9400	17.7550	98.2360	98.5446
812.7238	0.551668	0.574631	-0.079919	-0.086199	16.9390	17.7626	98.2430	98.5312
812.3015	0.552980	0.574866	-0.079745	-0.086097	16.9830	17.7702	98.2060	98.5178
811.8792	0.552038	0.575101	-0.079992	-0.085995	16.9520	17.7779	98.2450	98.5045
811.4567	0.552358	0.575336	-0.080000	-0.085893	16.9630	17.7855	98.2410	98.4911
811.0341	0.552703	0.575572	-0.079843	-0.085790	16.9740	17.7932	98.2200	98.4777
810.6115	0.552715	0.575807	-0.080564	-0.085688	16.9780	17.8009	98.2930	98.4642
810.1888	0.552869	0.576043	-0.080310	-0.085585	16.9820	17.8086	98.2650	98.4508
809.7659	0.553678	0.576278	-0.079974	-0.085482	17.0080	17.8162	98.2190	98.4374
809.3430	0.554140	0.576514	-0.079813	-0.085379	17.0230	17.8239	98.1960	98.4240
808.9200	0.554787	0.576750	-0.079175	-0.085275	17.0420	17.8316	98.1220	98.4105
808.4969	0.555399	0.576986	-0.078768	-0.085172	17.0610	17.8393	98.0720	98.3971
808.0737	0.555816	0.577222	-0.078501	-0.085068	17.0740	17.8470	98.0390	98.3836
807.6505	0.556093	0.577459	-0.078609	-0.084964	17.0840	17.8548	98.0460	98.3702
807.2271	0.556191	0.577695	-0.078534	-0.084860	17.0870	17.8625	98.0370	98.3567
806.8036	0.557013	0.577932	-0.078075	-0.084756	17.1130	17.8702	97.9790	98.3432
806.3801	0.557728	0.578169	-0.077967	-0.084652	17.1370	17.8779	97.9580	98.3297
805.9564	0.558532	0.578406	-0.077632	-0.084548	17.1630	17.8857	97.9130	98.3162
805.5327	0.559127	0.578645	-0.077327	-0.084444	17.1820	17.8935	97.8740	98.3028
805.1089	0.560029	0.578884	-0.076685	-0.084340	17.2100	17.9013	97.7970	98.2894
804.6850	0.560642	0.579135	-0.076669	-0.084243	17.2310	17.9096	97.7870	98.2764
804.2610	0.560869	0.579391	-0.076490	-0.084147	17.2380	17.9181	97.7660	98.2635
803.8369	0.561536	0.579647	-0.076282	-0.084052	17.2600	17.9265	97.7360	98.2507
803.4127	0.562365	0.579903	-0.076165	-0.083956	17.2880	17.9350	97.7130	98.2378
802.9884	0.562739	0.580159	-0.076185	-0.083860	17.3010	17.9435	97.7100	98.2249
802.5640	0.563288	0.580415	-0.076200	-0.083764	17.3200	17.9520	97.7040	98.2120
802.1396	0.563398	0.580671	-0.076024	-0.083667	17.3230	17.9605	97.6850	98.1992
801.7150	0.563607	0.580928	-0.076193	-0.083571	17.3310	17.9689	97.6990	98.1863
801.2903	0.564342	0.581184	-0.075901	-0.083474	17.3550	17.9775	97.6600	98.1733
800.8657	0.564464	0.581441	-0.076068	-0.083377	17.3600	17.9860	97.6750	98.1604
800.4408	0.564374	0.581698	-0.075875	-0.083280	17.3560	17.9945	97.6570	98.1475
800.0159	0.564812	0.581955	-0.076064	-0.083183	17.3720	18.0030	97.6700	98.1346
799.5909	0.565259	0.582212	-0.075753	-0.083085	17.3860	18.0115	97.6330	98.1216
799.1658	0.565755	0.582469	-0.075719	-0.082988	17.4030	18.0201	97.6230	98.1087
798.7406	0.566433	0.582727	-0.075407	-0.082890	17.4250	18.0286	97.5830	98.0957
798.3153	0.567204	0.582984	-0.075470	-0.082792	17.4520	18.0371	97.5790	98.0828
797.8899	0.568248	0.583242	-0.075215	-0.082694	17.4870	18.0457	97.5400	98.0698
797.4644	0.568622	0.583500	-0.075224	-0.082596	17.5000	18.0543	97.5360	98.0568
797.0389	0.569328	0.583758	-0.074903	-0.082497	17.5230	18.0628	97.4950	98.0438
796.6132	0.569758	0.584016	-0.074697	-0.082399	17.5370	18.0714	97.4690	98.0308
796.1875	0.569905	0.584274	-0.074453	-0.082300	17.5410	18.0800	97.4430	98.0178
795.7617	0.570500	0.584532	-0.074308	-0.082201	17.5610	18.0886	97.4210	98.0048
795.3357	0.571116	0.584791	-0.074003	-0.082102	17.5810	18.0972	97.3830	97.9918
794.9097	0.571845	0.585047	-0.073701	-0.082003	17.6050	18.1057	97.3440	97.9788
794.4836	0.572369	0.585298	-0.073200	-0.081904	17.6210	18.1140	97.2880	97.9659
794.0574	0.572783	0.585548	-0.073335	-0.081804	17.6360	18.1223	97.2960	97.9531
793.6310	0.573431	0.585796	-0.073214	-0.081705	17.6580	18.1306	97.2760	97.9402
793.2047	0.574000	0.586045	-0.072798	-0.081606	17.6760	18.1388	97.2280	97.9274
792.7782	0.574250	0.586293	-0.072636	-0.081506	17.6840	18.1471	97.2090	97.9145
792.3516	0.574594	0.586542	-0.072639	-0.081406	17.6960	18.1554	97.2050	97.9016
791.9249	0.574624	0.586791	-0.072633	-0.081306	17.6970	18.1636	97.2040	97.8887
791.4982	0.575471	0.587040	-0.072505	-0.081206	17.7260	18.1719	97.1810	97.8759
791.0714	0.575851	0.587289	-0.072451	-0.081106	17.7390	18.1802	97.1710	97.8630
790.6444	0.576167	0.587538	-0.072439	-0.081006	17.7500	18.1885	97.1660	97.8501
790.2173	0.576432	0.587787	-0.072381	-0.080905	17.7590	18.1968	97.1570	97.8371
789.7902	0.576947	0.588037	-0.072159	-0.080804	17.7760	18.2051	97.1290	97.8242
789.3630	0.577302	0.588287	-0.072060	-0.080703	17.7880	18.2134	97.1150	97.8113
788.9357	0.577748	0.588536	-0.072157	-0.080602	17.8040	18.2218	97.1190	97.7983
788.5083	0.577986	0.588786	-0.072084	-0.080501	17.8120	18.2301	97.1090	97.7854
788.0807	0.578013	0.589037	-0.072323	-0.080399	17.8140	18.2384	97.1320	97.7724
787.6532	0.578564	0.589287	-0.072259	-0.080298	17.8330	18.2468	97.1190	97.7595
787.2255	0.578532	0.589537	-0.072286	-0.080196	17.8320	18.2551	97.1220	97.7465
786.7977	0.578561	0.589788	-0.071828	-0.080094	17.8310	18.2635	97.0770	97.7335
786.3699	0.578902	0.590038	-0.071839	-0.079992	17.8430	18.2719	97.0740	97.7205
785.9419	0.579237	0.590289	-0.071901	-0.079889	17.8550	18.2802	97.0760	97.7075
785.5139	0.579534	0.590540	-0.071815	-0.079787	17.8650	18.2886	97.0640	97.6945
785.0857	0.579896	0.590791	-0.071654	-0.079684	17.8770	18.2970	97.0440	97.6815
784.6575	0.580392	0.591050	-0.071335	-0.079583	17.8930	18.3057	97.0070	97.6685
784.2291	0.580506	0.591311	-0.071339	-0.079481	17.8970	18.3144	97.0060	97.6555
783.8007	0.580643	0.591574	-0.071150	-0.079380	17.9010	18.3232	96.9860	97.6426
783.3722	0.580963	0.591839	-0.071097	-0.079279	17.9120	18.3322	96.9770	97.6296
782.9435	0.581528	0.592105	-0.070908	-0.079178	17.9310	18.3411	96.9520	97.6166
782.5148	0.582075	0.592370	-0.070861	-0.079076	17.9500	18.3500	96.9410	97.6036
782.0861	0.582043	0.592636	-0.071126	-0.078975	17.9500	18.3589	96.9670	97.5905
781.6572	0.582003	0.592901	-0.071214	-0.078873	17.9490	18.3679	96.9760	97.5775
781.2282	0.582204	0.593167	-0.071207	-0.078771	17.9560	18.3768	96.9730	97.5645
780.7991	0.582444	0.593433	-0.071340	-0.078669	17.9650	18.3857	96.9830	97.5514
780.3699	0.582873	0.593700	-0.071320	-0.078567	17.9800	18.3947	96.9760	97.5384
779.9407	0.583138	0.593966	-0.071249	-0.078464	17.9890	18.4037	96.9660	97.5253
779.5113	0.583269	0.594232	-0.071338	-0.078362	17.9940	18.4126	96.9730	97.5123
779.0818	0.584006	0.594499	-0.071128	-0.078259	18.0190	18.4216	96.9440	97.4992
778.6523	0.584833	0.594766	-0.070876	-0.078156	18.0470	18.4306	96.9100	97.4861
778.2227	0.585423	0.595032	-0.070689	-0.078053	18.0670	18.4396	96.8850	97.4730
777.7930	0.585703	0.595299	-0.070722	-0.077949	18.0770	18.4486	96.8850	97.4599
777.3632	0.586386	0.595567	-0.070711	-0.077846	18.1010	18.4576	96.8760	97.4468
776.9332	0.586827	0.595834	-0.070577	-0.077742	18.1160	18.4666	96.8580	97.4337
776.5032	0.587271	0.596101	-0.070423	-0.077638	18.1310	18.4756	96.8380	97.4206
776.0731	0.587586	0.596369	-0.070398	-0.077534	18.1420	18.4847	96.8320	97.4075
775.6429	0.587992	0.596636	-0.070083	-0.077429	18.1550	18.4937	96.7970	97.3943
775.2126	0.588398	0.596904	-0.070006	-0.077325	18.1690	18.5028	96.7850	97.3812
774.7822	0.588920	0.597165	-0.069901	-0.077217	18.1870	18.5115	96.7690	97.3678
774.3517	0.589086	0.597418	-0.070171	-0.077106	18.1940	18.5200	96.7930	97.3542
773.9212	0.589548	0.597670	-0.070091	-0.076994	18.2100	18.5285	96.7800	97.3406
773.4905	0.589930	0.597922	-0.070209	-0.076882	18.2240	18.5369	96.7870	97.3270
773.0598	0.590439	0.598174	-0.070207	-0.076770	18.2420	18.5454	96.7810	97.3134
772.6289	0.590995	0.598425	-0.070043	-0.076657	18.2610	18.5539	96.7590	97.2997
772.1980	0.591722	0.598677	-0.069867	-0.076544	18.2860	18.5623	96.7340	97.2860
771.7669	0.591855	0.598930	-0.069695	-0.076431	18.2900	18.5708	96.7160	97.2724
771.3358	0.592132	0.599182	-0.069738	-0.076318	18.3000	18.5793	96.7170	97.2587
770.9046	0.592458	0.599434	-0.069608	-0.076205	18.3110	18.5878	96.7010	97.2450
770.4733	0.592901	0.599687	-0.069681	-0.076091	18.3270	18.5963	96.7030	97.2313
770.0419	0.593233	0.599940	-0.069731	-0.075977	18.3390	18.6048	96.7040	97.2176
769.6104	0.593778	0.600193	-0.069889	-0.075864	18.3590	18.6133	96.7130	97.2039
769.1787	0.594181	0.600446	-0.070053	-0.075750	18.3740	18.6218	96.7240	97.1902
768.7471	0.594176	0.600699	-0.070094	-0.075635	18.3740	18.6303	96.7280	97.1765
768.3152	0.594842	0.600952	-0.070183	-0.075521	18.3980	18.6389	96.7290	97.1627
767.8834	0.595450	0.601206	-0.070034	-0.075406	18.4190	18.6474	96.7080	97.1490
767.4514	0.595992	0.601459	-0.069728	-0.075292	18.4370	18.6559	96.6730	97.1353
767.0193	0.596390	0.601713	-0.069690	-0.075177	18.4510	18.6645	96.6650	97.1215
766.5872	0.596941	0.601967	-0.069544	-0.075062	18.4700	18.6731	96.6450	97.1078
766.1549	0.597351	0.602221	-0.069401	-0.074947	18.4840	18.6816	96.6270	97.0940
765.7225	0.597723	0.602477	-0.069582	-0.074830	18.4980	18.6903	96.6400	97.0801
765.2901	0.598203	0.602734	-0.069553	-0.074713	18.5150	18.6989	96.6320	97.0661
764.8575	0.598723	0.602993	-0.069666	-0.074594	18.5340	18.7077	96.6370	97.0520
764.4249	0.599151	0.603255	-0.069600	-0.074472	18.5490	18.7166	96.6260	97.0376
763.9922	0.599653	0.603518	-0.069626	-0.074350	18.5670	18.7254	96.6230	97.0231
763.5593	0.600252	0.603781	-0.069526	-0.074227	18.5880	18.7343	96.6070	97.0086
763.1264	0.600623	0.604045	-0.069707	-0.074105	18.6020	18.7432	96.6200	96.9942
762.6934	0.601134	0.604308	-0.069405	-0.073982	18.6190	18.7521	96.5860	96.9797
762.2603	0.601421	0.604571	-0.069342	-0.073860	18.6290	18.7610	96.5770	96.9652
761.8271	0.601708	0.604835	-0.069279	-0.073737	18.6390	18.7699	96.5680	96.9508
761.3938	0.601996	0.605099	-0.069206	-0.073614	18.6490	18.7789	96.5580	96.9363
760.9604	0.602597	0.605363	-0.068838	-0.073490	18.6690	18.7878	96.5170	96.9218
760.5269	0.603101	0.605627	-0.068821	-0.073367	18.6870	18.7967	96.5100	96.9073
760.0933	0.603648	0.605891	-0.068681	-0.073243	18.7060	18.8057	96.4910	96.8928
759.6597	0.604240	0.606155	-0.068374	-0.073119	18.7260	18.8146	96.4560	96.8782
759.2259	0.604479	0.606420	-0.068487	-0.072995	18.7350	18.8236	96.4640	96.8637
758.7921	0.604778	0.606684	-0.068553	-0.072871	18.7460	18.8326	96.4670	96.8492
758.3581	0.605249	0.606949	-0.068328	-0.072747	18.7620	18.8415	96.4410	96.8347
757.9240	0.605400	0.607214	-0.068227	-0.072622	18.7670	18.8505	96.4300	96.8201
757.4899	0.605797	0.607479	-0.068165	-0.072498	18.7810	18.8595	96.4200	96.8056
757.0556	0.606156	0.607744	-0.068184	-0.072373	18.7940	18.8685	96.4180	96.7910
756.6213	0.606774	0.608010	-0.068136	-0.072248	18.8160	18.8775	96.4070	96.7765
756.1868	0.607364	0.608275	-0.067837	-0.072122	18.8360	18.8866	96.3730	96.7619
755.7523	0.607521	0.608541	-0.067919	-0.072007	18.8420	18.8956	96.3790	96.7483
755.3177	0.607941	0.608807	-0.067891	-0.071898	18.8570	18.9047	96.3720	96.7353
754.8830	0.608205	0.609073	-0.068017	-0.071790	18.8670	18.9138	96.3810	96.7223
754.4482	0.608439	0.609339	-0.067914	-0.071681	18.8750	18.9230	96.3690	96.7093
754.0132	0.608812	0.609605	-0.068053	-0.071572	18.8890	18.9321	96.3780	96.6963
753.5782	0.609128	0.609871	-0.067959	-0.071463	18.9000	18.9412	96.3660	96.6833
753.1431	0.609488	0.610138	-0.067966	-0.071354	18.9130	18.9504	96.3630	96.6703
752.7079	0.609755	0.610405	-0.068061	-0.071245	18.9230	18.9596	96.3690	96.6573
752.2726	0.610119	0.610671	-0.068026	-0.071135	18.9360	18.9687	96.3620	96.6443
751.8373	0.610371	0.610938	-0.068000	-0.071025	18.9450	18.9779	96.3570	96.6312
751.4018	0.610997	0.611205	-0.067606	-0.070916	18.9660	18.9871	96.3140	96.6182
750.9662	0.611445	0.611473	-0.067558	-0.070805	18.9820	18.9963	96.3050	96.6051
750.5306	0.611745	0.611740	-0.067602	-0.070695	18.9930	19.0055	96.3060	96.5921
750.0948	0.612129	0.612008	-0.067385	-0.070585	19.0060	19.0147	96.2820	96.5790
749.6589	0.612547	0.612275	-0.067355	-0.070474	19.0210	19.0239	96.2750	96.5659
749.2230	0.612773	0.612543	-0.067315	-0.070363	19.0290	19.0331	96.2690	96.5529
748.7869	0.613017	0.612811	-0.067353	-0.070252	19.0380	19.0423	96.2700	96.5398
748.3508	0.613586	0.613079	-0.067209	-0.070141	19.0580	19.0516	96.2510	96.5267
747.9146	0.613898	0.613348	-0.067385	-0.070029	19.0700	19.0608	96.2640	96.5136
747.4782	0.614190	0.613616	-0.067493	-0.069918	19.0810	19.0701	96.2710	96.5005
747.0417	0.614548	0.613885	-0.067499	-0.069806	19.0940	19.0793	96.2680	96.4873
746.6052	0.614866	0.614165	-0.067371	-0.069695	19.1050	19.0890	96.2530	96.4742
746.1686	0.615413	0.614447	-0.067160	-0.069585	19.1240	19.0988	96.2280	96.4611
745.7319	0.615898	0.614729	-0.067006	-0.069474	19.1410	19.1085	96.2090	96.4480
745.2950	0.616371	0.615013	-0.066970	-0.069363	19.1580	19.1184	96.2010	96.4348
744.8582	0.616941	0.615296	-0.066792	-0.069252	19.1780	19.1282	96.1790	96.4217
744.4211	0.617129	0.615580	-0.066835	-0.069141	19.1850	19.1380	96.1810	96.4085
743.9841	0.617418	0.615863	-0.066964	-0.069030	19.1960	19.1478	96.1900	96.3954
743.5468	0.617847	0.616147	-0.066814	-0.068918	19.2110	19.1577	96.1720	96.3822
743.1096	0.618143	0.616431	-0.066868	-0.068807	19.2220	19.1675	96.1740	96.3690
742.6722	0.618342	0.616715	-0.067064	-0.068695	19.2300	19.1774	96.1900	96.3559
742.2347	0.618558	0.616999	-0.067099	-0.068583	19.2380	19.1873	96.1910	96.3427
741.7971	0.618857	0.617284	-0.066880	-0.068470	19.2480	19.1971	96.1680	96.3295
741.3594	0.618965	0.617568	-0.066891	-0.068358	19.2520	19.2070	96.1680	96.3163
740.9216	0.619172	0.617853	-0.067012	-0.068245	19.2600	19.2169	96.1770	96.3031
740.4838	0.619354	0.618138	-0.067108	-0.068132	19.2670	19.2268	96.1840	96.2899
740.0458	0.619472	0.618422	-0.067285	-0.068019	19.2720	19.2367	96.1990	96.2766
739.6077	0.619535	0.618707	-0.067467	-0.067906	19.2750	19.2466	96.2150	96.2634
739.1696	0.619863	0.618993	-0.067481	-0.067792	19.2870	19.2566	96.2130	96.2502
738.7313	0.620041	0.619278	-0.067610	-0.067679	19.2940	19.2665	96.2230	96.2369
738.2930	0.620321	0.619563	-0.067553	-0.067565	19.3040	19.2764	96.2150	96.2236
737.8545	0.620512	0.619843	-0.067563	-0.067448	19.3110	19.2862	96.2140	96.2102
737.4160	0.620845	0.620111	-0.067533	-0.067327	19.3230	19.2954	96.2080	96.1965
736.9773	0.621000	0.620378	-0.067616	-0.067205	19.3290	19.3047	96.2140	96.1827
736.5386	0.621176	0.620646	-0.067766	-0.067083	19.3360	19.3140	96.2260	96.1689
736.0997	0.621333	0.620915	-0.067828	-0.066961	19.3420	19.3233	96.2300	96.1552
735.6608	0.621570	0.621183	-0.067919	-0.066839	19.3510	19.3326	96.2360	96.1414
735.2218	0.621710	0.621451	-0.067891	-0.066717	19.3560	19.3419	96.2320	96.1276
734.7827	0.621809	0.621720	-0.068242	-0.066594	19.3610	19.3512	96.2630	96.1138
734.3434	0.622016	0.621988	-0.068100	-0.066471	19.3680	19.3606	96.2480	96.1000
733.9041	0.622322	0.622257	-0.068056	-0.066348	19.3790	19.3699	96.2410	96.0862
733.4647	0.622380	0.622526	-0.068030	-0.066225	19.3810	19.3792	96.2380	96.0724
733.0252	0.622401	0.622795	-0.068087	-0.066102	19.3820	19.3886	96.2430	96.0585
732.5856	0.622832	0.623065	-0.067903	-0.065978	19.3970	19.3980	96.2220	96.0447
732.1459	0.622916	0.623334	-0.067879	-0.065855	19.4000	19.4073	96.2190	96.0309
731.7061	0.622821	0.623604	-0.067748	-0.065731	19.3960	19.4167	96.2080	96.0170
731.2662	0.622953	0.623874	-0.067795	-0.065607	19.4010	19.4261	96.2110	96.0032
730.8262	0.623012	0.624143	-0.067758	-0.065483	19.4030	19.4355	96.2070	95.9893
730.3861	0.622922	0.624413	-0.067825	-0.065358	19.4000	19.4449	96.2140	95.9755
729.9459	0.623053	0.624684	-0.067630	-0.065234	19.4040	19.4544	96.1950	95.9616
729.5057	0.623096	0.624961	-0.067481	-0.065112	19.4050	19.4640	96.1810	95.9480
729.0653	0.623381	0.625238	-0.067126	-0.064990	19.4140	19.4737	96.1460	95.9343
728.6248	0.623281	0.625527	-0.067039	-0.064874	19.4100	19.4838	96.1390	95.9211
728.1843	0.623248	0.625819	-0.066837	-0.064759	19.4080	19.4941	96.1210	95.9079
727.7436	0.623343	0.626110	-0.066715	-0.064644	19.4110	19.5044	96.1090	95.8948
727.3028	0.623375	0.626402	-0.066675	-0.064529	19.4120	19.5146	96.1050	95.8816
726.8619	0.623657	0.626694	-0.066331	-0.064413	19.4210	19.5249	96.0710	95.8684
726.4210	0.623570	0.626986	-0.066123	-0.064297	19.4170	19.5352	96.0530	95.8552
725.9799	0.623738	0.627279	-0.065833	-0.064181	19.4220	19.5455	96.0250	95.8420
725.5388	0.623943	0.627571	-0.065436	-0.064065	19.4280	19.5558	95.9870	95.8288
725.0975	0.624294	0.627863	-0.064955	-0.063949	19.4390	19.5661	95.9400	95.8156
724.6561	0.624421	0.628156	-0.064781	-0.063832	19.4430	19.5764	95.9230	95.8024
724.2147	0.624360	0.628449	-0.064587	-0.063715	19.4400	19.5867	95.9060	95.7892
723.7732	0.624397	0.628742	-0.064228	-0.063598	19.4400	19.5971	95.8730	95.7759
723.3315	0.624361	0.629035	-0.064048	-0.063481	19.4380	19.6074	95.8570	95.7627
722.8898	0.624532	0.629328	-0.063438	-0.063364	19.4420	19.6178	95.8000	95.7494
722.4479	0.624594	0.629621	-0.063092	-0.063246	19.4430	19.6281	95.7680	95.7362
722.0060	0.624615	0.629915	-0.062620	-0.063128	19.4420	19.6385	95.7250	95.7229
721.5640	0.625022	0.630208	-0.062099	-0.063010	19.4550	19.6489	95.6740	95.7097
721.1218	0.625238	0.630502	-0.061845	-0.062892	19.4620	19.6593	95.6490	95.6964
720.6796	0.625293	0.630785	-0.061564	-0.062770	19.4630	19.6692	95.6230	95.6828
720.2373	0.625378	0.631065	-0.061253	-0.062646	19.4650	19.6791	95.5940	95.6692
719.7949	0.625314	0.631343	-0.061070	-0.062522	19.4620	19.6889	95.5780	95.6555
719.3524	0.625445	0.631619	-0.060565	-0.062396	19.4650	19.6986	95.5310	95.6418
718.9097	0.625458	0.631895	-0.060148	-0.062270	19.4640	19.7084	95.4930	95.6281
718.4670	0.625413	0.632172	-0.059471	-0.062145	19.4600	19.7181	95.4320	95.6143
718.0242	0.625683	0.632448	-0.058924	-0.062018	19.4680	19.7279	95.3800	95.6006
717.5813	0.625840	0.632725	-0.058421	-0.061892	19.4720	19.7376	95.3330	95.5868
717.1383	0.625965	0.633002	-0.057948	-0.061766	19.4750	19.7474	95.2890	95.5730
716.6952	0.626074	0.633279	-0.057363	-0.061639	19.4770	19.7572	95.2350	95.5593
716.2520	0.626262	0.633556	-0.056796	-0.061512	19.4820	19.7670	95.1820	95.5455
715.8087	0.626496	0.633834	-0.056012	-0.061385	19.4880	19.7768	95.1090	95.5317
715.3653	0.626604	0.634111	-0.055405	-0.061258	19.4900	19.7866	95.0530	95.5179
714.9218	0.626505	0.634389	-0.054988	-0.061131	19.4850	19.7964	95.0160	95.5041
714.4782	0.626582	0.634667	-0.054411	-0.061003	19.4860	19.8062	94.9630	95.4903
714.0345	0.626884	0.634945	-0.053754	-0.060875	19.4950	19.8161	94.9010	95.4765
713.5907	0.627035	0.635223	-0.053260	-0.060748	19.4990	19.8259	94.8550	95.4627
713.1469	0.627061	0.635501	-0.052634	-0.060619	19.4980	19.8358	94.7980	95.4489
712.7028	0.627095	0.635791	-0.051898	-0.060499	19.4970	19.8461	94.7310	95.4356
712.2588	0.627266	0.636086	-0.051141	-0.060382	19.5010	19.8566	94.6610	95.4227
711.8146	0.627321	0.636386	-0.050462	-0.060268	19.5010	19.8673	94.5990	95.4099
711.3703	0.627539	0.636692	-0.049785	-0.060158	19.5070	19.8783	94.5360	95.3975
710.9259	0.627814	0.636999	-0.049046	-0.060047	19.5150	19.8893	94.4670	95.3851
710.4814	0.627939	0.637306	-0.048494	-0.059937	19.5180	19.9003	94.4160	95.3727
710.0369	0.628115	0.637612	-0.047967	-0.059826	19.5230	19.9113	94.3670	95.3603
709.5922	0.628163	0.637919	-0.047331	-0.059716	19.5230	19.9223	94.3090	95.3479
709.1474	0.628344	0.638227	-0.046738	-0.059605	19.5280	19.9334	94.2540	95.3354
708.7026	0.628336	0.638534	-0.046109	-0.059494	19.5260	19.9444	94.1970	95.3230
708.2576	0.628380	0.638841	-0.045506	-0.059382	19.5260	19.9554	94.1420	95.3105
707.8125	0.628368	0.639149	-0.044910	-0.059270	19.5240	19.9665	94.0880	95.2981
707.3674	0.628653	0.639456	-0.044346	-0.059159	19.5330	19.9775	94.0350	95.2856
706.9221	0.628827	0.639764	-0.043795	-0.059047	19.5380	19.9886	93.9840	95.2731
706.4767	0.629136	0.640072	-0.043254	-0.058934	19.5480	19.9997	93.9330	95.2607
706.0313	0.629370	0.640380	-0.042619	-0.058822	19.5550	20.0108	93.8740	95.2482
705.5857	0.629587	0.640688	-0.042214	-0.058709	19.5620	20.0219	93.8360	95.2357
705.1401	0.629805	0.640996	-0.041798	-0.058596	19.5690	20.0330	93.7970	95.2232
704.6943	0.629999	0.641303	-0.041325	-0.058481	19.5750	20.0440	93.7530	95.2104
704.2484	0.630110	0.641608	-0.040869	-0.058363	19.5780	20.0550	93.7110	95.1975
703.8025	0.630298	0.641913	-0.040472	-0.058244	19.5840	20.0660	93.6740	95.1845
703.3564	0.630524	0.642216	-0.039912	-0.058122	19.5910	20.0769	93.6220	95.1713
702.9103	0.630846	0.642519	-0.039535	-0.058000	19.6020	20.0878	93.5860	95.1581
702.4641	0.631124	0.642822	-0.038988	-0.057878	19.6110	20.0987	93.5350	95.1449
702.0177	0.631369	0.643125	-0.038517	-0.057755	19.6190	20.1096	93.4910	95.1316
701.5712	0.631638	0.643429	-0.038102	-0.057633	19.6280	20.1205	93.4520	95.1184
701.1247	0.631925	0.643732	-0.037831	-0.057510	19.6380	20.1315	93.4260	95.1052
700.6780	0.632160	0.644036	-0.037524	-0.057387	19.6460	20.1424	93.3970	95.0919
700.2313	0.632419	0.644340	-0.037262	-0.057264	19.6550	20.1534	93.3720	95.0787
699.7844	0.632657	0.644644	-0.036889	-0.057140	19.6630	20.1643	93.3370	95.0654
699.3375	0.632917	0.644948	-0.036616	-0.057017	19.6720	20.1753	93.3110	95.0521
698.8904	0.633230	0.645252	-0.036334	-0.056893	19.6830	20.1863	93.2840	95.0388
698.4433	0.633512	0.645557	-0.036140	-0.056769	19.6930	20.1973	93.2650	95.0255
697.9961	0.633913	0.645861	-0.035730	-0.056645	19.7070	20.2083	93.2260	95.0123
697.5488	0.634195	0.646166	-0.035524	-0.056520	19.7170	20.2193	93.2060	94.9990
697.1013	0.634503	0.646471	-0.035330	-0.056396	19.7280	20.2303	93.1870	94.9857
696.6537	0.634701	0.646774	-0.035152	-0.056276	19.7350	20.2413	93.1700	94.9728
696.2061	0.634986	0.647076	-0.034890	-0.056157	19.7450	20.2523	93.1450	94.9600
695.7584	0.635368	0.647378	-0.034800	-0.056041	19.7590	20.2632	93.1350	94.9475
695.3105	0.635732	0.647678	-0.034564	-0.055928	19.7720	20.2741	93.1120	94.9353
694.8626	0.636140	0.647978	-0.034497	-0.055814	19.7870	20.2850	93.1040	94.9231
694.4146	0.636467	0.648279	-0.034425	-0.055701	19.7990	20.2960	93.0960	94.9109
693.9664	0.636880	0.648580	-0.034247	-0.055587	19.8140	20.3069	93.0780	94.8986
693.5182	0.637424	0.648881	-0.034142	-0.055473	19.8340	20.3179	93.0660	94.8864
693.0699	0.637909	0.649182	-0.034124	-0.055359	19.8520	20.3288	93.0620	94.8741
692.6215	0.638287	0.649483	-0.034110	-0.055245	19.8660	20.3398	93.0590	94.8618
692.1729	0.638713	0.649784	-0.034178	-0.055130	19.8820	20.3508	93.0630	94.8496
691.7243	0.639166	0.650086	-0.034247	-0.055015	19.8990	20.3618	93.0670	94.8373
691.2756	0.639723	0.650387	-0.034377	-0.054900	19.9200	20.3728	93.0760	94.8250
690.8267	0.640098	0.650689	-0.034386	-0.054785	19.9340	20.3838	93.0750	94.8127
690.3778	0.640555	0.650991	-0.034366	-0.054669	19.9510	20.3948	93.0710	94.8004
689.9288	0.640981	0.651293	-0.034434	-0.054554	19.9670	20.4058	93.0750	94.7880
689.4797	0.641483	0.651595	-0.034551	-0.054438	19.9860	20.4168	93.0830	94.7757
689.0304	0.641930	0.651897	-0.034710	-0.054322	20.0030	20.4279	93.0950	94.7634
688.5811	0.642302	0.652200	-0.034763	-0.054206	20.0170	20.4389	93.0980	94.7511
688.1317	0.642698	0.652504	-0.034864	-0.054091	20.0320	20.4500	93.1050	94.7388
687.6821	0.643093	0.652807	-0.034975	-0.053975	20.0470	20.4611	93.1130	94.7266
687.2325	0.643523	0.653111	-0.034931	-0.053859	20.0630	20.4722	93.1070	94.7143
686.7828	0.643967	0.653414	-0.035135	-0.053743	20.0800	20.4834	93.1230	94.7020
686.3329	0.644437	0.653718	-0.035330	-0.053627	20.0980	20.4945	93.1380	94.6897
685.8830	0.644927	0.654022	-0.035628	-0.053511	20.1170	20.5056	93.1620	94.6774
685.4330	0.645422	0.654326	-0.035859	-0.053394	20.1360	20.5168	93.1800	94.6651
684.9828	0.645966	0.654631	-0.036138	-0.053277	20.1570	20.5280	93.2020	94.6528
684.5327	0.646301	0.654935	-0.036338	-0.053160	20.1700	20.5391	93.2180	94.6405
684.0823	0.646588	0.655240	-0.036456	-0.053043	20.1810	20.5503	93.2270	94.6281
683.6319	0.647030	0.655545	-0.036650	-0.052926	20.1980	20.5615	93.2420	94.6158
683.1813	0.647342	0.655849	-0.036770	-0.052808	20.2100	20.5727	93.2510	94.6034
682.7307	0.647820	0.656154	-0.036786	-0.052690	20.2280	20.5839	93.2500	94.5911
682.2800	0.648257	0.656459	-0.037060	-0.052572	20.2450	20.5951	93.2720	94.5787
681.8292	0.648596	0.656766	-0.037171	-0.052454	20.2580	20.6064	93.2800	94.5663
681.3782	0.649138	0.657075	-0.037452	-0.052336	20.2790	20.6178	93.3020	94.5540
680.9272	0.649520	0.657386	-0.037735	-0.052218	20.2940	20.6292	93.3250	94.5416
680.4761	0.649832	0.657708	-0.037856	-0.052101	20.3060	20.6411	93.3340	94.5293
680.0248	0.650192	0.658030	-0.038048	-0.051984	20.3200	20.6530	93.3490	94.5169
679.5735	0.650498	0.658352	-0.038259	-0.051867	20.3320	20.6649	93.3660	94.5046
679.1221	0.650832	0.658674	-0.038439	-0.051749	20.3450	20.6768	93.3800	94.4922
678.6705	0.651189	0.658997	-0.038676	-0.051631	20.3590	20.6887	93.3990	94.4799
678.2189	0.651519	0.659319	-0.038913	-0.051513	20.3720	20.7006	93.4180	94.4675
677.7672	0.651959	0.659642	-0.039099	-0.051395	20.3890	20.7126	93.4320	94.4551
677.3154	0.652366	0.659965	-0.039363	-0.051277	20.4050	20.7245	93.4530	94.4428
676.8634	0.652757	0.660288	-0.039467	-0.051158	20.4200	20.7365	93.4600	94.4304
676.4114	0.653039	0.660611	-0.039610	-0.051040	20.4310	20.7485	93.4710	94.4180
675.9592	0.653298	0.660934	-0.039706	-0.050920	20.4410	20.7604	93.4780	94.4055
675.5070	0.653680	0.661257	-0.039935	-0.050801	20.4560	20.7724	93.4960	94.3931
675.0547	0.653977	0.661581	-0.040274	-0.050682	20.4680	20.7844	93.5240	94.3807
674.6022	0.654250	0.661904	-0.040554	-0.050562	20.4790	20.7964	93.5470	94.3683
674.1497	0.654605	0.662228	-0.040794	-0.050442	20.4930	20.8084	93.5660	94.3558
673.6971	0.654853	0.662556	-0.041039	-0.050329	20.5030	20.8207	93.5860	94.3439
673.2443	0.655158	0.662888	-0.041231	-0.050218	20.5150	20.8330	93.6010	94.3323
672.7915	0.655463	0.663220	-0.041422	-0.050109	20.5270	20.8454	93.6160	94.3207
672.3386	0.655843	0.663553	-0.041653	-0.050000	20.5420	20.8578	93.6340	94.3092
671.8855	0.656116	0.663887	-0.041923	-0.049891	20.5530	20.8703	93.6560	94.2977
671.4324	0.656491	0.664221	-0.042235	-0.049782	20.5680	20.8828	93.6810	94.2862
670.9791	0.656866	0.664554	-0.042547	-0.049673	20.5830	20.8952	93.7060	94.2747
670.5258	0.657320	0.664888	-0.042864	-0.049563	20.6010	20.9077	93.7310	94.2632
670.0723	0.657677	0.665222	-0.043026	-0.049454	20.6150	20.9202	93.7430	94.2516
669.6188	0.658002	0.665556	-0.043289	-0.049344	20.6280	20.9327	93.7640	94.2401
669.1651	0.658250	0.665890	-0.043513	-0.049233	20.6380	20.9452	93.7820	94.2285
668.7114	0.658631	0.666225	-0.043712	-0.049123	20.6530	20.9577	93.7970	94.2170
668.2575	0.658902	0.666559	-0.043995	-0.049012	20.6640	20.9702	93.8200	94.2054
667.8035	0.659252	0.666893	-0.044250	-0.048901	20.6780	20.9828	93.8400	94.1938
667.3495	0.659632	0.667228	-0.044460	-0.048790	20.6930	20.9953	93.8560	94.1823
666.8953	0.660011	0.667563	-0.044671	-0.048679	20.7080	21.0079	93.8720	94.1707
666.4411	0.660340	0.667898	-0.044855	-0.048568	20.7210	21.0205	93.8860	94.1591
665.9868	0.660639	0.668234	-0.045084	-0.048457	20.7330	21.0331	93.9040	94.1476
665.5323	0.660936	0.668570	-0.045336	-0.048347	20.7450	21.0457	93.9240	94.1361
665.0777	0.661368	0.668906	-0.045540	-0.048236	20.7620	21.0584	93.9390	94.1245
664.6230	0.661718	0.669243	-0.045773	-0.048125	20.7760	21.0710	93.9570	94.1130
664.1683	0.662119	0.669579	-0.046033	-0.048013	20.7920	21.0837	93.9770	94.1015
663.7134	0.662498	0.669916	-0.046233	-0.047902	20.8070	21.0963	93.9920	94.0899
663.2584	0.662874	0.670252	-0.046457	-0.047790	20.8220	21.1090	94.0090	94.0784
662.8034	0.663200	0.670589	-0.046655	-0.047678	20.8350	21.1217	94.0240	94.0668
662.3482	0.663606	0.670926	-0.046834	-0.047565	20.8510	21.1344	94.0370	94.0552
661.8929	0.664042	0.671263	-0.046947	-0.047453	20.8680	21.1471	94.0440	94.0436
661.4376	0.664393	0.671600	-0.047146	-0.047340	20.8820	21.1598	94.0590	94.0320
660.9821	0.664744	0.671937	-0.047346	-0.047227	20.8960	21.1726	94.0740	94.0204
660.5265	0.665148	0.672274	-0.047538	-0.047114	20.9120	21.1853	94.0880	94.0088
660.0708	0.665476	0.672612	-0.047690	-0.047000	20.9250	21.1980	94.0990	93.9972
659.6151	0.665888	0.672944	-0.047755	-0.046888	20.9410	21.2106	94.1020	93.9857
659.1592	0.666425	0.673275	-0.047899	-0.046775	20.9620	21.2231	94.1110	93.9742
658.7032	0.666911	0.673602	-0.048015	-0.046664	20.9810	21.2355	94.1180	93.9628
658.2471	0.667352	0.673927	-0.048035	-0.046552	20.9980	21.2478	94.1170	93.9515
657.7909	0.667735	0.674252	-0.048133	-0.046441	21.0130	21.2601	94.1230	93.9402
657.3346	0.668251	0.674577	-0.048182	-0.046329	21.0330	21.2724	94.1240	93.9288
656.8782	0.668709	0.674903	-0.048321	-0.046217	21.0510	21.2847	94.1330	93.9175
656.4218	0.669117	0.675228	-0.048421	-0.046105	21.0670	21.2971	94.1390	93.9061
655.9651	0.669603	0.675554	-0.048515	-0.045993	21.0860	21.3094	94.1440	93.8948
655.5084	0.670019	0.675880	-0.048509	-0.045880	21.1020	21.3218	94.1410	93.8834
655.0516	0.670452	0.676206	-0.048611	-0.045767	21.1190	21.3341	94.1470	93.8720
654.5947	0.670755	0.676532	-0.048716	-0.045654	21.1310	21.3465	94.1540	93.8606
654.1377	0.671113	0.676858	-0.048777	-0.045541	21.1450	21.3589	94.1570	93.8492
653.6806	0.671420	0.677184	-0.048823	-0.045427	21.1570	21.3713	94.1590	93.8378
653.2234	0.671831	0.677510	-0.048865	-0.045313	21.1730	21.3837	94.1600	93.8264
652.7661	0.672187	0.677842	-0.048950	-0.045200	21.1870	21.3963	94.1650	93.8149
652.3087	0.672524	0.678178	-0.048939	-0.045086	21.2000	21.4091	94.1620	93.8035
651.8511	0.672857	0.678517	-0.048975	-0.044972	21.2130	21.4220	94.1630	93.7920
651.3936	0.673192	0.678860	-0.048987	-0.044858	21.2260	21.4351	94.1620	93.7806
650.9358	0.673598	0.679204	-0.049088	-0.044744	21.2420	21.4482	94.1680	93.7691
650.4780	0.673959	0.679547	-0.049090	-0.044630	21.2560	21.4613	94.1660	93.7576
650.0201	0.674398	0.679890	-0.049087	-0.044516	21.2730	21.4745	94.1630	93.7461
649.5620	0.674782	0.680234	-0.049115	-0.044401	21.2880	21.4876	94.1630	93.7346
649.1039	0.675069	0.680578	-0.049076	-0.044286	21.2990	21.5007	94.1580	93.7231
648.6457	0.675357	0.680921	-0.049003	-0.044171	21.3100	21.5139	94.1500	93.7115
648.1873	0.675694	0.681265	-0.048980	-0.044055	21.3230	21.5270	94.1460	93.7000
647.7289	0.676086	0.681609	-0.048901	-0.043940	21.3380	21.5402	94.1370	93.6885
647.2703	0.676448	0.681953	-0.048868	-0.043824	21.3520	21.5534	94.1320	93.6769
646.8117	0.676718	0.682297	-0.048698	-0.043708	21.3620	21.5666	94.1160	93.6653
646.3530	0.677106	0.682642	-0.048654	-0.043591	21.3770	21.5798	94.1100	93.6538
645.8941	0.677370	0.682988	-0.048555	-0.043477	21.3870	21.5930	94.1000	93.6423
645.4351	0.677686	0.683339	-0.048446	-0.043369	21.3990	21.6066	94.0890	93.6315
644.9761	0.678051	0.683691	-0.048365	-0.043262	21.4130	21.6201	94.0800	93.6207
644.5169	0.678352	0.684044	-0.048113	-0.043156	21.4240	21.6337	94.0570	93.6100
644.0577	0.678778	0.684398	-0.047893	-0.043050	21.4400	21.6473	94.0360	93.5993
643.5983	0.679021	0.684751	-0.047720	-0.042944	21.4490	21.6610	94.0200	93.5886
643.1389	0.679285	0.685105	-0.047607	-0.042837	21.4590	21.6746	94.0090	93.5779
642.6793	0.679550	0.685459	-0.047483	-0.042731	21.4690	21.6882	93.9970	93.5671
642.2196	0.679848	0.685813	-0.047242	-0.042624	21.4800	21.7019	93.9750	93.5564
641.7598	0.680270	0.686167	-0.047068	-0.042516	21.4960	21.7156	93.9580	93.5456
641.2999	0.680645	0.686521	-0.046819	-0.042409	21.5100	21.7293	93.9350	93.5349
640.8400	0.681067	0.686875	-0.046634	-0.042301	21.5260	21.7429	93.9170	93.5241
640.3799	0.681385	0.687229	-0.046464	-0.042193	21.5380	21.7566	93.9010	93.5133
639.9197	0.681811	0.687583	-0.046218	-0.042085	21.5540	21.7704	93.8780	93.5025
639.4594	0.682076	0.687938	-0.046069	-0.041977	21.5640	21.7841	93.8640	93.4918
638.9990	0.682299	0.688292	-0.045797	-0.041868	21.5720	21.7978	93.8400	93.4810
638.5385	0.682594	0.688650	-0.045577	-0.041763	21.5830	21.8117	93.8200	93.4704
638.0779	0.682839	0.689007	-0.045354	-0.041657	21.5920	21.8256	93.8000	93.4598
637.6172	0.683136	0.689365	-0.045110	-0.041551	21.6030	21.8394	93.7780	93.4493
637.1564	0.683531	0.689723	-0.044921	-0.041444	21.6180	21.8533	93.7600	93.4387
636.6954	0.683878	0.690081	-0.044668	-0.041337	21.6310	21.8672	93.7370	93.4280
636.2344	0.684335	0.690438	-0.044302	-0.041230	21.6480	21.8812	93.7040	93.4174
635.7733	0.684655	0.690796	-0.044071	-0.041123	21.6600	21.8951	93.6830	93.4068
635.3121	0.684849	0.691154	-0.043831	-0.041016	21.6670	21.9090	93.6620	93.3962
634.8508	0.685177	0.691512	-0.043468	-0.040908	21.6790	21.9230	93.6300	93.3855
634.3893	0.685473	0.691870	-0.043210	-0.040800	21.6900	21.9369	93.6070	93.3748
633.9278	0.686021	0.692229	-0.042980	-0.040691	21.7110	21.9509	93.5850	93.3642
633.4662	0.686647	0.692587	-0.042719	-0.040583	21.7350	21.9648	93.5600	93.3535
633.0044	0.687124	0.692945	-0.042399	-0.040474	21.7530	21.9788	93.5310	93.3428
632.5425	0.687516	0.693310	-0.042207	-0.040346	21.7680	21.9930	93.5130	93.3305
632.0806	0.687833	0.693674	-0.041997	-0.040218	21.7800	22.0072	93.4940	93.3182
631.6186	0.687995	0.694041	-0.041826	-0.040079	21.7860	22.0215	93.4790	93.3050
631.1564	0.688334	0.694410	-0.041678	-0.039938	21.7990	22.0358	93.4650	93.2917
630.6942	0.688513	0.694778	-0.041219	-0.039797	21.8050	22.0502	93.4260	93.2783
630.2318	0.688767	0.695146	-0.040788	-0.039655	21.8140	22.0645	93.3890	93.2650
629.7693	0.688789	0.695515	-0.040403	-0.039513	21.8140	22.0789	93.3570	93.2516
629.3068	0.689264	0.695883	-0.040069	-0.039371	21.8320	22.0932	93.3270	93.2382
628.8441	0.689334	0.696251	-0.039747	-0.039229	21.8340	22.1076	93.3000	93.2248
628.3813	0.690034	0.696620	-0.039437	-0.039087	21.8610	22.1220	93.2710	93.2114
627.9184	0.690611	0.696988	-0.039059	-0.038944	21.8830	22.1364	93.2370	93.1980
627.4554	0.691399	0.697357	-0.038958	-0.038801	21.9140	22.1508	93.2250	93.1846
626.9923	0.691752	0.697726	-0.038517	-0.038658	21.9270	22.1652	93.1870	93.1712
626.5291	0.691948	0.698093	-0.038165	-0.038525	21.9340	22.1796	93.1570	93.1587
626.0658	0.692114	0.698461	-0.037883	-0.038393	21.9400	22.1940	93.1330	93.1463
625.6024	0.692507	0.698824	-0.037602	-0.038299	21.9550	22.2084	93.1080	93.1369
625.1389	0.692926	0.699186	-0.037770	-0.038211	21.9720	22.2227	93.1200	93.1282
624.6753	0.693684	0.699548	-0.037714	-0.038123	22.0020	22.2370	93.1120	93.1193
624.2115	0.693866	0.699911	-0.037615	-0.038035	22.0090	22.2514	93.1030	93.1105
623.7477	0.694072	0.700274	-0.037517	-0.037946	22.0170	22.2657	93.0940	93.1017
623.2838	0.694926	0.700636	-0.037514	-0.037857	22.0510	22.2801	93.0900	93.0928
622.8198	0.695499	0.700999	-0.037119	-0.037768	22.0730	22.2945	93.0550	93.0839
622.3557	0.695570	0.701362	-0.035772	-0.037678	22.0730	22.3089	92.9440	93.0751
621.8914	0.695836	0.701725	-0.034482	-0.037588	22.0810	22.3233	92.8370	93.0661
621.4271	0.695953	0.702088	-0.033100	-0.037498	22.0830	22.3377	92.7230	93.0572
620.9626	0.695977	0.702451	-0.031507	-0.037407	22.0810	22.3521	92.5920	93.0483
620.4980	0.695813	0.702814	-0.030100	-0.037317	22.0720	22.3665	92.4770	93.0393
620.0334	0.696098	0.703177	-0.028713	-0.037225	22.0810	22.3809	92.3620	93.0303
619.5687	0.696911	0.703550	-0.027175	-0.037109	22.1110	22.3957	92.2330	93.0193
619.1038	0.697132	0.703924	-0.025977	-0.036991	22.1180	22.4105	92.1340	93.0081
618.6388	0.697097	0.704298	-0.024855	-0.036869	22.1150	22.4254	92.0420	92.9967
618.1737	0.697415	0.704673	-0.023647	-0.036747	22.1260	22.4403	91.9420	92.9852
617.7086	0.697479	0.705048	-0.022455	-0.036625	22.1270	22.4551	91.8440	92.9737
617.2433	0.697638	0.705423	-0.021388	-0.036502	22.1320	22.4700	91.7560	92.9622
616.7779	0.697944	0.705798	-0.020349	-0.036380	22.1430	22.4849	91.6700	92.9506
616.3124	0.698119	0.706173	-0.019476	-0.036256	22.1490	22.4999	91.5980	92.9391
615.8468	0.697990	0.706548	-0.018692	-0.036133	22.1430	22.5148	91.5340	92.9276
615.3810	0.698339	0.706923	-0.017762	-0.036009	22.1560	22.5297	91.4570	92.9160
614.9153	0.698259	0.707299	-0.016968	-0.035885	22.1520	22.5447	91.3920	92.9044
614.4493	0.698378	0.707674	-0.016190	-0.035761	22.1560	22.5596	91.3280	92.8929
613.9833	0.698465	0.708049	-0.015631	-0.035637	22.1590	22.5746	91.2820	92.8813
613.5172	0.698679	0.708426	-0.015001	-0.035532	22.1670	22.5897	91.2300	92.8713
613.0510	0.698991	0.708803	-0.014422	-0.035426	22.1790	22.6047	91.1820	92.8613
612.5847	0.699274	0.709180	-0.013976	-0.035324	22.1900	22.6199	91.1450	92.8516
612.1182	0.699607	0.709557	-0.013543	-0.035223	22.2030	22.6350	91.1090	92.8419
611.6517	0.699890	0.709934	-0.013109	-0.035122	22.2140	22.6501	91.0730	92.8322
611.1850	0.700245	0.710312	-0.012749	-0.035020	22.2280	22.6653	91.0430	92.8225
610.7183	0.700574	0.710689	-0.012461	-0.034917	22.2410	22.6804	91.0190	92.8128
610.2514	0.700954	0.711066	-0.012113	-0.034815	22.2560	22.6956	90.9900	92.8030
609.7844	0.701308	0.711444	-0.011788	-0.034712	22.2700	22.7108	90.9630	92.7933
609.3173	0.701759	0.711822	-0.011588	-0.034609	22.2880	22.7260	90.9460	92.7835
608.8502	0.702333	0.712199	-0.011450	-0.034505	22.3110	22.7412	90.9340	92.7737
608.3829	0.702780	0.712577	-0.011433	-0.034401	22.3290	22.7564	90.9320	92.7639
607.9155	0.703328	0.712952	-0.011368	-0.034297	22.3510	22.7715	90.9260	92.7542
607.4480	0.703923	0.713319	-0.011378	-0.034195	22.3750	22.7863	90.9260	92.7446
606.9804	0.704492	0.713685	-0.011436	-0.034093	22.3980	22.8011	90.9300	92.7350
606.5127	0.705135	0.714048	-0.011508	-0.033991	22.4240	22.8157	90.9350	92.7254
606.0449	0.705750	0.714412	-0.011666	-0.033888	22.4490	22.8304	90.9470	92.7158
605.5770	0.706340	0.714776	-0.011898	-0.033786	22.4730	22.8451	90.9650	92.7062
605.1089	0.707102	0.715140	-0.012083	-0.033682	22.5040	22.8598	90.9790	92.6966
604.6408	0.707815	0.715504	-0.012219	-0.033579	22.5330	22.8746	90.9890	92.6870
604.1726	0.708674	0.715868	-0.012457	-0.033475	22.5680	22.8893	91.0070	92.6773
603.7042	0.709504	0.716232	-0.012818	-0.033371	22.6020	22.9040	91.0350	92.6676
603.2358	0.710333	0.716596	-0.013193	-0.033267	22.6360	22.9188	91.0640	92.6579
602.7673	0.711110	0.716960	-0.013642	-0.033162	22.6680	22.9336	91.0990	92.6482
602.2986	0.711838	0.717324	-0.014066	-0.033057	22.6980	22.9483	91.1320	92.6385
601.8298	0.712614	0.717697	-0.014479	-0.032948	22.7300	22.9635	91.1640	92.6285
601.3610	0.713412	0.718085	-0.014956	-0.032832	22.7630	22.9792	91.2010	92.6179
600.8920	0.714233	0.718474	-0.015398	-0.032716	22.7970	22.9950	91.2350	92.6072
600.4229	0.715052	0.718864	-0.015940	-0.032599	22.8310	23.0109	91.2770	92.5965
599.9537	0.715917	0.719255	-0.016496	-0.032482	22.8670	23.0267	91.3200	92.5857
599.4844	0.716829	0.719645	-0.017056	-0.032364	22.9050	23.0426	91.3630	92.5750
599.0150	0.717810	0.720036	-0.017718	-0.032246	22.9460	23.0585	91.4140	92.5642
598.5455	0.718719	0.720426	-0.018281	-0.032127	22.9840	23.0744	91.4570	92.5534
598.0759	0.719650	0.720817	-0.018882	-0.032008	23.0230	23.0904	91.5030	92.5426
597.6062	0.720405	0.721207	-0.019607	-0.031889	23.0550	23.1063	91.5590	92.5318
597.1364	0.721355	0.721598	-0.020275	-0.031770	23.0950	23.1222	91.6100	92.5209
596.6664	0.722423	0.721989	-0.020924	-0.031649	23.1400	23.1382	91.6590	92.5100
596.1964	0.723390	0.722381	-0.021659	-0.031528	23.1810	23.1542	91.7150	92.4991
595.7263	0.724354	0.722778	-0.022435	-0.031401	23.2220	23.1704	91.7740	92.4876
595.2560	0.725151	0.723179	-0.023105	-0.031270	23.2560	23.1868	91.8250	92.4759
594.7857	0.725872	0.723580	-0.023826	-0.031139	23.2870	23.2032	91.8800	92.4642
594.3152	0.726614	0.723980	-0.024587	-0.031007	23.3190	23.2196	91.9380	92.4524
593.8447	0.727407	0.724381	-0.025224	-0.030875	23.3530	23.2360	91.9860	92.4406
593.3740	0.728199	0.724782	-0.025862	-0.030742	23.3870	23.2525	92.0340	92.4288
592.9032	0.729207	0.725183	-0.026420	-0.030610	23.4300	23.2689	92.0750	92.4170
592.4323	0.730142	0.725584	-0.026939	-0.030477	23.4700	23.2854	92.1130	92.4052
591.9613	0.731211	0.725984	-0.027669	-0.030343	23.5160	23.3018	92.1670	92.3933
591.4902	0.732304	0.726385	-0.028324	-0.030210	23.5630	23.3183	92.2150	92.3815
591.0190	0.733585	0.726786	-0.028976	-0.030075	23.6180	23.3348	92.2620	92.3696
590.5477	0.734415	0.727181	-0.029561	-0.029960	23.6540	23.3511	92.3050	92.3593
590.0763	0.735644	0.727577	-0.030164	-0.029846	23.7070	23.3674	92.3480	92.3490
589.6048	0.736187	0.727965	-0.030752	-0.029756	23.7310	23.3834	92.3920	92.3407
589.1331	0.736943	0.728352	-0.031299	-0.029671	23.7640	23.3995	92.4320	92.3328
588.6614	0.737409	0.728739	-0.031422	-0.029586	23.7840	23.4155	92.4400	92.3248
588.1896	0.738027	0.729126	-0.031862	-0.029500	23.8110	23.4316	92.4720	92.3169
587.7176	0.738908	0.729514	-0.032171	-0.029414	23.8490	23.4477	92.4930	92.3089
587.2455	0.739890	0.729901	-0.032265	-0.029327	23.8910	23.4637	92.4970	92.3009
586.7734	0.740571	0.730288	-0.032256	-0.029240	23.9200	23.4798	92.4940	92.2928
586.3011	0.741186	0.730676	-0.031583	-0.029152	23.9450	23.4959	92.4400	92.2847
585.8287	0.741308	0.731063	-0.030927	-0.029064	23.9490	23.5121	92.3890	92.2766
585.3563	0.741998	0.731451	-0.030087	-0.028976	23.9770	23.5282	92.3220	92.2685
584.8837	0.742716	0.731834	-0.029065	-0.028896	24.0060	23.5442	92.2410	92.2611
584.4109	0.742747	0.732206	-0.027651	-0.028842	24.0050	23.5597	92.1320	92.2557
583.9382	0.743005	0.732576	-0.026349	-0.028788	24.0140	23.5752	92.0310	92.2504
583.4652	0.743770	0.732944	-0.025817	-0.028742	24.0460	23.5906	91.9880	92.2457
582.9922	0.744352	0.733311	-0.025187	-0.028696	24.0700	23.6060	91.9380	92.2409
582.5191	0.744974	0.733679	-0.024700	-0.028649	24.0960	23.6214	91.8990	92.2362
582.0458	0.745634	0.734047	-0.024423	-0.028601	24.1240	23.6369	91.8760	92.2313
581.5725	0.746365	0.734414	-0.024107	-0.028553	24.1550	23.6523	91.8500	92.2265
581.0991	0.746793	0.734782	-0.023808	-0.028505	24.1730	23.6678	91.8260	92.2216
580.6255	0.746653	0.735151	-0.023804	-0.028456	24.1670	23.6832	91.8260	92.2167
580.1519	0.746964	0.735519	-0.023540	-0.028407	24.1800	23.6987	91.8050	92.2117
579.6780	0.747577	0.735903	-0.023206	-0.028339	24.2060	23.7149	91.7780	92.2053
579.2042	0.747815	0.736294	-0.022992	-0.028263	24.2160	23.7313	91.7610	92.1982
578.7302	0.748283	0.736705	-0.022849	-0.028164	24.2360	23.7485	91.7490	92.1893
578.2561	0.748610	0.737130	-0.022741	-0.028048	24.2500	23.7664	91.7400	92.1790
577.7819	0.748776	0.737555	-0.022616	-0.027931	24.2570	23.7842	91.7300	92.1687
577.3076	0.749059	0.737980	-0.022428	-0.027814	24.2690	23.8021	91.7150	92.1584
576.8332	0.749668	0.738406	-0.022171	-0.027697	24.2950	23.8200	91.6940	92.1481
576.3586	0.749924	0.738831	-0.022113	-0.027579	24.3060	23.8378	91.6890	92.1377
575.8840	0.750481	0.739256	-0.021998	-0.027460	24.3300	23.8557	91.6790	92.1273
575.4093	0.751013	0.739681	-0.021948	-0.027341	24.3530	23.8736	91.6740	92.1169
574.9344	0.751501	0.740106	-0.021792	-0.027222	24.3740	23.8915	91.6610	92.1065
574.4595	0.752009	0.740531	-0.021741	-0.027102	24.3960	23.9095	91.6560	92.0960
573.9844	0.752357	0.740955	-0.021620	-0.026982	24.4110	23.9274	91.6460	92.0855
573.5092	0.752822	0.741383	-0.021436	-0.026839	24.4310	23.9454	91.6310	92.0733
573.0339	0.753285	0.741810	-0.021304	-0.026696	24.4510	23.9634	91.6200	92.0610
572.5586	0.753724	0.742237	-0.021198	-0.026552	24.4700	23.9815	91.6110	92.0488
572.0831	0.754163	0.742664	-0.021092	-0.026409	24.4890	23.9995	91.6020	92.0365
571.6075	0.754694	0.743091	-0.020936	-0.026264	24.5120	24.0176	91.5890	92.0243
571.1318	0.755221	0.743518	-0.020924	-0.026120	24.5350	24.0356	91.5870	92.0120
570.6559	0.755771	0.743945	-0.020860	-0.025974	24.5590	24.0537	91.5810	91.9996
570.1801	0.756275	0.744371	-0.020834	-0.025829	24.5810	24.0718	91.5780	91.9873
569.7040	0.756640	0.744798	-0.020818	-0.025683	24.5970	24.0899	91.5760	91.9749
569.2278	0.757189	0.745225	-0.020753	-0.025536	24.6210	24.1080	91.5700	91.9626
568.7516	0.757647	0.745642	-0.020687	-0.025429	24.6410	24.1258	91.5640	91.9532
568.2753	0.758105	0.746050	-0.020593	-0.025357	24.6610	24.1432	91.5560	91.9467
567.7988	0.758608	0.746454	-0.020501	-0.025299	24.6830	24.1605	91.5480	91.9411
567.3222	0.758997	0.746854	-0.020419	-0.025259	24.7000	24.1777	91.5410	91.9370
566.8455	0.759499	0.747255	-0.020339	-0.025218	24.7220	24.1949	91.5340	91.9328
566.3687	0.759955	0.747655	-0.020245	-0.025176	24.7420	24.2121	91.5260	91.9286
565.8918	0.760409	0.748055	-0.020217	-0.025134	24.7620	24.2293	91.5230	91.9243
565.4149	0.760931	0.748456	-0.020191	-0.025091	24.7850	24.2466	91.5200	91.9200
564.9377	0.761340	0.748856	-0.020136	-0.025047	24.8030	24.2638	91.5150	91.9157
564.4605	0.761726	0.749257	-0.020066	-0.025003	24.8200	24.2811	91.5090	91.9113
563.9832	0.762091	0.749658	-0.019956	-0.024956	24.8360	24.2984	91.5000	91.9067
563.5057	0.762500	0.750093	-0.019860	-0.024840	24.8540	24.3170	91.4920	91.8967
563.0282	0.762886	0.750527	-0.019790	-0.024724	24.8710	24.3357	91.4860	91.8867
562.5505	0.763361	0.750982	-0.019709	-0.024562	24.8920	24.3552	91.4790	91.8733
562.0728	0.763791	0.751439	-0.019667	-0.024398	24.9110	24.3748	91.4750	91.8596
561.5948	0.764243	0.751896	-0.019585	-0.024233	24.9310	24.3944	91.4680	91.8460
561.1169	0.764696	0.752352	-0.019477	-0.024068	24.9510	24.4140	91.4590	91.8323
560.6388	0.765149	0.752808	-0.019355	-0.023902	24.9710	24.4336	91.4490	91.8185
560.1606	0.765600	0.753264	-0.019272	-0.023735	24.9910	24.4532	91.4420	91.8048
559.6823	0.766008	0.753720	-0.019109	-0.023569	25.0090	24.4729	91.4290	91.7910
559.2039	0.766413	0.754175	-0.019039	-0.023401	25.0270	24.4925	91.4230	91.7773
558.7253	0.766797	0.754606	-0.018954	-0.023284	25.0440	24.5112	91.4160	91.7673
558.2467	0.767291	0.755019	-0.018900	-0.023203	25.0660	24.5291	91.4110	91.7602
557.7679	0.767740	0.755411	-0.018803	-0.023163	25.0860	24.5462	91.4030	91.7563
557.2891	0.768212	0.755781	-0.018694	-0.023168	25.1070	24.5624	91.3940	91.7558
556.8102	0.768616	0.756152	-0.018650	-0.023172	25.1250	24.5786	91.3900	91.7553
556.3311	0.769065	0.756523	-0.018540	-0.023176	25.1450	24.5948	91.3810	91.7547
555.8519	0.769488	0.756894	-0.018551	-0.023178	25.1640	24.6111	91.3810	91.7540
555.3726	0.769914	0.757265	-0.018440	-0.023180	25.1830	24.6274	91.3720	91.7533
554.8932	0.770318	0.757636	-0.018302	-0.023181	25.2010	24.6437	91.3610	91.7525
554.4137	0.770722	0.758008	-0.018150	-0.023182	25.2190	24.6600	91.3490	91.7517
553.9341	0.771169	0.758390	-0.018066	-0.023165	25.2390	24.6768	91.3420	91.7495
553.4543	0.771615	0.758836	-0.017995	-0.023044	25.2590	24.6962	91.3360	91.7394
552.9745	0.771995	0.759285	-0.017843	-0.022916	25.2760	24.7158	91.3240	91.7287
552.4946	0.772374	0.759805	-0.017784	-0.022675	25.2930	24.7384	91.3190	91.7094
552.0145	0.772795	0.760324	-0.017753	-0.022433	25.3120	24.7610	91.3160	91.6900
551.5344	0.773218	0.760842	-0.017682	-0.022191	25.3310	24.7835	91.3100	91.6706
551.0541	0.773595	0.761360	-0.017636	-0.021949	25.3480	24.8061	91.3060	91.6513
550.5737	0.773972	0.761878	-0.017577	-0.021706	25.3650	24.8287	91.3010	91.6319
550.0933	0.774417	0.762396	-0.017439	-0.021463	25.3850	24.8513	91.2900	91.6125
549.6127	0.774794	0.762913	-0.017353	-0.021219	25.4020	24.8739	91.2830	91.5932
549.1320	0.775172	0.763429	-0.017253	-0.020975	25.4190	24.8965	91.2750	91.5738
548.6511	0.775549	0.763909	-0.017139	-0.020808	25.4360	24.9176	91.2660	91.5603
548.1702	0.775948	0.764375	-0.017026	-0.020670	25.4540	24.9381	91.2570	91.5490
547.6891	0.776324	0.764819	-0.016926	-0.020577	25.4710	24.9577	91.2490	91.5411
547.2080	0.776700	0.765251	-0.016839	-0.020508	25.4880	24.9769	91.2420	91.5351
546.7267	0.777118	0.765683	-0.016794	-0.020438	25.5070	24.9960	91.2380	91.5290
546.2454	0.777536	0.766114	-0.016749	-0.020368	25.5260	25.0152	91.2340	91.5229
545.7639	0.777932	0.766546	-0.016730	-0.020297	25.5440	25.0344	91.2320	91.5167
545.2823	0.778285	0.766978	-0.016629	-0.020225	25.5600	25.0536	91.2240	91.5105
544.8007	0.778637	0.767410	-0.016555	-0.020152	25.5760	25.0728	91.2180	91.5042
544.3188	0.779056	0.767842	-0.016401	-0.020078	25.5950	25.0920	91.2060	91.4979
543.8369	0.779429	0.768283	-0.016327	-0.019990	25.6120	25.1116	91.2000	91.4905
543.3549	0.779780	0.768743	-0.016266	-0.019874	25.6280	25.1321	91.1950	91.4809
542.8728	0.780087	0.769205	-0.016204	-0.019755	25.6420	25.1527	91.1900	91.4711
542.3905	0.780437	0.769672	-0.016184	-0.019627	25.6580	25.1735	91.1880	91.4607
541.9082	0.780832	0.770139	-0.016070	-0.019498	25.6760	25.1943	91.1790	91.4503
541.4257	0.781205	0.770606	-0.015968	-0.019369	25.6930	25.2151	91.1710	91.4398
540.9431	0.781577	0.771073	-0.015853	-0.019239	25.7100	25.2359	91.1620	91.4293
540.4604	0.781926	0.771539	-0.015833	-0.019109	25.7260	25.2568	91.1600	91.4187
539.9777	0.782342	0.772005	-0.015718	-0.018978	25.7450	25.2776	91.1510	91.4082
539.4948	0.782669	0.772465	-0.015643	-0.018855	25.7600	25.2983	91.1450	91.3983
539.0118	0.783084	0.772926	-0.015528	-0.018732	25.7790	25.3189	91.1360	91.3883
538.5286	0.783432	0.773337	-0.015494	-0.018692	25.7950	25.3375	91.1330	91.3846
538.0454	0.783822	0.773747	-0.015502	-0.018654	25.8130	25.3560	91.1330	91.3811
537.5621	0.784191	0.774158	-0.015468	-0.018615	25.8300	25.3745	91.1300	91.3774
537.0786	0.784561	0.774568	-0.015352	-0.018575	25.8470	25.3930	91.1210	91.3737
536.5950	0.784973	0.774979	-0.015305	-0.018534	25.8660	25.4116	91.1170	91.3700
536.1114	0.785341	0.775389	-0.015312	-0.018492	25.8830	25.4302	91.1170	91.3661
535.6276	0.785729	0.775800	-0.015320	-0.018449	25.9010	25.4488	91.1170	91.3622
535.1437	0.786119	0.776211	-0.015232	-0.018405	25.9190	25.4674	91.1100	91.3583
534.6597	0.786529	0.776631	-0.015212	-0.018366	25.9380	25.4864	91.1080	91.3547
534.1756	0.786961	0.777054	-0.015165	-0.018329	25.9580	25.5057	91.1040	91.3512
533.6913	0.787350	0.777490	-0.015090	-0.018299	25.9760	25.5255	91.0980	91.3483
533.2070	0.787803	0.777932	-0.015030	-0.018273	25.9970	25.5456	91.0930	91.3456
532.7226	0.788297	0.778374	-0.015040	-0.018246	26.0200	25.5657	91.0930	91.3428
532.2380	0.788728	0.778816	-0.014938	-0.018217	26.0400	25.5859	91.0850	91.3400
531.7534	0.789200	0.779259	-0.014947	-0.018188	26.0620	25.6061	91.0850	91.3371
531.2686	0.789692	0.779701	-0.014956	-0.018158	26.0850	25.6263	91.0850	91.3341
530.7837	0.790228	0.780143	-0.014939	-0.018126	26.1100	25.6465	91.0830	91.3310
530.2987	0.790741	0.780586	-0.014921	-0.018094	26.1340	25.6667	91.0810	91.3278
529.8136	0.791255	0.781058	-0.014847	-0.017996	26.1580	25.6883	91.0750	91.3199
529.3284	0.791746	0.781578	-0.014815	-0.017797	26.1810	25.7120	91.0720	91.3045
528.8430	0.792258	0.782101	-0.014797	-0.017591	26.2050	25.7358	91.0700	91.2885
528.3576	0.792854	0.782629	-0.014794	-0.017372	26.2330	25.7599	91.0690	91.2716
527.8720	0.793366	0.783157	-0.014679	-0.017153	26.2570	25.7839	91.0600	91.2547
527.3864	0.793877	0.783685	-0.014606	-0.016933	26.2810	25.8080	91.0540	91.2378
526.9006	0.794472	0.784212	-0.014547	-0.016712	26.3090	25.8321	91.0490	91.2208
526.4147	0.795086	0.784739	-0.014586	-0.016490	26.3380	25.8563	91.0510	91.2038
525.9287	0.795679	0.785262	-0.014542	-0.016274	26.3660	25.8803	91.0470	91.1872
525.4426	0.796313	0.785769	-0.014511	-0.016095	26.3960	25.9036	91.0440	91.1734
524.9564	0.796905	0.786274	-0.014453	-0.015921	26.4240	25.9268	91.0390	91.1600
524.4700	0.797559	0.786753	-0.014437	-0.015806	26.4550	25.9489	91.0370	91.1509
523.9836	0.798210	0.787232	-0.014462	-0.015691	26.4860	25.9711	91.0380	91.1418
523.4971	0.798883	0.787711	-0.014433	-0.015574	26.5180	25.9932	91.0350	91.1327
523.0104	0.799534	0.788190	-0.014403	-0.015456	26.5490	26.0154	91.0320	91.1234
522.5236	0.800246	0.788669	-0.014401	-0.015337	26.5830	26.0376	91.0310	91.1141
522.0367	0.800979	0.789147	-0.014373	-0.015217	26.6180	26.0598	91.0280	91.1047
521.5497	0.801669	0.789625	-0.014315	-0.015096	26.6510	26.0820	91.0230	91.0953
521.0626	0.802314	0.790104	-0.014369	-0.014974	26.6820	26.1042	91.0260	91.0858
520.5754	0.803063	0.790594	-0.014382	-0.014847	26.7180	26.1271	91.0260	91.0758
520.0881	0.803791	0.791087	-0.014367	-0.014717	26.7530	26.1500	91.0240	91.0658
519.6006	0.804517	0.791581	-0.014380	-0.014586	26.7880	26.1730	91.0240	91.0557
519.1131	0.805200	0.792074	-0.014378	-0.014454	26.8210	26.1961	91.0230	91.0454
518.6254	0.805944	0.792568	-0.014406	-0.014321	26.8570	26.2192	91.0240	91.0352
518.1377	0.806626	0.793061	-0.014390	-0.014186	26.8900	26.2422	91.0220	91.0248
517.6498	0.807327	0.793554	-0.014346	-0.014051	26.9240	26.2653	91.0180	91.0144
517.1618	0.807924	0.794047	-0.014370	-0.013914	26.9530	26.2884	91.0190	91.0039
516.6737	0.808601	0.794531	-0.014439	-0.013804	26.9860	26.3111	91.0230	90.9954
516.1855	0.809299	0.795010	-0.014409	-0.013707	27.0200	26.3337	91.0200	90.9878
515.6971	0.810038	0.795483	-0.014337	-0.013626	27.0560	26.3560	91.0140	90.9814
515.2087	0.810713	0.795953	-0.014293	-0.013555	27.0890	26.3781	91.0100	90.9756
514.7202	0.811468	0.796423	-0.014334	-0.013482	27.1260	26.4003	91.0120	90.9698
514.2314	0.812160	0.796892	-0.014389	-0.013407	27.1600	26.4225	91.0150	90.9639
513.7427	0.812810	0.797362	-0.014429	-0.013331	27.1920	26.4447	91.0170	90.9579
513.2538	0.813541	0.797831	-0.014442	-0.013254	27.2280	26.4670	91.0170	90.9518
512.7648	0.814210	0.798315	-0.014440	-0.013151	27.2610	26.4899	91.0160	90.9438
512.2757	0.814898	0.798814	-0.014494	-0.013020	27.2950	26.5135	91.0190	90.9338
511.7864	0.815687	0.799342	-0.014423	-0.012837	27.3340	26.5386	91.0130	90.9200
511.2971	0.816435	0.799908	-0.014336	-0.012586	27.3710	26.5654	91.0060	90.9014
510.8076	0.817140	0.800474	-0.014320	-0.012333	27.4060	26.5922	91.0040	90.8827
510.3181	0.817785	0.801039	-0.014217	-0.012080	27.4380	26.6191	90.9960	90.8640
509.8284	0.818288	0.801604	-0.014155	-0.011826	27.4630	26.6459	90.9910	90.8452
509.3386	0.818789	0.802168	-0.014178	-0.011571	27.4880	26.6728	90.9920	90.8264
508.8488	0.819470	0.802727	-0.014147	-0.011324	27.5220	26.6995	90.9890	90.8082
508.3587	0.820211	0.803279	-0.014088	-0.011096	27.5590	26.7259	90.9840	90.7914
507.8686	0.820890	0.803801	-0.014042	-0.010938	27.5930	26.7509	90.9800	90.7796
507.3784	0.821529	0.804246	-0.013924	-0.010971	27.6250	26.7724	90.9710	90.7815
506.8880	0.822067	0.804691	-0.013847	-0.011002	27.6520	26.7939	90.9650	90.7833
506.3976	0.822685	0.805137	-0.013685	-0.011031	27.6830	26.8154	90.9530	90.7850
505.9070	0.823203	0.805582	-0.013536	-0.011059	27.7090	26.8369	90.9420	90.7865
505.4163	0.823898	0.806028	-0.013446	-0.011084	27.7440	26.8585	90.9350	90.7879
504.9255	0.824492	0.806474	-0.013384	-0.011108	27.7740	26.8801	90.9300	90.7891
504.4346	0.825086	0.806920	-0.013278	-0.011129	27.8040	26.9018	90.9220	90.7902
503.9436	0.825579	0.807377	-0.013200	-0.011126	27.8290	26.9239	90.9160	90.7895
503.4525	0.826014	0.807914	-0.013120	-0.010941	27.8510	26.9499	90.9100	90.7759
502.9612	0.826527	0.808450	-0.012970	-0.010755	27.8770	26.9759	90.8990	90.7622
502.4698	0.827040	0.808986	-0.012833	-0.010568	27.9030	27.0019	90.8890	90.7484
501.9784	0.827591	0.809522	-0.012669	-0.010379	27.9310	27.0279	90.8770	90.7345
501.4868	0.828082	0.810057	-0.012589	-0.010188	27.9560	27.0539	90.8710	90.7206
500.9951	0.828591	0.810592	-0.012525	-0.009996	27.9820	27.0799	90.8660	90.7065
500.5033	0.829141	0.811126	-0.012359	-0.009803	28.0100	27.1060	90.8540	90.6924
500.0114	0.829689	0.811661	-0.012208	-0.009608	28.0380	27.1320	90.8430	90.6782
499.5193	0.830236	0.812160	-0.012071	-0.009518	28.0660	27.1565	90.8330	90.6714
499.0272	0.830744	0.812658	-0.011919	-0.009428	28.0920	27.1809	90.8220	90.6647
498.5349	0.831231	0.813153	-0.011752	-0.009348	28.1170	27.2052	90.8100	90.6586
498.0426	0.831718	0.813647	-0.011585	-0.009266	28.1420	27.2295	90.7980	90.6525
497.5501	0.832225	0.814141	-0.011374	-0.009183	28.1680	27.2538	90.7830	90.6462
497.0575	0.832808	0.814635	-0.011164	-0.009097	28.1980	27.2782	90.7680	90.6398
496.5648	0.833427	0.815129	-0.011027	-0.009010	28.2300	27.3025	90.7580	90.6333
496.0720	0.833892	0.815623	-0.010858	-0.008921	28.2540	27.3269	90.7460	90.6266
495.5790	0.834376	0.816151	-0.010690	-0.008799	28.2790	27.3530	90.7340	90.6177
495.0860	0.834937	0.816684	-0.010376	-0.008670	28.3080	27.3794	90.7120	90.6082
494.5928	0.835420	0.817220	-0.010163	-0.008536	28.3330	27.4059	90.6970	90.5984
494.0995	0.835940	0.817756	-0.009936	-0.008399	28.3600	27.4326	90.6810	90.5884
493.6062	0.836479	0.818293	-0.009694	-0.008260	28.3880	27.4592	90.6640	90.5783
493.1127	0.837016	0.818828	-0.009511	-0.008119	28.4160	27.4859	90.6510	90.5681
492.6190	0.837553	0.819364	-0.009268	-0.007977	28.4440	27.5125	90.6340	90.5578
492.1253	0.838089	0.819899	-0.009025	-0.007832	28.4720	27.5392	90.6170	90.5473
491.6315	0.838586	0.820429	-0.008841	-0.007717	28.4980	27.5657	90.6040	90.5389
491.1375	0.839101	0.820958	-0.008597	-0.007611	28.5250	27.5922	90.5870	90.5312
490.6435	0.839635	0.821485	-0.008324	-0.007502	28.5530	27.6186	90.5680	90.5233
490.1493	0.840168	0.822013	-0.008124	-0.007392	28.5810	27.6451	90.5540	90.5152
489.6550	0.840643	0.822540	-0.007894	-0.007279	28.6060	27.6716	90.5380	90.5070
489.1606	0.841174	0.823068	-0.007679	-0.007164	28.6340	27.6981	90.5230	90.4987
488.6661	0.841704	0.823596	-0.007448	-0.007045	28.6620	27.7247	90.5070	90.4901
488.1714	0.842309	0.824125	-0.007189	-0.006923	28.6940	27.7514	90.4890	90.4813
487.6767	0.842762	0.824665	-0.006928	-0.006786	28.7180	27.7787	90.4710	90.4715
487.1818	0.843365	0.825211	-0.006742	-0.006639	28.7500	27.8063	90.4580	90.4610
486.6869	0.843872	0.825757	-0.006540	-0.006490	28.7770	27.8340	90.4440	90.4503
486.1918	0.844435	0.826303	-0.006367	-0.006339	28.8070	27.8617	90.4320	90.4395
485.6966	0.844885	0.826848	-0.006120	-0.006185	28.8310	27.8894	90.4150	90.4286
485.2013	0.845484	0.827393	-0.005858	-0.006030	28.8630	27.9171	90.3970	90.4175
484.7058	0.845951	0.827950	-0.005670	-0.005856	28.8880	27.9454	90.3840	90.4052
484.2103	0.846417	0.828514	-0.005451	-0.005670	28.9130	27.9742	90.3690	90.3921
483.7146	0.846957	0.829105	-0.005218	-0.005446	28.9420	28.0044	90.3530	90.3763
483.2189	0.847552	0.829714	-0.004970	-0.005195	28.9740	28.0355	90.3360	90.3587
482.7230	0.848090	0.830322	-0.004751	-0.004941	29.0030	28.0667	90.3210	90.3410
482.2270	0.848572	0.830930	-0.004532	-0.004686	29.0290	28.0979	90.3060	90.3231
481.7309	0.849017	0.831537	-0.004208	-0.004429	29.0530	28.1291	90.2840	90.3051
481.2346	0.849368	0.832143	-0.004017	-0.004169	29.0720	28.1603	90.2710	90.2871
480.7383	0.849792	0.832717	-0.003871	-0.003983	29.0950	28.1899	90.2610	90.2740
480.2419	0.850326	0.833262	-0.003651	-0.003862	29.1240	28.2181	90.2460	90.2655
479.7453	0.850767	0.833786	-0.003504	-0.003787	29.1480	28.2452	90.2360	90.2602
479.2486	0.851189	0.834290	-0.003357	-0.003755	29.1710	28.2714	90.2260	90.2579
478.7518	0.851556	0.834795	-0.003210	-0.003720	29.1910	28.2977	90.2160	90.2553
478.2549	0.851996	0.835299	-0.003063	-0.003682	29.2150	28.3239	90.2060	90.2526
477.7579	0.852416	0.835804	-0.002901	-0.003641	29.2380	28.3502	90.1950	90.2496
477.2608	0.852800	0.836309	-0.002754	-0.003597	29.2590	28.3766	90.1850	90.2464
476.7635	0.853201	0.836908	-0.002666	-0.003323	29.2810	28.4079	90.1790	90.2275
476.2662	0.853656	0.837612	-0.002518	-0.002797	29.3060	28.4446	90.1690	90.1913
475.7687	0.854147	0.838324	-0.002370	-0.002246	29.3330	28.4819	90.1590	90.1535
475.2711	0.854619	0.839047	-0.002267	-0.001666	29.3590	28.5199	90.1520	90.1137
474.7734	0.855072	0.839767	-0.002149	-0.001085	29.3840	28.5578	90.1440	90.0740
474.2756	0.855524	0.840486	-0.002090	-0.000504	29.4090	28.5958	90.1400	90.0344
473.7776	0.855886	0.841190	-0.001987	0.000032	29.4290	28.6330	90.1330	89.9978
473.2796	0.856301	0.841873	-0.001883	0.000513	29.4520	28.6692	90.1260	89.9651
472.7814	0.856734	0.842500	-0.001749	0.000818	29.4760	28.7026	90.1170	89.9444
472.2831	0.857130	0.843055	-0.001720	0.000898	29.4980	28.7321	90.1150	89.9390
471.7848	0.857579	0.843609	-0.001766	0.000981	29.5230	28.7616	90.1180	89.9334
471.2863	0.858135	0.844163	-0.001722	0.001068	29.5540	28.7912	90.1150	89.9275
470.7876	0.858547	0.844716	-0.001753	0.001158	29.5770	28.8208	90.1170	89.9215
470.2889	0.859011	0.845269	-0.001874	0.001251	29.6030	28.8505	90.1250	89.9152
469.7900	0.859547	0.845845	-0.001920	0.001406	29.6330	28.8813	90.1280	89.9048
469.2911	0.860046	0.846450	-0.002132	0.001642	29.6610	28.9139	90.1420	89.8888
468.7920	0.860775	0.847069	-0.002269	0.001919	29.7020	28.9473	90.1510	89.8702
468.2928	0.861466	0.847708	-0.002391	0.002252	29.7410	28.9818	90.1590	89.8478
467.7935	0.862050	0.848345	-0.002528	0.002587	29.7740	29.0163	90.1680	89.8253
467.2941	0.862650	0.848982	-0.002770	0.002924	29.8080	29.0508	90.1840	89.8027
466.7945	0.863337	0.849614	-0.003059	0.003252	29.8470	29.0852	90.2030	89.7807
466.2949	0.863970	0.850240	-0.003363	0.003564	29.8830	29.1193	90.2230	89.7598
465.7951	0.864636	0.850834	-0.003652	0.003767	29.9210	29.1517	90.2420	89.7463
465.2952	0.865177	0.851383	-0.004077	0.003813	29.9520	29.1817	90.2700	89.7434
464.7952	0.865857	0.851931	-0.004458	0.003863	29.9910	29.2117	90.2950	89.7402
464.2951	0.866431	0.852480	-0.004794	0.003917	30.0240	29.2417	90.3170	89.7367
463.7949	0.867073	0.853028	-0.005115	0.003976	30.0610	29.2718	90.3380	89.7330
463.2946	0.867540	0.853576	-0.005466	0.004038	30.0880	29.3019	90.3610	89.7289
462.7941	0.868214	0.854127	-0.005834	0.004113	30.1270	29.3323	90.3850	89.7241
462.2935	0.868904	0.854682	-0.006051	0.004202	30.1670	29.3629	90.3990	89.7183
461.7928	0.869522	0.855239	-0.006495	0.004300	30.2030	29.3937	90.4280	89.7119
461.2921	0.870243	0.855798	-0.006835	0.004410	30.2450	29.4246	90.4500	89.7048
460.7911	0.870910	0.856357	-0.007175	0.004524	30.2840	29.4556	90.4720	89.6973
460.2901	0.871627	0.856915	-0.007454	0.004642	30.3260	29.4867	90.4900	89.6896
459.7889	0.872341	0.857476	-0.007887	0.004765	30.3680	29.5179	90.5180	89.6816
459.2877	0.873053	0.858039	-0.008290	0.004892	30.4100	29.5494	90.5440	89.6733
458.7863	0.873796	0.858612	-0.008815	0.005026	30.4540	29.5814	90.5780	89.6646
458.2848	0.874520	0.859198	-0.009265	0.005165	30.4970	29.6142	90.6070	89.6556
457.7832	0.875191	0.859783	-0.009731	0.005309	30.5370	29.6470	90.6370	89.6462
457.2815	0.875978	0.860367	-0.010244	0.005457	30.5840	29.6799	90.6700	89.6366
456.7796	0.876828	0.860951	-0.010790	0.005610	30.6350	29.7128	90.7050	89.6267
456.2777	0.877691	0.861534	-0.011413	0.005767	30.6870	29.7457	90.7450	89.6165
455.7756	0.878451	0.862125	-0.012067	0.005926	30.7330	29.7792	90.7870	89.6062
455.2734	0.879390	0.862725	-0.012740	0.006084	30.7900	29.8132	90.8300	89.5959
454.7711	0.880211	0.863326	-0.013351	0.006247	30.8400	29.8473	90.8690	89.5854
454.2687	0.881110	0.863928	-0.013980	0.006413	30.8950	29.8816	90.9090	89.5747
453.7662	0.881844	0.864530	-0.014454	0.006583	30.9400	29.9160	90.9390	89.5637
453.2635	0.882592	0.865131	-0.014928	0.006759	30.9860	29.9503	90.9690	89.5524
452.7608	0.883321	0.865754	-0.015403	0.006986	31.0310	29.9861	90.9990	89.5377
452.2579	0.884064	0.866401	-0.015864	0.007268	31.0770	30.0233	91.0280	89.5194
451.7549	0.884772	0.867071	-0.016324	0.007601	31.1210	30.0619	91.0570	89.4977
451.2518	0.885494	0.867762	-0.016770	0.007989	31.1660	30.1019	91.0850	89.4726
450.7485	0.886214	0.868452	-0.017217	0.008380	31.2110	30.1420	91.1130	89.4472
450.2452	0.886932	0.869141	-0.017665	0.008774	31.2560	30.1820	91.1410	89.4216
449.7417	0.887631	0.869820	-0.018113	0.009145	31.3000	30.2216	91.1690	89.3977
449.2382	0.888328	0.870490	-0.018530	0.009492	31.3440	30.2608	91.1950	89.3752
448.7345	0.889023	0.871127	-0.018964	0.009731	31.3880	30.2981	91.2220	89.3600
448.2307	0.889715	0.871736	-0.019383	0.009872	31.4320	30.3338	91.2480	89.3512
447.7267	0.890390	0.872344	-0.019802	0.010019	31.4750	30.3695	91.2740	89.3420
447.2227	0.891063	0.872952	-0.020205	0.010172	31.5180	30.4052	91.2990	89.3324
446.7186	0.891748	0.873558	-0.020626	0.010330	31.5620	30.4410	91.3250	89.3225
446.2143	0.892417	0.874164	-0.021031	0.010494	31.6050	30.4768	91.3500	89.3122
445.7099	0.893067	0.874814	-0.021421	0.010789	31.6470	30.5154	91.3740	89.2934
445.2054	0.893732	0.875494	-0.021811	0.011182	31.6900	30.5560	91.3980	89.2683
444.7008	0.894378	0.876173	-0.022202	0.011578	31.7320	30.5966	91.4220	89.2429
444.1960	0.895023	0.876850	-0.022577	0.011979	31.7740	30.6372	91.4450	89.2173
443.6912	0.895665	0.877525	-0.022969	0.012385	31.8160	30.6778	91.4690	89.1914
443.1862	0.896307	0.878199	-0.023330	0.012795	31.8580	30.7185	91.4910	89.1653
442.6812	0.896930	0.878866	-0.023691	0.013134	31.8990	30.7588	91.5130	89.1439
442.1759	0.897552	0.879529	-0.024052	0.013434	31.9400	30.7990	91.5350	89.1249
441.6706	0.898171	0.880189	-0.024414	0.013720	31.9810	30.8391	91.5570	89.1070
441.1652	0.898789	0.880847	-0.024760	0.014001	32.0220	30.8791	91.5780	89.0894
440.6596	0.899390	0.881504	-0.025107	0.014288	32.0620	30.9192	91.5990	89.0714
440.1540	0.900004	0.882160	-0.025454	0.014581	32.1030	30.9593	91.6200	89.0530
