# lams, psi_mean, delta_mean
999.792500 1.311000 208.852000
999.408900 1.311000 208.852000
999.025300 1.311000 208.852000
998.641500 1.311000 208.852000
998.257800 1.311000 208.852000
997.873900 1.311000 208.852000
997.490000 1.311000 208.852000
997.106000 1.311000 208.852000
996.721900 1.311000 208.852000
996.337700 1.311000 208.852000
995.953500 1.311000 208.852000
995.569200 1.311000 208.852000
995.184800 1.311000 208.852000
994.800300 1.311000 208.852000
994.415800 1.311000 208.852000
994.031100 11.573000 272.155000
993.646400 5.637000 190.149000
993.261700 20.958000 130.268000
992.876800 30.183000 125.667000
992.491900 10.526000 74.830000
992.106900 16.097000 114.205000
991.721800 13.202000 103.554000
991.336700 12.788000 83.710000
990.951400 13.395000 73.409000
990.566100 7.824000 82.828000
990.180700 6.118000 54.616000
989.795300 3.035000 68.982000
989.409700 5.520000 102.075000
989.024100 8.273000 117.284000
988.638400 12.134000 125.965000
988.252600 11.150000 105.291000
987.866800 11.833000 99.150000
987.480900 10.513000 103.714000
987.094900 10.198000 104.770000
986.708800 5.852000 102.418000
986.322600 4.360000 127.661000
985.936400 6.797000 104.324000
985.550100 8.208000 94.453000
985.163800 11.375000 90.736000
984.777300 14.185000 89.200000
984.390700 18.938000 82.177000
984.004100 13.334000 85.196000
983.617400 5.958000 73.559000
983.230700 6.180000 78.081000
982.843800 5.373000 216.860000
982.456900 9.532000 30.389000
982.069900 11.917000 64.695000
981.682800 16.095000 83.524000
981.295700 18.865000 101.297000
980.908400 20.958000 115.179000
980.521100 40.385000 130.289000
980.133700 40.315000 128.735000
979.746300 39.125000 144.312000
979.358700 58.136000 157.483000
978.971100 60.802000 154.013000
978.583400 62.023000 143.035000
978.195600 42.002000 129.686000
977.807700 21.468000 129.905000
977.419900 11.720000 145.276000
977.031900 11.241000 165.350000
976.643700 13.553000 167.857000
976.255600 11.997000 179.093000
975.867400 7.562000 144.612000
975.479000 12.593000 153.739000
975.090600 8.952000 105.142000
974.702100 10.486000 117.990000
974.313600 11.188000 115.974000
973.925000 10.796000 113.570000
973.536300 13.971000 102.936000
973.147500 10.703000 119.967000
972.758600 10.186000 110.226000
972.369700 10.990000 131.780000
971.980700 20.567000 134.610000
971.591600 37.662000 124.545000
971.202400 50.409000 113.958000
970.813100 67.226000 109.393000
970.423800 72.307000 101.689000
970.034400 63.944000 49.262000
969.644900 40.622000 105.030000
969.255300 30.085000 139.855000
968.865700 25.895000 153.108000
968.476000 25.885000 160.344000
968.086100 24.190000 162.261000
967.696200 20.408000 160.403000
967.306300 22.453000 156.410000
966.916300 21.673000 150.990000
966.526100 15.470000 132.963000
966.135900 20.011000 35.990000
965.745700 16.835000 28.008000
965.355300 52.250000 180.754000
964.964900 33.721000 165.468000
964.574300 24.791000 157.538000
964.183800 20.170000 157.546000
963.793100 15.574000 165.195000
963.402300 80.455000 19.295000
963.011500 67.292000 71.401000
962.620700 18.893000 128.859000
962.229700 15.469000 152.656000
961.838600 9.406000 140.493000
961.447400 10.257000 184.985000
961.056200 10.813000 198.864000
960.664900 12.561000 210.155000
960.273600 15.429000 231.633000
959.882100 9.222000 198.575000
959.490500 11.383000 128.530000
959.098900 23.683000 88.724000
958.707300 10.863000 109.334000
958.315500 17.664000 119.154000
957.923600 16.490000 119.248000
957.531700 12.000000 123.160000
957.139600 7.727000 121.110000
956.747600 5.618000 123.496000
956.355400 1.722000 138.476000
955.963200 6.021000 151.116000
955.570900 3.766000 81.566000
955.178400 5.110000 48.452000
954.785900 8.912000 36.219000
954.393400 15.928000 41.553000
954.000700 23.326000 48.569000
953.608000 19.738000 86.001000
953.215200 32.209000 91.360000
952.822300 26.787000 81.297000
952.429300 19.693000 74.212000
952.036300 13.621000 91.096000
951.643200 13.299000 47.249000
951.249900 14.381000 52.602000
950.856700 52.198000 324.086000
950.463300 9.864000 65.331000
950.069900 13.833000 105.563000
949.676300 17.240000 116.076000
949.282700 18.220000 119.333000
948.889000 13.438000 129.491000
948.495300 17.251000 119.808000
948.101400 74.185000 161.200000
947.707500 22.508000 85.035000
947.313500 19.393000 97.594000
946.919400 71.496000 278.397000
946.525300 71.329000 293.586000
946.131000 60.341000 203.902000
945.736700 66.828000 320.708000
945.342300 54.873000 346.562000
944.947800 51.989000 350.819000
944.553200 50.907000 352.460000
944.158600 50.780000 352.688000
943.763900 38.821000 172.506000
943.369100 36.953000 170.393000
942.974200 32.761000 165.193000
942.579200 16.904000 130.366000
942.184100 30.263000 12.678000
941.789000 11.634000 69.106000
941.393800 39.124000 330.952000
940.998500 18.555000 10.954000
940.603100 11.871000 21.093000
940.207700 7.050000 114.958000
939.812200 17.515000 151.170000
939.416600 20.653000 159.797000
939.020900 18.682000 151.544000
938.625100 19.156000 148.162000
938.229200 19.646000 156.782000
937.833300 17.725000 131.018000
937.437300 21.084000 108.655000
937.041200 17.277000 40.872000
936.645000 12.045000 38.516000
936.248700 10.960000 35.312000
935.852400 12.386000 30.272000
935.456000 16.474000 21.938000
935.059400 19.912000 342.255000
934.662900 2.984000 289.040000
934.266200 16.472000 274.727000
933.869400 67.514000 4.645000
933.472700 11.438000 170.472000
933.075700 14.169000 164.790000
932.678700 15.130000 171.543000
932.281700 14.316000 207.253000
931.884500 13.417000 221.263000
931.487300 73.683000 63.240000
931.090000 55.625000 86.269000
930.692600 26.444000 127.870000
930.295100 14.297000 128.340000
929.897500 16.693000 110.796000
929.499900 8.657000 92.650000
929.102200 3.459000 16.962000
928.704300 4.042000 0.812000
928.306500 3.089000 36.318000
927.908500 3.309000 20.669000
927.510400 3.599000 14.943000
927.112300 4.566000 8.634000
926.714100 7.502000 343.571000
926.315800 6.330000 287.472000
925.917400 6.939000 158.004000
925.519000 2.952000 200.521000
925.120400 14.462000 270.703000
924.721800 11.766000 265.051000
924.323100 4.380000 265.823000
923.924300 8.377000 109.149000
923.525500 13.962000 105.429000
923.126500 24.530000 133.008000
922.727500 13.137000 98.310000
922.328300 9.755000 39.064000
921.929100 12.119000 35.128000
921.529800 13.001000 20.024000
921.130500 13.115000 23.781000
920.731100 13.809000 14.373000
920.331500 13.882000 25.937000
919.931900 13.678000 54.322000
919.532200 15.721000 90.197000
919.132400 22.278000 121.670000
918.732600 16.468000 93.978000
918.332600 22.086000 99.607000
917.932600 10.295000 76.138000
917.532500 60.848000 123.387000
917.132300 12.118000 98.439000
916.732100 53.214000 91.081000
916.331700 80.082000 130.203000
915.931300 8.203000 321.521000
915.530800 7.521000 326.719000
915.130200 7.260000 328.366000
914.729500 6.448000 333.536000
914.328700 5.067000 350.205000
913.927900 6.147000 339.708000
913.527000 5.106000 348.341000
913.125900 36.348000 105.139000
912.724900 32.704000 123.910000
912.323700 5.465000 52.824000
911.922400 6.555000 44.488000
911.521100 23.011000 86.844000
911.119600 7.525000 180.855000
910.718100 25.994000 235.424000
910.316500 28.401000 16.621000
909.914900 34.105000 37.206000
909.513100 34.888000 18.151000
909.111300 35.669000 3.418000
908.709300 38.067000 355.056000
908.307300 41.188000 351.742000
907.905200 44.579000 353.505000
907.503100 65.180000 4.209000
907.100800 33.138000 6.686000
906.698400 18.998000 23.915000
906.296000 16.586000 43.160000
905.893500 17.630000 57.978000
905.490900 14.052000 48.061000
905.088300 11.436000 50.203000
904.685500 87.144000 161.821000
904.282600 9.245000 150.733000
903.879700 24.846000 173.907000
903.476700 39.192000 113.931000
903.073600 26.316000 113.849000
902.670400 28.649000 116.397000
902.267200 31.550000 120.602000
901.863800 35.782000 125.059000
901.460400 39.902000 124.662000
901.056900 41.419000 137.876000
900.653300 58.564000 266.225000
900.249600 15.030000 76.562000
899.845800 21.739000 50.746000
899.442000 63.132000 215.274000
899.038000 62.007000 212.556000
898.634000 61.900000 210.260000
898.229900 63.028000 190.423000
897.825700 65.488000 217.487000
897.421400 23.114000 73.847000
897.017100 26.361000 106.964000
896.612700 33.448000 135.707000
896.208100 30.820000 112.250000
895.803500 30.248000 111.513000
895.398900 29.513000 110.408000
894.994100 26.359000 111.556000
894.589200 17.473000 122.664000
894.184300 12.195000 235.012000
893.779200 8.316000 132.631000
893.374100 3.997000 61.472000
892.968900 5.106000 342.458000
892.563700 9.130000 319.844000
892.158300 9.557000 317.799000
891.752800 6.406000 333.789000
891.347300 5.791000 346.493000
890.941700 5.387000 36.863000
890.535900 4.928000 76.020000
890.130200 5.740000 111.507000
889.724300 10.393000 169.934000
889.318400 7.984000 353.693000
888.912300 13.552000 10.404000
888.506200 11.930000 18.469000
888.100000 11.265000 89.472000
887.693700 12.976000 88.882000
887.287300 13.256000 91.163000
886.880800 14.433000 94.432000
886.474300 10.086000 99.274000
886.067600 12.342000 108.566000
885.660900 13.213000 118.534000
885.254100 12.116000 106.763000
884.847200 12.015000 104.369000
884.440200 12.387000 100.393000
884.033200 15.827000 102.108000
883.626000 15.552000 99.393000
883.218800 20.375000 98.001000
882.811500 18.406000 79.821000
882.404100 5.850000 119.883000
881.996600 6.371000 169.884000
881.589000 7.615000 203.470000
881.181300 9.426000 220.357000
880.773600 22.146000 235.744000
880.365800 34.880000 204.383000
879.957900 47.984000 255.811000
879.549900 40.886000 148.629000
879.141800 39.539000 118.401000
878.733600 35.433000 111.745000
878.325300 35.677000 112.435000
877.917000 35.613000 111.643000
877.508500 35.484000 111.104000
877.100000 34.839000 111.655000
876.691500 33.052000 113.486000
876.282800 32.345000 137.608000
875.874000 43.116000 267.394000
875.465100 13.806000 141.895000
875.056200 10.178000 174.981000
874.647200 11.525000 288.425000
874.238000 45.916000 322.988000
873.828900 28.651000 99.936000
873.419600 67.113000 267.250000
873.010200 61.636000 253.696000
872.600700 46.614000 227.561000
872.191200 9.865000 130.776000
871.781600 8.190000 122.288000
871.371800 9.935000 111.935000
870.962000 7.820000 127.809000
870.552100 8.457000 127.520000
870.142200 6.342000 140.679000
869.732100 8.133000 132.996000
869.321900 11.425000 120.522000
868.911700 14.395000 111.224000
868.501300 16.347000 105.911000
868.090900 17.819000 102.494000
867.680500 17.484000 104.460000
867.269900 16.414000 104.356000
866.859200 15.932000 103.757000
866.448500 14.040000 102.407000
866.037600 14.506000 100.099000
865.626700 14.409000 101.932000
865.215700 14.184000 102.541000
864.804600 14.977000 103.178000
864.393400 14.624000 104.015000
863.982100 15.959000 107.827000
863.570700 14.295000 105.710000
863.159300 11.011000 104.127000
862.747700 11.383000 101.243000
862.336100 10.940000 98.609000
861.924400 11.247000 97.831000
861.512600 11.248000 100.230000
861.100800 9.456000 100.910000
860.688800 8.756000 102.045000
860.276700 8.712000 103.946000
859.864600 9.779000 102.060000
859.452300 8.682000 107.144000
859.040000 9.018000 106.941000
858.627600 8.711000 108.076000
858.215100 10.124000 106.883000
857.802600 13.504000 103.000000
857.389900 14.929000 101.328000
856.977100 15.329000 101.555000
856.564300 15.247000 101.919000
856.151400 16.407000 101.282000
855.738300 16.269000 101.395000
855.325300 17.071000 100.839000
854.912000 16.609000 100.850000
854.498800 14.605000 102.637000
854.085400 14.737000 102.630000
853.671900 15.095000 101.947000
853.258400 14.227000 102.884000
852.844800 13.949000 103.274000
852.431100 13.596000 104.260000
852.017300 16.106000 102.739000
851.603400 14.539000 103.233000
851.189400 15.188000 102.735000
850.775300 16.113000 101.695000
850.361200 14.356000 103.275000
849.947000 14.431000 102.943000
849.532600 15.281000 101.966000
849.118200 15.992000 101.435000
848.703700 15.359000 101.527000
848.289100 14.918000 101.737000
847.874400 14.100000 102.132000
847.459700 15.195000 101.997000
847.044800 15.110000 102.215000
846.629800 15.381000 102.201000
846.214800 16.328000 102.152000
845.799700 15.939000 102.474000
845.384500 15.895000 102.294000
844.969200 15.486000 102.524000
844.553800 15.036000 101.702000
844.138300 15.092000 101.664000
843.722700 14.985000 101.656000
843.307100 15.525000 101.563000
842.891400 15.342000 101.526000
842.475500 15.392000 101.216000
842.059600 15.625000 100.867000
841.643600 15.630000 100.740000
841.227500 15.447000 100.468000
840.811300 15.225000 100.365000
840.395100 15.221000 100.294000
839.978700 15.404000 99.948000
839.562300 15.346000 99.635000
839.145700 15.513000 99.886000
838.729100 15.667000 99.845000
838.312400 15.692000 99.862000
837.895600 15.784000 99.658000
837.478700 15.806000 99.566000
837.061700 15.940000 99.599000
836.644700 15.821000 99.598000
836.227500 15.898000 99.604000
835.810200 15.872000 99.535000
835.392900 15.884000 99.437000
834.975500 15.947000 99.352000
834.557900 16.008000 99.321000
834.140300 16.017000 99.250000
833.722700 16.061000 99.258000
833.304900 16.153000 99.240000
832.887000 16.201000 99.190000
832.469100 16.193000 99.057000
832.051000 16.266000 99.039000
831.632900 16.319000 99.039000
831.214600 16.319000 98.946000
830.796300 16.412000 99.011000
830.377900 16.504000 98.987000
829.959400 16.496000 98.961000
829.540800 16.532000 98.911000
829.122100 16.497000 98.846000
828.703400 16.532000 98.826000
828.284500 16.527000 98.754000
827.865600 16.590000 98.712000
827.446500 16.600000 98.662000
827.027500 16.585000 98.582000
826.608200 16.614000 98.564000
826.188900 16.621000 98.509000
825.769500 16.630000 98.491000
825.350000 16.608000 98.464000
824.930500 16.583000 98.470000
824.510800 16.589000 98.433000
824.091100 16.578000 98.369000
823.671300 16.592000 98.332000
823.251300 16.581000 98.326000
822.831300 16.581000 98.316000
822.411200 16.607000 98.325000
821.991000 16.628000 98.378000
821.570700 16.618000 98.359000
821.150300 16.615000 98.369000
820.729900 16.642000 98.359000
820.309300 16.658000 98.377000
819.888600 16.686000 98.345000
819.467900 16.703000 98.325000
819.047100 16.731000 98.333000
818.626200 16.751000 98.311000
818.205100 16.767000 98.276000
817.784100 16.780000 98.266000
817.362900 16.777000 98.276000
816.941600 16.808000 98.291000
816.520200 16.821000 98.277000
816.098800 16.837000 98.286000
815.677200 16.868000 98.240000
815.255600 16.870000 98.237000
814.833800 16.891000 98.249000
814.412000 16.906000 98.227000
813.990100 16.915000 98.257000
813.568100 16.934000 98.272000
813.146000 16.940000 98.236000
812.723800 16.939000 98.243000
812.301500 16.983000 98.206000
811.879200 16.952000 98.245000
811.456700 16.963000 98.241000
811.034100 16.974000 98.220000
810.611500 16.978000 98.293000
810.188800 16.982000 98.265000
809.765900 17.008000 98.219000
809.343000 17.023000 98.196000
808.920000 17.042000 98.122000
808.496900 17.061000 98.072000
808.073700 17.074000 98.039000
807.650500 17.084000 98.046000
807.227100 17.087000 98.037000
806.803600 17.113000 97.979000
806.380100 17.137000 97.958000
805.956400 17.163000 97.913000
805.532700 17.182000 97.874000
805.108900 17.210000 97.797000
804.685000 17.231000 97.787000
804.261000 17.238000 97.766000
803.836900 17.260000 97.736000
803.412700 17.288000 97.713000
802.988400 17.301000 97.710000
802.564000 17.320000 97.704000
802.139600 17.323000 97.685000
801.715000 17.331000 97.699000
801.290300 17.355000 97.660000
800.865700 17.360000 97.675000
800.440800 17.356000 97.657000
800.015900 17.372000 97.670000
799.590900 17.386000 97.633000
799.165800 17.403000 97.623000
798.740600 17.425000 97.583000
798.315300 17.452000 97.579000
797.889900 17.487000 97.540000
797.464400 17.500000 97.536000
797.038900 17.523000 97.495000
796.613200 17.537000 97.469000
796.187500 17.541000 97.443000
795.761700 17.561000 97.421000
795.335700 17.581000 97.383000
794.909700 17.605000 97.344000
794.483600 17.621000 97.288000
794.057400 17.636000 97.296000
793.631000 17.658000 97.276000
793.204700 17.676000 97.228000
792.778200 17.684000 97.209000
792.351600 17.696000 97.205000
791.924900 17.697000 97.204000
791.498200 17.726000 97.181000
791.071400 17.739000 97.171000
790.644400 17.750000 97.166000
790.217300 17.759000 97.157000
789.790200 17.776000 97.129000
789.363000 17.788000 97.115000
788.935700 17.804000 97.119000
788.508300 17.812000 97.109000
788.080700 17.814000 97.132000
787.653200 17.833000 97.119000
787.225500 17.832000 97.122000
786.797700 17.831000 97.077000
786.369900 17.843000 97.074000
785.941900 17.855000 97.076000
785.513900 17.865000 97.064000
785.085700 17.877000 97.044000
784.657500 17.893000 97.007000
784.229100 17.897000 97.006000
783.800700 17.901000 96.986000
783.372200 17.912000 96.977000
782.943500 17.931000 96.952000
782.514800 17.950000 96.941000
782.086100 17.950000 96.967000
781.657200 17.949000 96.976000
781.228200 17.956000 96.973000
780.799100 17.965000 96.983000
780.369900 17.980000 96.976000
779.940700 17.989000 96.966000
779.511300 17.994000 96.973000
779.081800 18.019000 96.944000
778.652300 18.047000 96.910000
778.222700 18.067000 96.885000
777.793000 18.077000 96.885000
777.363200 18.101000 96.876000
776.933200 18.116000 96.858000
776.503200 18.131000 96.838000
776.073100 18.142000 96.832000
775.642900 18.155000 96.797000
775.212600 18.169000 96.785000
774.782200 18.187000 96.769000
774.351700 18.194000 96.793000
773.921200 18.210000 96.780000
773.490500 18.224000 96.787000
773.059800 18.242000 96.781000
772.628900 18.261000 96.759000
772.198000 18.286000 96.734000
771.766900 18.290000 96.716000
771.335800 18.300000 96.717000
770.904600 18.311000 96.701000
770.473300 18.327000 96.703000
770.041900 18.339000 96.704000
769.610400 18.359000 96.713000
769.178700 18.374000 96.724000
768.747100 18.374000 96.728000
768.315200 18.398000 96.729000
767.883400 18.419000 96.708000
767.451400 18.437000 96.673000
767.019300 18.451000 96.665000
766.587200 18.470000 96.645000
766.154900 18.484000 96.627000
765.722500 18.498000 96.640000
765.290100 18.515000 96.632000
764.857500 18.534000 96.637000
764.424900 18.549000 96.626000
763.992200 18.567000 96.623000
763.559300 18.588000 96.607000
763.126400 18.602000 96.620000
762.693400 18.619000 96.586000
762.260300 18.629000 96.577000
761.827100 18.639000 96.568000
761.393800 18.649000 96.558000
760.960400 18.669000 96.517000
760.526900 18.687000 96.510000
760.093300 18.706000 96.491000
759.659700 18.726000 96.456000
759.225900 18.735000 96.464000
758.792100 18.746000 96.467000
758.358100 18.762000 96.441000
757.924000 18.767000 96.430000
757.489900 18.781000 96.420000
757.055600 18.794000 96.418000
756.621300 18.816000 96.407000
756.186800 18.836000 96.373000
755.752300 18.842000 96.379000
755.317700 18.857000 96.372000
754.883000 18.867000 96.381000
754.448200 18.875000 96.369000
754.013200 18.889000 96.378000
753.578200 18.900000 96.366000
753.143100 18.913000 96.363000
752.707900 18.923000 96.369000
752.272600 18.936000 96.362000
751.837300 18.945000 96.357000
751.401800 18.966000 96.314000
750.966200 18.982000 96.305000
750.530600 18.993000 96.306000
750.094800 19.006000 96.282000
749.658900 19.021000 96.275000
749.223000 19.029000 96.269000
748.786900 19.038000 96.270000
748.350800 19.058000 96.251000
747.914600 19.070000 96.264000
747.478200 19.081000 96.271000
747.041700 19.094000 96.268000
746.605200 19.105000 96.253000
746.168600 19.124000 96.228000
745.731900 19.141000 96.209000
745.295000 19.158000 96.201000
744.858200 19.178000 96.179000
744.421100 19.185000 96.181000
743.984100 19.196000 96.190000
743.546800 19.211000 96.172000
743.109600 19.222000 96.174000
742.672200 19.230000 96.190000
742.234700 19.238000 96.191000
741.797100 19.248000 96.168000
741.359400 19.252000 96.168000
740.921600 19.260000 96.177000
740.483800 19.267000 96.184000
740.045800 19.272000 96.199000
739.607700 19.275000 96.215000
739.169600 19.287000 96.213000
738.731300 19.294000 96.223000
738.293000 19.304000 96.215000
737.854500 19.311000 96.214000
737.416000 19.323000 96.208000
736.977300 19.329000 96.214000
736.538600 19.336000 96.226000
736.099700 19.342000 96.230000
735.660800 19.351000 96.236000
735.221800 19.356000 96.232000
734.782700 19.361000 96.263000
734.343400 19.368000 96.248000
733.904100 19.379000 96.241000
733.464700 19.381000 96.238000
733.025200 19.382000 96.243000
732.585600 19.397000 96.222000
732.145900 19.400000 96.219000
731.706100 19.396000 96.208000
731.266200 19.401000 96.211000
730.826200 19.403000 96.207000
730.386100 19.400000 96.214000
729.945900 19.404000 96.195000
729.505700 19.405000 96.181000
729.065300 19.414000 96.146000
728.624800 19.410000 96.139000
728.184300 19.408000 96.121000
727.743600 19.411000 96.109000
727.302800 19.412000 96.105000
726.861900 19.421000 96.071000
726.421000 19.417000 96.053000
725.979900 19.422000 96.025000
725.538800 19.428000 95.987000
725.097500 19.439000 95.940000
724.656100 19.443000 95.923000
724.214700 19.440000 95.906000
723.773200 19.440000 95.873000
723.331500 19.438000 95.857000
722.889800 19.442000 95.800000
722.447900 19.443000 95.768000
722.006000 19.442000 95.725000
721.564000 19.455000 95.674000
721.121800 19.462000 95.649000
720.679600 19.463000 95.623000
720.237300 19.465000 95.594000
719.794900 19.462000 95.578000
719.352400 19.465000 95.531000
718.909700 19.464000 95.493000
718.467000 19.460000 95.432000
718.024200 19.468000 95.380000
717.581300 19.472000 95.333000
717.138300 19.475000 95.289000
716.695200 19.477000 95.235000
716.252000 19.482000 95.182000
715.808700 19.488000 95.109000
715.365300 19.490000 95.053000
714.921800 19.485000 95.016000
714.478200 19.486000 94.963000
714.034500 19.495000 94.901000
713.590700 19.499000 94.855000
713.146900 19.498000 94.798000
712.702800 19.497000 94.731000
712.258800 19.501000 94.661000
711.814600 19.501000 94.599000
711.370300 19.507000 94.536000
710.925900 19.515000 94.467000
710.481400 19.518000 94.416000
710.036900 19.523000 94.367000
709.592200 19.523000 94.309000
709.147400 19.528000 94.254000
708.702600 19.526000 94.197000
708.257600 19.526000 94.142000
707.812500 19.524000 94.088000
707.367400 19.533000 94.035000
706.922100 19.538000 93.984000
706.476700 19.548000 93.933000
706.031300 19.555000 93.874000
705.585700 19.562000 93.836000
705.140100 19.569000 93.797000
704.694300 19.575000 93.753000
704.248400 19.578000 93.711000
703.802500 19.584000 93.674000
703.356400 19.591000 93.622000
702.910300 19.602000 93.586000
702.464100 19.611000 93.535000
702.017700 19.619000 93.491000
701.571200 19.628000 93.452000
701.124700 19.638000 93.426000
700.678000 19.646000 93.397000
700.231300 19.655000 93.372000
699.784400 19.663000 93.337000
699.337500 19.672000 93.311000
698.890400 19.683000 93.284000
698.443300 19.693000 93.265000
697.996100 19.707000 93.226000
697.548800 19.717000 93.206000
697.101300 19.728000 93.187000
696.653700 19.735000 93.170000
696.206100 19.745000 93.145000
695.758400 19.759000 93.135000
695.310500 19.772000 93.112000
694.862600 19.787000 93.104000
694.414600 19.799000 93.096000
693.966400 19.814000 93.078000
693.518200 19.834000 93.066000
693.069900 19.852000 93.062000
692.621500 19.866000 93.059000
692.172900 19.882000 93.063000
691.724300 19.899000 93.067000
691.275600 19.920000 93.076000
690.826700 19.934000 93.075000
690.377800 19.951000 93.071000
689.928800 19.967000 93.075000
689.479700 19.986000 93.083000
689.030400 20.003000 93.095000
688.581100 20.017000 93.098000
688.131700 20.032000 93.105000
687.682100 20.047000 93.113000
687.232500 20.063000 93.107000
686.782800 20.080000 93.123000
686.332900 20.098000 93.138000
685.883000 20.117000 93.162000
685.433000 20.136000 93.180000
684.982800 20.157000 93.202000
684.532700 20.170000 93.218000
684.082300 20.181000 93.227000
683.631900 20.198000 93.242000
683.181300 20.210000 93.251000
682.730700 20.228000 93.250000
682.280000 20.245000 93.272000
681.829200 20.258000 93.280000
681.378200 20.279000 93.302000
680.927200 20.294000 93.325000
680.476100 20.306000 93.334000
680.024800 20.320000 93.349000
679.573500 20.332000 93.366000
679.122100 20.345000 93.380000
678.670500 20.359000 93.399000
678.218900 20.372000 93.418000
677.767200 20.389000 93.432000
677.315400 20.405000 93.453000
676.863400 20.420000 93.460000
676.411400 20.431000 93.471000
675.959200 20.441000 93.478000
675.507000 20.456000 93.496000
675.054700 20.468000 93.524000
674.602200 20.479000 93.547000
674.149700 20.493000 93.566000
673.697100 20.503000 93.586000
673.244300 20.515000 93.601000
672.791500 20.527000 93.616000
672.338600 20.542000 93.634000
671.885500 20.553000 93.656000
671.432400 20.568000 93.681000
670.979100 20.583000 93.706000
670.525800 20.601000 93.731000
670.072300 20.615000 93.743000
669.618800 20.628000 93.764000
669.165100 20.638000 93.782000
668.711400 20.653000 93.797000
668.257500 20.664000 93.820000
667.803500 20.678000 93.840000
667.349500 20.693000 93.856000
666.895300 20.708000 93.872000
666.441100 20.721000 93.886000
665.986800 20.733000 93.904000
665.532300 20.745000 93.924000
665.077700 20.762000 93.939000
664.623000 20.776000 93.957000
664.168300 20.792000 93.977000
663.713400 20.807000 93.992000
663.258400 20.822000 94.009000
662.803400 20.835000 94.024000
662.348200 20.851000 94.037000
661.892900 20.868000 94.044000
661.437600 20.882000 94.059000
660.982100 20.896000 94.074000
660.526500 20.912000 94.088000
660.070800 20.925000 94.099000
659.615100 20.941000 94.102000
659.159200 20.962000 94.111000
658.703200 20.981000 94.118000
658.247100 20.998000 94.117000
657.790900 21.013000 94.123000
657.334600 21.033000 94.124000
656.878200 21.051000 94.133000
656.421800 21.067000 94.139000
655.965100 21.086000 94.144000
655.508400 21.102000 94.141000
655.051600 21.119000 94.147000
654.594700 21.131000 94.154000
654.137700 21.145000 94.157000
653.680600 21.157000 94.159000
653.223400 21.173000 94.160000
652.766100 21.187000 94.165000
652.308700 21.200000 94.162000
651.851100 21.213000 94.163000
651.393600 21.226000 94.162000
650.935800 21.242000 94.168000
650.478000 21.256000 94.166000
650.020100 21.273000 94.163000
649.562000 21.288000 94.163000
649.103900 21.299000 94.158000
648.645700 21.310000 94.150000
648.187300 21.323000 94.146000
647.728900 21.338000 94.137000
647.270300 21.352000 94.132000
646.811700 21.362000 94.116000
646.353000 21.377000 94.110000
645.894100 21.387000 94.100000
645.435100 21.399000 94.089000
644.976100 21.413000 94.080000
644.516900 21.424000 94.057000
644.057700 21.440000 94.036000
643.598300 21.449000 94.020000
643.138900 21.459000 94.009000
642.679300 21.469000 93.997000
642.219600 21.480000 93.975000
641.759800 21.496000 93.958000
641.299900 21.510000 93.935000
640.840000 21.526000 93.917000
640.379900 21.538000 93.901000
639.919700 21.554000 93.878000
639.459400 21.564000 93.864000
638.999000 21.572000 93.840000
638.538500 21.583000 93.820000
638.077900 21.592000 93.800000
637.617200 21.603000 93.778000
637.156400 21.618000 93.760000
636.695400 21.631000 93.737000
636.234400 21.648000 93.704000
635.773300 21.660000 93.683000
635.312100 21.667000 93.662000
634.850800 21.679000 93.630000
634.389300 21.690000 93.607000
633.927800 21.711000 93.585000
633.466200 21.735000 93.560000
633.004400 21.753000 93.531000
632.542500 21.768000 93.513000
632.080600 21.780000 93.494000
631.618600 21.786000 93.479000
631.156400 21.799000 93.465000
630.694200 21.805000 93.426000
630.231800 21.814000 93.389000
629.769300 21.814000 93.357000
629.306800 21.832000 93.327000
628.844100 21.834000 93.300000
628.381300 21.861000 93.271000
627.918400 21.883000 93.237000
627.455400 21.914000 93.225000
626.992300 21.927000 93.187000
626.529100 21.934000 93.157000
626.065800 21.940000 93.133000
625.602400 21.955000 93.108000
625.138900 21.972000 93.120000
624.675300 22.002000 93.112000
624.211500 22.009000 93.103000
623.747700 22.017000 93.094000
623.283800 22.051000 93.090000
622.819800 22.073000 93.055000
622.355700 22.073000 92.944000
621.891400 22.081000 92.837000
621.427100 22.083000 92.723000
620.962600 22.081000 92.592000
620.498000 22.072000 92.477000
620.033400 22.081000 92.362000
619.568700 22.111000 92.233000
619.103800 22.118000 92.134000
618.638800 22.115000 92.042000
618.173700 22.126000 91.942000
617.708600 22.127000 91.844000
617.243300 22.132000 91.756000
616.777900 22.143000 91.670000
616.312400 22.149000 91.598000
615.846800 22.143000 91.534000
615.381000 22.156000 91.457000
614.915300 22.152000 91.392000
614.449300 22.156000 91.328000
613.983300 22.159000 91.282000
613.517200 22.167000 91.230000
613.051000 22.179000 91.182000
612.584700 22.190000 91.145000
612.118200 22.203000 91.109000
611.651700 22.214000 91.073000
611.185000 22.228000 91.043000
610.718300 22.241000 91.019000
610.251400 22.256000 90.990000
609.784400 22.270000 90.963000
609.317300 22.288000 90.946000
608.850200 22.311000 90.934000
608.382900 22.329000 90.932000
607.915500 22.351000 90.926000
607.448000 22.375000 90.926000
606.980400 22.398000 90.930000
606.512700 22.424000 90.935000
606.044900 22.449000 90.947000
605.577000 22.473000 90.965000
605.108900 22.504000 90.979000
604.640800 22.533000 90.989000
604.172600 22.568000 91.007000
603.704200 22.602000 91.035000
603.235800 22.636000 91.064000
602.767300 22.668000 91.099000
602.298600 22.698000 91.132000
601.829800 22.730000 91.164000
601.361000 22.763000 91.201000
600.892000 22.797000 91.235000
600.422900 22.831000 91.277000
599.953700 22.867000 91.320000
599.484400 22.905000 91.363000
599.015000 22.946000 91.414000
598.545500 22.984000 91.457000
598.075900 23.023000 91.503000
597.606200 23.055000 91.559000
597.136400 23.095000 91.610000
596.666400 23.140000 91.659000
596.196400 23.181000 91.715000
595.726300 23.222000 91.774000
595.256000 23.256000 91.825000
594.785700 23.287000 91.880000
594.315200 23.319000 91.938000
593.844700 23.353000 91.986000
593.374000 23.387000 92.034000
592.903200 23.430000 92.075000
592.432300 23.470000 92.113000
591.961300 23.516000 92.167000
591.490200 23.563000 92.215000
591.019000 23.618000 92.262000
590.547700 23.654000 92.305000
590.076300 23.707000 92.348000
589.604800 23.731000 92.392000
589.133100 23.764000 92.432000
588.661400 23.784000 92.440000
588.189600 23.811000 92.472000
587.717600 23.849000 92.493000
587.245500 23.891000 92.497000
586.773400 23.920000 92.494000
586.301100 23.945000 92.440000
585.828700 23.949000 92.389000
585.356300 23.977000 92.322000
584.883700 24.006000 92.241000
584.410900 24.005000 92.132000
583.938200 24.014000 92.031000
583.465200 24.046000 91.988000
582.992200 24.070000 91.938000
582.519100 24.096000 91.899000
582.045800 24.124000 91.876000
581.572500 24.155000 91.850000
581.099100 24.173000 91.826000
580.625500 24.167000 91.826000
580.151900 24.180000 91.805000
579.678000 24.206000 91.778000
579.204200 24.216000 91.761000
578.730200 24.236000 91.749000
578.256100 24.250000 91.740000
577.781900 24.257000 91.730000
577.307600 24.269000 91.715000
576.833200 24.295000 91.694000
576.358600 24.306000 91.689000
575.884000 24.330000 91.679000
575.409300 24.353000 91.674000
574.934400 24.374000 91.661000
574.459500 24.396000 91.656000
573.984400 24.411000 91.646000
573.509200 24.431000 91.631000
573.033900 24.451000 91.620000
572.558600 24.470000 91.611000
572.083100 24.489000 91.602000
571.607500 24.512000 91.589000
571.131800 24.535000 91.587000
570.655900 24.559000 91.581000
570.180100 24.581000 91.578000
569.704000 24.597000 91.576000
569.227800 24.621000 91.570000
568.751600 24.641000 91.564000
568.275300 24.661000 91.556000
567.798800 24.683000 91.548000
567.322200 24.700000 91.541000
566.845500 24.722000 91.534000
566.368700 24.742000 91.526000
565.891800 24.762000 91.523000
565.414900 24.785000 91.520000
564.937700 24.803000 91.515000
564.460500 24.820000 91.509000
563.983200 24.836000 91.500000
563.505700 24.854000 91.492000
563.028200 24.871000 91.486000
562.550500 24.892000 91.479000
562.072800 24.911000 91.475000
561.594800 24.931000 91.468000
561.116900 24.951000 91.459000
560.638800 24.971000 91.449000
560.160600 24.991000 91.442000
559.682300 25.009000 91.429000
559.203900 25.027000 91.423000
558.725300 25.044000 91.416000
558.246700 25.066000 91.411000
557.767900 25.086000 91.403000
557.289100 25.107000 91.394000
556.810200 25.125000 91.390000
556.331100 25.145000 91.381000
555.851900 25.164000 91.381000
555.372600 25.183000 91.372000
554.893200 25.201000 91.361000
554.413700 25.219000 91.349000
553.934100 25.239000 91.342000
553.454300 25.259000 91.336000
552.974500 25.276000 91.324000
552.494600 25.293000 91.319000
552.014500 25.312000 91.316000
551.534400 25.331000 91.310000
551.054100 25.348000 91.306000
550.573700 25.365000 91.301000
550.093300 25.385000 91.290000
549.612700 25.402000 91.283000
549.132000 25.419000 91.275000
548.651100 25.436000 91.266000
548.170200 25.454000 91.257000
547.689100 25.471000 91.249000
547.208000 25.488000 91.242000
546.726700 25.507000 91.238000
546.245400 25.526000 91.234000
545.763900 25.544000 91.232000
545.282300 25.560000 91.224000
544.800700 25.576000 91.218000
544.318800 25.595000 91.206000
543.836900 25.612000 91.200000
543.354900 25.628000 91.195000
542.872800 25.642000 91.190000
542.390500 25.658000 91.188000
541.908200 25.676000 91.179000
541.425700 25.693000 91.171000
540.943100 25.710000 91.162000
540.460400 25.726000 91.160000
539.977700 25.745000 91.151000
539.494800 25.760000 91.145000
539.011800 25.779000 91.136000
538.528600 25.795000 91.133000
538.045400 25.813000 91.133000
537.562100 25.830000 91.130000
537.078600 25.847000 91.121000
536.595000 25.866000 91.117000
536.111400 25.883000 91.117000
535.627600 25.901000 91.117000
535.143700 25.919000 91.110000
534.659700 25.938000 91.108000
534.175600 25.958000 91.104000
533.691300 25.976000 91.098000
533.207000 25.997000 91.093000
532.722600 26.020000 91.093000
532.238000 26.040000 91.085000
531.753400 26.062000 91.085000
531.268600 26.085000 91.085000
530.783700 26.110000 91.083000
530.298700 26.134000 91.081000
529.813600 26.158000 91.075000
529.328400 26.181000 91.072000
528.843000 26.205000 91.070000
528.357600 26.233000 91.069000
527.872000 26.257000 91.060000
527.386400 26.281000 91.054000
526.900600 26.309000 91.049000
526.414700 26.338000 91.051000
525.928700 26.366000 91.047000
525.442600 26.396000 91.044000
524.956400 26.424000 91.039000
524.470000 26.455000 91.037000
523.983600 26.486000 91.038000
523.497100 26.518000 91.035000
523.010400 26.549000 91.032000
522.523600 26.583000 91.031000
522.036700 26.618000 91.028000
521.549700 26.651000 91.023000
521.062600 26.682000 91.026000
520.575400 26.718000 91.026000
520.088100 26.753000 91.024000
519.600600 26.788000 91.024000
519.113100 26.821000 91.023000
518.625400 26.857000 91.024000
518.137700 26.890000 91.022000
517.649800 26.924000 91.018000
517.161800 26.953000 91.019000
516.673700 26.986000 91.023000
516.185500 27.020000 91.020000
515.697100 27.056000 91.014000
515.208700 27.089000 91.010000
514.720200 27.126000 91.012000
514.231400 27.160000 91.015000
513.742700 27.192000 91.017000
513.253800 27.228000 91.017000
512.764800 27.261000 91.016000
512.275700 27.295000 91.019000
511.786400 27.334000 91.013000
511.297100 27.371000 91.006000
510.807600 27.406000 91.004000
510.318100 27.438000 90.996000
509.828400 27.463000 90.991000
509.338600 27.488000 90.992000
508.848800 27.522000 90.989000
508.358700 27.559000 90.984000
507.868600 27.593000 90.980000
507.378400 27.625000 90.971000
506.888000 27.652000 90.965000
506.397600 27.683000 90.953000
505.907000 27.709000 90.942000
505.416300 27.744000 90.935000
504.925500 27.774000 90.930000
504.434600 27.804000 90.922000
503.943600 27.829000 90.916000
503.452500 27.851000 90.910000
502.961200 27.877000 90.899000
502.469800 27.903000 90.889000
501.978400 27.931000 90.877000
501.486800 27.956000 90.871000
500.995100 27.982000 90.866000
500.503300 28.010000 90.854000
500.011400 28.038000 90.843000
499.519300 28.066000 90.833000
499.027200 28.092000 90.822000
498.534900 28.117000 90.810000
498.042600 28.142000 90.798000
497.550100 28.168000 90.783000
497.057500 28.198000 90.768000
496.564800 28.230000 90.758000
496.072000 28.254000 90.746000
495.579000 28.279000 90.734000
495.086000 28.308000 90.712000
494.592800 28.333000 90.697000
494.099500 28.360000 90.681000
493.606200 28.388000 90.664000
493.112700 28.416000 90.651000
492.619000 28.444000 90.634000
492.125300 28.472000 90.617000
491.631500 28.498000 90.604000
491.137500 28.525000 90.587000
490.643500 28.553000 90.568000
490.149300 28.581000 90.554000
489.655000 28.606000 90.538000
489.160600 28.634000 90.523000
488.666100 28.662000 90.507000
488.171400 28.694000 90.489000
487.676700 28.718000 90.471000
487.181800 28.750000 90.458000
486.686900 28.777000 90.444000
486.191800 28.807000 90.432000
485.696600 28.831000 90.415000
485.201300 28.863000 90.397000
484.705800 28.888000 90.384000
484.210300 28.913000 90.369000
483.714600 28.942000 90.353000
483.218900 28.974000 90.336000
482.723000 29.003000 90.321000
482.227000 29.029000 90.306000
481.730900 29.053000 90.284000
481.234600 29.072000 90.271000
480.738300 29.095000 90.261000
480.241900 29.124000 90.246000
479.745300 29.148000 90.236000
479.248600 29.171000 90.226000
478.751800 29.191000 90.216000
478.254900 29.215000 90.206000
477.757900 29.238000 90.195000
477.260800 29.259000 90.185000
476.763500 29.281000 90.179000
476.266200 29.306000 90.169000
475.768700 29.333000 90.159000
475.271100 29.359000 90.152000
474.773400 29.384000 90.144000
474.275600 29.409000 90.140000
473.777600 29.429000 90.133000
473.279600 29.452000 90.126000
472.781400 29.476000 90.117000
472.283100 29.498000 90.115000
471.784800 29.523000 90.118000
471.286300 29.554000 90.115000
470.787600 29.577000 90.117000
470.288900 29.603000 90.125000
469.790000 29.633000 90.128000
469.291100 29.661000 90.142000
468.792000 29.702000 90.151000
468.292800 29.741000 90.159000
467.793500 29.774000 90.168000
467.294100 29.808000 90.184000
466.794500 29.847000 90.203000
466.294900 29.883000 90.223000
465.795100 29.921000 90.242000
465.295200 29.952000 90.270000
464.795200 29.991000 90.295000
464.295100 30.024000 90.317000
463.794900 30.061000 90.338000
463.294600 30.088000 90.361000
462.794100 30.127000 90.385000
462.293500 30.167000 90.399000
461.792800 30.203000 90.428000
461.292100 30.245000 90.450000
460.791100 30.284000 90.472000
460.290100 30.326000 90.490000
459.788900 30.368000 90.518000
459.287700 30.410000 90.544000
458.786300 30.454000 90.578000
458.284800 30.497000 90.607000
457.783200 30.537000 90.637000
457.281500 30.584000 90.670000
456.779600 30.635000 90.705000
456.277700 30.687000 90.745000
455.775600 30.733000 90.787000
455.273400 30.790000 90.830000
454.771100 30.840000 90.869000
454.268700 30.895000 90.909000
453.766200 30.940000 90.939000
453.263500 30.986000 90.969000
452.760800 31.031000 90.999000
452.257900 31.077000 91.028000
451.754900 31.121000 91.057000
451.251800 31.166000 91.085000
450.748500 31.211000 91.113000
450.245200 31.256000 91.141000
449.741700 31.300000 91.169000
449.238200 31.344000 91.195000
448.734500 31.388000 91.222000
448.230700 31.432000 91.248000
447.726700 31.475000 91.274000
447.222700 31.518000 91.299000
446.718600 31.562000 91.325000
446.214300 31.605000 91.350000
445.709900 31.647000 91.374000
445.205400 31.690000 91.398000
444.700800 31.732000 91.422000
444.196000 31.774000 91.445000
443.691200 31.816000 91.469000
443.186200 31.858000 91.491000
442.681200 31.899000 91.513000
442.175900 31.940000 91.535000
441.670600 31.981000 91.557000
441.165200 32.022000 91.578000
440.659600 32.062000 91.599000
440.154000 32.103000 91.620000
439.648200 32.103000 91.620000
