# ========================================================
# RESULTADOS DE AJUSTE ELIPSOMÉTRICO (AUTORANGE + TMM)
# ========================================================
# Archivo de origen: Al2O3_nanotubes.1-med1.txt
# Espesores óptimos (nm): [np.float64(46.83087024981132), np.float64(0.7435628560243361)]
# Error mínimo (Chi2 Red / MSE): 9.933377e-05
# Parámetros de dispersión optimizados:
#   Capa 'Al2O3_nanotube': {'model': 'bruggeman_EMA', 'linked_to': 'Al2O3', 'f_air': 0.3205407591312116, 'f_optimized': True}
#   Capa 'Al2O3': {'model': 'cauchy', 'A': 1.8757403804638302, 'B': -6.170224393245633, 'C': 4.317002230537311}
# ========================================================
# Wavelength_nm	Is_exp	Is_fit	Ic_exp	Ic_fit	Psi_exp_deg	Psi_fit_deg	Delta_exp_deg	Delta_fit_deg
829.9594	0.555822	0.576640	-0.118174	-0.118612	17.3140	18.0329	102.0030	101.6234
829.5408	0.557446	0.576864	-0.118265	-0.118506	17.3700	18.0399	101.9780	101.6088
829.1221	0.557577	0.577088	-0.117368	-0.118399	17.3680	18.0469	101.8870	101.5942
828.7034	0.557025	0.577312	-0.117485	-0.118292	17.3500	18.0539	101.9100	101.5797
828.2845	0.556947	0.577536	-0.116738	-0.118184	17.3420	18.0609	101.8380	101.5651
827.8656	0.557146	0.577760	-0.116627	-0.118077	17.3480	18.0679	101.8230	101.5505
827.4465	0.556774	0.577985	-0.115880	-0.117969	17.3300	18.0750	101.7570	101.5359
827.0275	0.556835	0.578209	-0.114879	-0.117861	17.3250	18.0820	101.6570	101.5212
826.6082	0.557393	0.578425	-0.115015	-0.117779	17.3450	18.0889	101.6590	101.5093
826.1889	0.558449	0.578640	-0.114582	-0.117699	17.3780	18.0959	101.5950	101.4975
825.7695	0.559580	0.578852	-0.114631	-0.117629	17.4170	18.1027	101.5770	101.4867
825.3500	0.560115	0.579061	-0.114160	-0.117567	17.4320	18.1096	101.5200	101.4768
824.9305	0.560399	0.579271	-0.114055	-0.117505	17.4410	18.1164	101.5040	101.4669
824.5108	0.559196	0.579480	-0.113648	-0.117443	17.3970	18.1233	101.4880	101.4569
824.0911	0.558862	0.579690	-0.112839	-0.117380	17.3800	18.1302	101.4150	101.4469
823.6713	0.558508	0.579900	-0.112422	-0.117318	17.3650	18.1370	101.3810	101.4370
823.2513	0.558434	0.580110	-0.112205	-0.117255	17.3610	18.1439	101.3610	101.4270
822.8313	0.558050	0.580320	-0.112077	-0.117192	17.3470	18.1508	101.3560	101.4170
822.4112	0.558804	0.580531	-0.112259	-0.117129	17.3740	18.1577	101.3590	101.4069
821.9910	0.560099	0.580742	-0.113088	-0.117065	17.4240	18.1646	101.4150	101.3969
821.5707	0.559414	0.580953	-0.112859	-0.117002	17.3990	18.1715	101.4060	101.3869
821.1503	0.558898	0.581164	-0.112805	-0.116938	17.3810	18.1784	101.4110	101.3768
820.7299	0.559623	0.581375	-0.112840	-0.116874	17.4060	18.1853	101.4000	101.3667
820.3093	0.560114	0.581586	-0.113010	-0.116810	17.4240	18.1922	101.4070	101.3566
819.8886	0.560437	0.581798	-0.112861	-0.116746	17.4340	18.1992	101.3860	101.3465
819.4679	0.561442	0.582010	-0.112799	-0.116681	17.4680	18.2061	101.3600	101.3364
819.0471	0.562478	0.582222	-0.113017	-0.116617	17.5050	18.2131	101.3610	101.3262
818.6262	0.563250	0.582434	-0.113090	-0.116552	17.5320	18.2200	101.3530	101.3161
818.2051	0.563403	0.582646	-0.112763	-0.116487	17.5350	18.2270	101.3180	101.3059
817.7841	0.563810	0.582859	-0.112620	-0.116422	17.5480	18.2340	101.2960	101.2957
817.3629	0.563669	0.583072	-0.112745	-0.116356	17.5440	18.2409	101.3110	101.2855
816.9416	0.564485	0.583285	-0.113031	-0.116290	17.5740	18.2479	101.3230	101.2753
816.5202	0.564797	0.583498	-0.112929	-0.116225	17.5840	18.2549	101.3070	101.2651
816.0988	0.565161	0.583711	-0.113146	-0.116159	17.5980	18.2619	101.3210	101.2548
815.6772	0.566070	0.583937	-0.112814	-0.116077	17.6270	18.2692	101.2710	101.2429
815.2556	0.566108	0.584166	-0.112770	-0.115990	17.6280	18.2766	101.2660	101.2304
814.8338	0.566675	0.584398	-0.112986	-0.115900	17.6490	18.2841	101.2760	101.2175
814.4120	0.567229	0.584634	-0.112829	-0.115804	17.6670	18.2917	101.2500	101.2041
813.9901	0.567489	0.584870	-0.113128	-0.115708	17.6780	18.2993	101.2740	101.1906
813.5681	0.568069	0.585107	-0.113274	-0.115612	17.6990	18.3069	101.2770	101.1771
813.1460	0.568148	0.585344	-0.112878	-0.115515	17.6990	18.3146	101.2370	101.1636
812.7238	0.568202	0.585581	-0.112899	-0.115419	17.7010	18.3222	101.2380	101.1501
812.3015	0.569580	0.585818	-0.112676	-0.115322	17.7470	18.3298	101.1900	101.1366
811.8792	0.568563	0.586055	-0.112981	-0.115225	17.7140	18.3375	101.2390	101.1231
811.4567	0.568852	0.586292	-0.112986	-0.115127	17.7240	18.3451	101.2340	101.1095
811.0341	0.569134	0.586530	-0.112877	-0.115030	17.7330	18.3528	101.2180	101.0960
810.6115	0.569241	0.586768	-0.113508	-0.114932	17.7410	18.3605	101.2770	101.0824
810.1888	0.569318	0.587005	-0.113265	-0.114834	17.7420	18.3681	101.2520	101.0688
809.7659	0.570076	0.587243	-0.112950	-0.114736	17.7660	18.3758	101.2070	101.0553
809.3430	0.570579	0.587482	-0.112750	-0.114638	17.7820	18.3835	101.1780	101.0417
808.9200	0.571350	0.587720	-0.112063	-0.114540	17.8040	18.3912	101.0970	101.0280
808.4969	0.571921	0.587958	-0.111657	-0.114441	17.8210	18.3989	101.0470	101.0144
808.0737	0.572264	0.588197	-0.111382	-0.114342	17.8310	18.4066	101.0140	101.0008
807.6505	0.572503	0.588436	-0.111491	-0.114243	17.8400	18.4143	101.0200	100.9871
807.2271	0.572525	0.588675	-0.111526	-0.114144	17.8410	18.4220	101.0230	100.9735
806.8036	0.573335	0.588914	-0.111071	-0.114045	17.8660	18.4298	100.9640	100.9598
806.3801	0.574156	0.589153	-0.110856	-0.113945	17.8930	18.4375	100.9280	100.9461
805.9564	0.575036	0.589393	-0.110474	-0.113845	17.9210	18.4452	100.8750	100.9324
805.5327	0.575635	0.589635	-0.110204	-0.113746	17.9400	18.4531	100.8380	100.9188
805.1089	0.576458	0.589876	-0.109663	-0.113647	17.9650	18.4609	100.7710	100.9051
804.6850	0.576967	0.590129	-0.109708	-0.113555	17.9830	18.4692	100.7660	100.8920
804.2610	0.577193	0.590385	-0.109427	-0.113465	17.9890	18.4776	100.7350	100.8789
803.8369	0.577748	0.590642	-0.109229	-0.113375	18.0070	18.4860	100.7060	100.8659
803.4127	0.578570	0.590899	-0.109134	-0.113285	18.0350	18.4945	100.6820	100.8528
802.9884	0.578931	0.591156	-0.109202	-0.113194	18.0480	18.5029	100.6820	100.8398
802.5640	0.579561	0.591414	-0.109205	-0.113104	18.0700	18.5114	100.6710	100.8267
802.1396	0.579740	0.591671	-0.109019	-0.113013	18.0750	18.5198	100.6500	100.8136
801.7150	0.579925	0.591929	-0.109253	-0.112922	18.0830	18.5283	100.6690	100.8005
801.2903	0.580690	0.592187	-0.108998	-0.112830	18.1080	18.5368	100.6310	100.7874
800.8657	0.580911	0.592444	-0.109040	-0.112739	18.1160	18.5453	100.6310	100.7742
800.4408	0.580748	0.592703	-0.108841	-0.112647	18.1090	18.5537	100.6150	100.7611
800.0159	0.581205	0.592961	-0.109001	-0.112555	18.1260	18.5622	100.6220	100.7479
799.5909	0.581644	0.593219	-0.108642	-0.112463	18.1390	18.5707	100.5800	100.7348
799.1658	0.582132	0.593478	-0.108638	-0.112370	18.1560	18.5793	100.5710	100.7216
798.7406	0.582757	0.593737	-0.108355	-0.112278	18.1760	18.5878	100.5330	100.7084
798.3153	0.583479	0.593995	-0.108468	-0.112185	18.2020	18.5963	100.5310	100.6952
797.8899	0.584481	0.594255	-0.108148	-0.112092	18.2350	18.6048	100.4830	100.6820
797.4644	0.584749	0.594514	-0.108240	-0.111999	18.2450	18.6134	100.4870	100.6687
797.0389	0.585497	0.594773	-0.108050	-0.111905	18.2700	18.6219	100.4560	100.6555
796.6132	0.586004	0.595033	-0.107774	-0.111811	18.2860	18.6305	100.4210	100.6422
796.1875	0.586191	0.595292	-0.107533	-0.111717	18.2910	18.6391	100.3950	100.6290
795.7617	0.586736	0.595552	-0.107358	-0.111623	18.3090	18.6476	100.3690	100.6157
795.3357	0.587279	0.595812	-0.107034	-0.111529	18.3260	18.6562	100.3290	100.6024
794.9097	0.588070	0.596071	-0.106754	-0.111434	18.3520	18.6647	100.2890	100.5891
794.4836	0.588554	0.596323	-0.106279	-0.111339	18.3660	18.6730	100.2360	100.5759
794.0574	0.588833	0.596575	-0.106468	-0.111244	18.3770	18.6813	100.2490	100.5627
793.6310	0.589453	0.596825	-0.106336	-0.111148	18.3980	18.6896	100.2260	100.5495
793.2047	0.590057	0.597076	-0.105977	-0.111052	18.4170	18.6978	100.1820	100.5363
792.7782	0.590481	0.597326	-0.105829	-0.110956	18.4310	18.7061	100.1610	100.5230
792.3516	0.590752	0.597577	-0.105899	-0.110860	18.4410	18.7143	100.1630	100.5098
791.9249	0.590756	0.597828	-0.105879	-0.110764	18.4410	18.7226	100.1610	100.4965
791.4982	0.591579	0.598079	-0.105717	-0.110667	18.4690	18.7309	100.1320	100.4833
791.0714	0.591901	0.598330	-0.105657	-0.110570	18.4800	18.7392	100.1210	100.4700
790.6444	0.592267	0.598582	-0.105670	-0.110473	18.4930	18.7474	100.1160	100.4567
790.2173	0.592591	0.598833	-0.105599	-0.110376	18.5040	18.7557	100.1040	100.4434
789.7902	0.593096	0.599085	-0.105465	-0.110278	18.5210	18.7641	100.0830	100.4301
789.3630	0.593433	0.599337	-0.105322	-0.110180	18.5320	18.7724	100.0640	100.4168
788.9357	0.593866	0.599589	-0.105431	-0.110082	18.5480	18.7807	100.0670	100.4034
788.5083	0.594113	0.599841	-0.105314	-0.109984	18.5560	18.7890	100.0520	100.3901
788.0807	0.594223	0.600094	-0.105494	-0.109886	18.5610	18.7973	100.0670	100.3767
787.6532	0.594752	0.600347	-0.105374	-0.109787	18.5790	18.8057	100.0470	100.3633
787.2255	0.594632	0.600599	-0.105417	-0.109688	18.5750	18.8140	100.0530	100.3499
786.7977	0.594780	0.600852	-0.104897	-0.109589	18.5770	18.8224	100.0020	100.3365
786.3699	0.595093	0.601105	-0.104888	-0.109490	18.5880	18.8308	99.9960	100.3231
785.9419	0.595423	0.601359	-0.104936	-0.109390	18.6000	18.8391	99.9950	100.3097
785.5139	0.595837	0.601612	-0.104826	-0.109290	18.6140	18.8475	99.9780	100.2962
785.0857	0.596179	0.601866	-0.104650	-0.109190	18.6250	18.8559	99.9560	100.2828
784.6575	0.596686	0.602127	-0.104332	-0.109092	18.6410	18.8646	99.9180	100.2693
784.2291	0.596799	0.602390	-0.104330	-0.108994	18.6450	18.8733	99.9160	100.2559
783.8007	0.596910	0.602654	-0.104177	-0.108896	18.6480	18.8821	99.9000	100.2425
783.3722	0.597202	0.602921	-0.104121	-0.108799	18.6580	18.8910	99.8900	100.2291
782.9435	0.597800	0.603189	-0.103924	-0.108701	18.6780	18.8999	99.8620	100.2157
782.5148	0.598199	0.603456	-0.104058	-0.108603	18.6930	18.9088	99.8680	100.2022
782.0861	0.598190	0.603723	-0.104272	-0.108505	18.6940	18.9177	99.8880	100.1888
781.6572	0.598144	0.603991	-0.104371	-0.108406	18.6930	18.9267	99.8980	100.1753
781.2282	0.598457	0.604259	-0.104351	-0.108308	18.7040	18.9356	99.8910	100.1618
780.7991	0.598778	0.604527	-0.104450	-0.108209	18.7160	18.9445	99.8950	100.1483
780.3699	0.599191	0.604795	-0.104500	-0.108110	18.7310	18.9535	99.8930	100.1348
779.9407	0.599375	0.605063	-0.104575	-0.108010	18.7380	18.9625	99.8970	100.1213
779.5113	0.599495	0.605332	-0.104693	-0.107911	18.7430	18.9714	99.9060	100.1078
779.0818	0.600119	0.605600	-0.104500	-0.107811	18.7640	18.9804	99.8780	100.0942
778.6523	0.600819	0.605869	-0.104352	-0.107711	18.7880	18.9894	99.8530	100.0807
778.2227	0.601347	0.606138	-0.104217	-0.107611	18.8060	18.9984	99.8320	100.0671
777.7930	0.601661	0.606407	-0.104347	-0.107510	18.8180	19.0073	99.8390	100.0535
777.3632	0.602237	0.606676	-0.104425	-0.107409	18.8390	19.0163	99.8370	100.0399
776.9332	0.602665	0.606946	-0.104380	-0.107308	18.8540	19.0254	99.8260	100.0263
776.5032	0.603101	0.607215	-0.104293	-0.107207	18.8690	19.0344	99.8110	100.0127
776.0731	0.603383	0.607485	-0.104277	-0.107105	18.8790	19.0434	99.8050	99.9990
775.6429	0.603842	0.607755	-0.104052	-0.107004	18.8940	19.0524	99.7770	99.9854
775.2126	0.604179	0.608025	-0.104045	-0.106902	18.9060	19.0615	99.7710	99.9717
774.7822	0.604726	0.608288	-0.103954	-0.106796	18.9250	19.0703	99.7540	99.9578
774.3517	0.604907	0.608545	-0.104203	-0.106686	18.9330	19.0788	99.7740	99.9436
773.9212	0.605398	0.608801	-0.104113	-0.106576	18.9500	19.0873	99.7580	99.9295
773.4905	0.605713	0.609056	-0.104233	-0.106464	18.9620	19.0957	99.7640	99.9153
773.0598	0.606172	0.609311	-0.104323	-0.106353	18.9790	19.1042	99.7650	99.9010
772.6289	0.606751	0.609567	-0.104204	-0.106241	18.9990	19.1127	99.7450	99.8868
772.1980	0.607403	0.609823	-0.104142	-0.106130	19.0220	19.1212	99.7290	99.8725
771.7669	0.607638	0.610079	-0.103909	-0.106017	19.0290	19.1297	99.7040	99.8582
771.3358	0.607913	0.610335	-0.103934	-0.105905	19.0390	19.1382	99.7020	99.8439
770.9046	0.608207	0.610591	-0.103843	-0.105793	19.0490	19.1467	99.6890	99.8296
770.4733	0.608574	0.610847	-0.103982	-0.105680	19.0630	19.1552	99.6960	99.8153
770.0419	0.608936	0.611104	-0.103978	-0.105567	19.0760	19.1637	99.6900	99.8010
769.6104	0.609438	0.611361	-0.104140	-0.105454	19.0950	19.1723	99.6970	99.7867
769.1787	0.609802	0.611618	-0.104290	-0.105340	19.1090	19.1808	99.7050	99.7723
768.7471	0.609760	0.611875	-0.104371	-0.105227	19.1080	19.1894	99.7130	99.7579
768.3152	0.610428	0.612132	-0.104529	-0.105113	19.1330	19.1979	99.7170	99.7436
767.8834	0.611037	0.612389	-0.104381	-0.104998	19.1540	19.2065	99.6940	99.7292
767.4514	0.611677	0.612647	-0.104050	-0.104884	19.1750	19.2151	99.6540	99.7148
767.0193	0.612042	0.612905	-0.104025	-0.104769	19.1880	19.2237	99.6460	99.7003
766.5872	0.612600	0.613163	-0.103845	-0.104655	19.2070	19.2323	99.6210	99.6859
766.1549	0.613041	0.613421	-0.103699	-0.104540	19.2220	19.2409	99.6010	99.6715
765.7225	0.613371	0.613681	-0.103876	-0.104423	19.2350	19.2495	99.6120	99.6569
765.2901	0.613739	0.613942	-0.103994	-0.104306	19.2490	19.2582	99.6170	99.6422
764.8575	0.614154	0.614205	-0.104163	-0.104188	19.2650	19.2670	99.6260	99.6274
764.4249	0.614604	0.614472	-0.104118	-0.104066	19.2810	19.2759	99.6150	99.6124
763.9922	0.615096	0.614739	-0.104157	-0.103945	19.2990	19.2848	99.6110	99.5973
763.5593	0.615686	0.615006	-0.104102	-0.103823	19.3200	19.2937	99.5970	99.5821
763.1264	0.616071	0.615274	-0.104278	-0.103702	19.3350	19.3026	99.6070	99.5670
762.6934	0.616504	0.615541	-0.104008	-0.103579	19.3490	19.3116	99.5760	99.5519
762.2603	0.616733	0.615809	-0.103958	-0.103457	19.3570	19.3205	99.5680	99.5367
761.8271	0.617023	0.616077	-0.103874	-0.103334	19.3670	19.3295	99.5560	99.5216
761.3938	0.617340	0.616345	-0.103795	-0.103212	19.3780	19.3384	99.5440	99.5064
760.9604	0.617851	0.616613	-0.103548	-0.103089	19.3950	19.3474	99.5140	99.4912
760.5269	0.618255	0.616882	-0.103605	-0.102965	19.4100	19.3564	99.5130	99.4760
760.0933	0.618824	0.617151	-0.103500	-0.102842	19.4300	19.3653	99.4950	99.4608
759.6597	0.619414	0.617419	-0.103265	-0.102718	19.4500	19.3743	99.4650	99.4456
759.2259	0.619614	0.617688	-0.103388	-0.102594	19.4580	19.3833	99.4730	99.4304
758.7921	0.619905	0.617957	-0.103458	-0.102470	19.4690	19.3923	99.4750	99.4151
758.3581	0.620423	0.618227	-0.103155	-0.102345	19.4860	19.4014	99.4400	99.3999
757.9240	0.620636	0.618496	-0.103035	-0.102220	19.4930	19.4104	99.4260	99.3846
757.4899	0.621004	0.618766	-0.102974	-0.102095	19.5060	19.4194	99.4150	99.3693
757.0556	0.621244	0.619036	-0.103013	-0.101970	19.5150	19.4285	99.4150	99.3540
756.6213	0.621847	0.619306	-0.103024	-0.101845	19.5370	19.4375	99.4070	99.3387
756.1868	0.622441	0.619576	-0.102754	-0.101719	19.5570	19.4466	99.3740	99.3234
755.7523	0.622589	0.619846	-0.102857	-0.101603	19.5630	19.4557	99.3810	99.3089
755.3177	0.623055	0.620115	-0.102856	-0.101493	19.5800	19.4648	99.3740	99.2951
754.8830	0.623360	0.620384	-0.102839	-0.101384	19.5910	19.4740	99.3680	99.2813
754.4482	0.623559	0.620654	-0.102794	-0.101274	19.5980	19.4831	99.3610	99.2674
754.0132	0.623936	0.620924	-0.102833	-0.101164	19.6120	19.4923	99.3590	99.2536
753.5782	0.624356	0.621194	-0.102779	-0.101053	19.6270	19.5015	99.3480	99.2397
753.1431	0.624728	0.621464	-0.102684	-0.100943	19.6400	19.5106	99.3340	99.2258
752.7079	0.625014	0.621735	-0.102776	-0.100832	19.6510	19.5198	99.3380	99.2119
752.2726	0.625366	0.622005	-0.102800	-0.100721	19.6640	19.5290	99.3350	99.1980
751.8373	0.625588	0.622276	-0.102780	-0.100609	19.6720	19.5382	99.3300	99.1841
751.4018	0.626231	0.622547	-0.102359	-0.100498	19.6930	19.5474	99.2830	99.1701
750.9662	0.626672	0.622818	-0.102341	-0.100386	19.7090	19.5567	99.2750	99.1562
750.5306	0.626936	0.623089	-0.102395	-0.100274	19.7190	19.5659	99.2760	99.1422
750.0948	0.627332	0.623361	-0.102145	-0.100161	19.7320	19.5751	99.2480	99.1282
749.6589	0.627708	0.623632	-0.102184	-0.100049	19.7460	19.5844	99.2460	99.1142
749.2230	0.627922	0.623904	-0.102207	-0.099936	19.7540	19.5936	99.2450	99.1002
748.7869	0.628161	0.624176	-0.102246	-0.099823	19.7630	19.6029	99.2450	99.0862
748.3508	0.628670	0.624448	-0.102138	-0.099709	19.7810	19.6122	99.2280	99.0722
747.9146	0.628992	0.624720	-0.102336	-0.099595	19.7940	19.6215	99.2410	99.0581
747.4782	0.629259	0.624993	-0.102538	-0.099482	19.8050	19.6307	99.2550	99.0440
747.0417	0.629577	0.625266	-0.102590	-0.099367	19.8170	19.6401	99.2550	99.0299
746.6052	0.629926	0.625549	-0.102455	-0.099255	19.8290	19.6498	99.2380	99.0159
746.1686	0.630503	0.625834	-0.102255	-0.099143	19.8490	19.6595	99.2120	99.0019
745.7319	0.631042	0.626120	-0.102116	-0.099031	19.8680	19.6694	99.1920	98.9878
745.2950	0.631502	0.626407	-0.102134	-0.098918	19.8850	19.6792	99.1870	98.9737
744.8582	0.631964	0.626694	-0.101960	-0.098806	19.9010	19.6890	99.1650	98.9596
744.4211	0.632220	0.626981	-0.102058	-0.098693	19.9110	19.6989	99.1700	98.9455
743.9841	0.632527	0.627268	-0.102175	-0.098580	19.9230	19.7088	99.1760	98.9314
743.5468	0.632963	0.627555	-0.101996	-0.098466	19.9380	19.7186	99.1540	98.9173
743.1096	0.633240	0.627843	-0.102131	-0.098353	19.9490	19.7285	99.1620	98.9031
742.6722	0.633451	0.628131	-0.102336	-0.098239	19.9580	19.7384	99.1770	98.8890
742.2347	0.633657	0.628419	-0.102403	-0.098124	19.9660	19.7483	99.1800	98.8748
741.7971	0.633911	0.628707	-0.102342	-0.098010	19.9750	19.7582	99.1710	98.8606
741.3594	0.634122	0.628995	-0.102376	-0.097895	19.9830	19.7682	99.1710	98.8464
740.9216	0.634345	0.629283	-0.102503	-0.097780	19.9920	19.7781	99.1790	98.8322
740.4838	0.634608	0.629572	-0.102557	-0.097665	20.0020	19.7880	99.1800	98.8179
740.0458	0.634755	0.629860	-0.102819	-0.097549	20.0090	19.7980	99.2010	98.8037
739.6077	0.634837	0.630149	-0.102980	-0.097433	20.0130	19.8079	99.2140	98.7894
739.1696	0.635194	0.630438	-0.102947	-0.097317	20.0260	19.8179	99.2060	98.7751
738.7313	0.635438	0.630727	-0.103112	-0.097201	20.0360	19.8279	99.2170	98.7609
738.2930	0.635739	0.631017	-0.103092	-0.097084	20.0470	19.8378	99.2110	98.7466
737.8545	0.635925	0.631301	-0.103111	-0.096964	20.0540	19.8476	99.2100	98.7321
737.4160	0.636294	0.631574	-0.103171	-0.096838	20.0680	19.8570	99.2100	98.7172
736.9773	0.636469	0.631847	-0.103257	-0.096713	20.0750	19.8663	99.2150	98.7023
736.5386	0.636685	0.632120	-0.103428	-0.096586	20.0840	19.8757	99.2270	98.6875
736.0997	0.636869	0.632394	-0.103458	-0.096460	20.0910	19.8850	99.2270	98.6726
735.6608	0.637146	0.632667	-0.103583	-0.096333	20.1020	19.8944	99.2340	98.6577
735.2218	0.637336	0.632941	-0.103580	-0.096206	20.1090	19.9038	99.2310	98.6427
734.7827	0.637358	0.633215	-0.103937	-0.096079	20.1120	19.9132	99.2620	98.6278
734.3434	0.637624	0.633489	-0.103798	-0.095952	20.1210	19.9226	99.2460	98.6129
733.9041	0.637941	0.633764	-0.103838	-0.095824	20.1330	19.9320	99.2450	98.5979
733.4647	0.638028	0.634038	-0.103807	-0.095696	20.1360	19.9414	99.2410	98.5829
733.0252	0.638122	0.634313	-0.103890	-0.095568	20.1400	19.9508	99.2470	98.5679
732.5856	0.638635	0.634588	-0.103722	-0.095439	20.1580	19.9603	99.2250	98.5529
732.1459	0.638770	0.634863	-0.103721	-0.095310	20.1630	19.9697	99.2230	98.5379
731.7061	0.638765	0.635139	-0.103583	-0.095181	20.1620	19.9792	99.2110	98.5229
731.2662	0.638884	0.635414	-0.103683	-0.095052	20.1670	19.9887	99.2180	98.5078
730.8262	0.639038	0.635690	-0.103730	-0.094923	20.1730	19.9981	99.2200	98.4928
730.3861	0.638993	0.635966	-0.103838	-0.094793	20.1720	20.0076	99.2300	98.4777
729.9459	0.639182	0.636242	-0.103674	-0.094663	20.1780	20.0171	99.2130	98.4627
729.5057	0.639222	0.636524	-0.103589	-0.094536	20.1790	20.0269	99.2050	98.4478
729.0653	0.639604	0.636806	-0.103227	-0.094409	20.1910	20.0366	99.1680	98.4329
728.6248	0.639619	0.637100	-0.103137	-0.094289	20.1910	20.0468	99.1600	98.4185
728.1843	0.639640	0.637396	-0.103003	-0.094169	20.1910	20.0572	99.1480	98.4041
727.7436	0.639730	0.637692	-0.102949	-0.094049	20.1940	20.0675	99.1420	98.3897
727.3028	0.639779	0.637988	-0.102980	-0.093929	20.1960	20.0778	99.1440	98.3753
726.8619	0.640072	0.638285	-0.102660	-0.093809	20.2050	20.0881	99.1120	98.3609
726.4210	0.640047	0.638581	-0.102484	-0.093688	20.2030	20.0985	99.0970	98.3465
725.9799	0.640251	0.638878	-0.102219	-0.093567	20.2090	20.1088	99.0710	98.3320
725.5388	0.640547	0.639175	-0.101877	-0.093446	20.2180	20.1192	99.0370	98.3176
725.0975	0.640907	0.639472	-0.101475	-0.093324	20.2290	20.1296	98.9970	98.3031
724.6561	0.641129	0.639769	-0.101258	-0.093202	20.2360	20.1400	98.9750	98.2886
724.2147	0.641105	0.640066	-0.101071	-0.093080	20.2340	20.1503	98.9590	98.2741
723.7732	0.641210	0.640364	-0.100743	-0.092958	20.2360	20.1607	98.9290	98.2596
723.3315	0.641212	0.640662	-0.100560	-0.092835	20.2350	20.1712	98.9130	98.2451
722.8898	0.641494	0.640959	-0.099962	-0.092712	20.2420	20.1816	98.8570	98.2305
722.4479	0.641630	0.641257	-0.099605	-0.092589	20.2450	20.1920	98.8240	98.2160
722.0060	0.641778	0.641556	-0.099169	-0.092466	20.2480	20.2024	98.7840	98.2014
721.5640	0.642232	0.641854	-0.098665	-0.092342	20.2620	20.2129	98.7340	98.1868
721.1218	0.642425	0.642153	-0.098454	-0.092218	20.2680	20.2233	98.7130	98.1722
720.6796	0.642603	0.642442	-0.098171	-0.092089	20.2730	20.2334	98.6860	98.1573
720.2373	0.642790	0.642727	-0.097821	-0.091958	20.2780	20.2434	98.6530	98.1423
719.7949	0.642741	0.643011	-0.097618	-0.091826	20.2750	20.2533	98.6360	98.1273
719.3524	0.642979	0.643293	-0.097104	-0.091693	20.2810	20.2631	98.5880	98.1121
718.9097	0.643098	0.643576	-0.096674	-0.091560	20.2830	20.2729	98.5490	98.0970
718.4670	0.643135	0.643859	-0.096071	-0.091426	20.2810	20.2828	98.4960	98.0818
718.0242	0.643577	0.644142	-0.095437	-0.091293	20.2940	20.2926	98.4350	98.0667
717.5813	0.643757	0.644425	-0.094947	-0.091159	20.2980	20.3025	98.3900	98.0515
717.1383	0.643974	0.644709	-0.094382	-0.091024	20.3030	20.3124	98.3380	98.0363
716.6952	0.644191	0.644992	-0.093816	-0.090890	20.3080	20.3223	98.2860	98.0211
716.2520	0.644405	0.645276	-0.093262	-0.090755	20.3130	20.3322	98.2350	98.0059
715.8087	0.644708	0.645560	-0.092456	-0.090620	20.3200	20.3421	98.1610	97.9906
715.3653	0.644926	0.645844	-0.091867	-0.090484	20.3250	20.3520	98.1070	97.9754
714.9218	0.644986	0.646128	-0.091451	-0.090349	20.3250	20.3619	98.0700	97.9601
714.4782	0.645152	0.646413	-0.090842	-0.090213	20.3280	20.3719	98.0150	97.9448
714.0345	0.645563	0.646697	-0.090199	-0.090077	20.3400	20.3818	97.9540	97.9295
713.5907	0.645817	0.646982	-0.089718	-0.089940	20.3470	20.3918	97.9090	97.9142
713.1469	0.646043	0.647267	-0.089048	-0.089803	20.3520	20.4018	97.8480	97.8989
712.7028	0.646181	0.647562	-0.088240	-0.089674	20.3530	20.4122	97.7760	97.8842
712.2588	0.646473	0.647863	-0.087464	-0.089549	20.3600	20.4228	97.7050	97.8697
711.8146	0.646672	0.648168	-0.086779	-0.089427	20.3640	20.4336	97.6430	97.8555
711.3703	0.646983	0.648478	-0.086050	-0.089310	20.3720	20.4446	97.5760	97.8416
710.9259	0.647328	0.648789	-0.085257	-0.089192	20.3810	20.4557	97.5030	97.8277
710.4814	0.647536	0.649101	-0.084686	-0.089074	20.3860	20.4668	97.4510	97.8137
710.0369	0.647827	0.649412	-0.084092	-0.088956	20.3940	20.4779	97.3960	97.7998
709.5922	0.647993	0.649723	-0.083424	-0.088837	20.3970	20.4890	97.3360	97.7858
709.1474	0.648289	0.650035	-0.082783	-0.088718	20.4050	20.5001	97.2770	97.7718
708.7026	0.648427	0.650347	-0.082111	-0.088598	20.4070	20.5112	97.2170	97.7578
708.2576	0.648637	0.650659	-0.081505	-0.088479	20.4120	20.5223	97.1620	97.7438
707.8125	0.648776	0.650971	-0.080821	-0.088359	20.4140	20.5335	97.1010	97.7297
707.3674	0.649093	0.651283	-0.080193	-0.088238	20.4230	20.5446	97.0430	97.7157
706.9221	0.649339	0.651596	-0.079706	-0.088118	20.4300	20.5558	96.9980	97.7016
706.4767	0.649705	0.651908	-0.079106	-0.087997	20.4410	20.5669	96.9420	97.6875
706.0313	0.650026	0.652221	-0.078432	-0.087876	20.4500	20.5781	96.8800	97.6734
705.5857	0.650319	0.652534	-0.077983	-0.087754	20.4590	20.5893	96.8380	97.6593
705.1401	0.650653	0.652847	-0.077413	-0.087632	20.4690	20.6005	96.7850	97.6452
704.6943	0.650931	0.653159	-0.076858	-0.087507	20.4770	20.6116	96.7340	97.6308
704.2484	0.651093	0.653470	-0.076382	-0.087381	20.4810	20.6227	96.6910	97.6163
703.8025	0.651323	0.653780	-0.076006	-0.087252	20.4880	20.6338	96.6560	97.6017
703.3564	0.651637	0.654089	-0.075362	-0.087121	20.4970	20.6448	96.5970	97.5868
702.9103	0.652007	0.654398	-0.074909	-0.086989	20.5090	20.6558	96.5540	97.5719
702.4641	0.652391	0.654707	-0.074331	-0.086857	20.5210	20.6668	96.5000	97.5571
702.0177	0.652742	0.655016	-0.073805	-0.086725	20.5320	20.6779	96.4510	97.5422
701.5712	0.653032	0.655326	-0.073353	-0.086592	20.5410	20.6889	96.4090	97.5273
701.1247	0.653411	0.655635	-0.073038	-0.086460	20.5540	20.7000	96.3780	97.5123
700.6780	0.653695	0.655945	-0.072631	-0.086326	20.5630	20.7110	96.3400	97.4974
700.2313	0.654026	0.656255	-0.072263	-0.086193	20.5740	20.7221	96.3050	97.4824
699.7844	0.654365	0.656565	-0.071826	-0.086059	20.5850	20.7332	96.2640	97.4675
699.3375	0.654715	0.656875	-0.071529	-0.085925	20.5970	20.7443	96.2350	97.4525
698.8904	0.655041	0.657186	-0.071206	-0.085791	20.6080	20.7554	96.2040	97.4375
698.4433	0.655437	0.657496	-0.070960	-0.085656	20.6220	20.7665	96.1790	97.4225
697.9961	0.655937	0.657807	-0.070482	-0.085521	20.6390	20.7777	96.1330	97.4074
697.5488	0.656331	0.658118	-0.070257	-0.085386	20.6530	20.7888	96.1100	97.3924
697.1013	0.656673	0.658429	-0.070016	-0.085250	20.6650	20.8000	96.0860	97.3773
696.6537	0.656989	0.658739	-0.069771	-0.085119	20.6760	20.8111	96.0620	97.3627
696.2061	0.657422	0.659047	-0.069411	-0.084988	20.6910	20.8222	96.0270	97.3481
695.7584	0.657804	0.659355	-0.069289	-0.084861	20.7050	20.8332	96.0130	97.3338
695.3105	0.658199	0.659661	-0.069029	-0.084736	20.7190	20.8443	95.9870	97.3197
694.8626	0.658630	0.659968	-0.068934	-0.084610	20.7350	20.8553	95.9750	97.3056
694.4146	0.658982	0.660274	-0.068843	-0.084484	20.7480	20.8664	95.9640	97.2915
693.9664	0.659394	0.660581	-0.068665	-0.084358	20.7630	20.8775	95.9450	97.2774
693.5182	0.659934	0.660888	-0.068524	-0.084231	20.7830	20.8886	95.9280	97.2633
693.0699	0.660384	0.661196	-0.068489	-0.084104	20.8000	20.8996	95.9210	97.2491
692.6215	0.660809	0.661503	-0.068440	-0.083977	20.8160	20.9108	95.9130	97.2350
692.1729	0.661224	0.661811	-0.068483	-0.083850	20.8320	20.9219	95.9130	97.2208
691.7243	0.661691	0.662119	-0.068531	-0.083722	20.8500	20.9330	95.9130	97.2066
691.2756	0.662177	0.662427	-0.068640	-0.083594	20.8690	20.9441	95.9180	97.1923
690.8267	0.662574	0.662735	-0.068599	-0.083466	20.8840	20.9553	95.9110	97.1781
690.3778	0.663057	0.663043	-0.068485	-0.083337	20.9020	20.9664	95.8970	97.1639
689.9288	0.663443	0.663352	-0.068548	-0.083208	20.9170	20.9776	95.8990	97.1496
689.4797	0.663958	0.663660	-0.068625	-0.083079	20.9370	20.9888	95.9010	97.1353
689.0304	0.664384	0.663969	-0.068798	-0.082949	20.9540	21.0000	95.9120	97.1210
688.5811	0.664748	0.664279	-0.068812	-0.082820	20.9680	21.0112	95.9100	97.1067
688.1317	0.665132	0.664589	-0.068887	-0.082690	20.9830	21.0225	95.9130	97.0925
687.6821	0.665488	0.664899	-0.068971	-0.082561	20.9970	21.0337	95.9170	97.0782
687.2325	0.665995	0.665209	-0.068859	-0.082431	21.0160	21.0450	95.9030	97.0639
686.7828	0.666397	0.665519	-0.069006	-0.082301	21.0320	21.0563	95.9120	97.0496
686.3329	0.666843	0.665830	-0.069229	-0.082170	21.0500	21.0676	95.9270	97.0353
685.8830	0.667281	0.666141	-0.069522	-0.082040	21.0680	21.0789	95.9480	97.0210
685.4330	0.667781	0.666452	-0.069715	-0.081909	21.0880	21.0902	95.9600	97.0067
684.9828	0.668244	0.666763	-0.070011	-0.081777	21.1070	21.1015	95.9810	96.9923
684.5327	0.668586	0.667074	-0.070224	-0.081645	21.1210	21.1128	95.9960	96.9779
684.0823	0.668921	0.667386	-0.070247	-0.081513	21.1340	21.1242	95.9950	96.9635
683.6319	0.669293	0.667698	-0.070416	-0.081381	21.1490	21.1355	96.0060	96.9491
683.1813	0.669620	0.668010	-0.070510	-0.081248	21.1620	21.1469	96.0110	96.9347
682.7307	0.670115	0.668322	-0.070491	-0.081115	21.1810	21.1583	96.0050	96.9202
682.2800	0.670528	0.668634	-0.070759	-0.080982	21.1980	21.1697	96.0240	96.9058
681.8292	0.670913	0.668947	-0.070788	-0.080849	21.2130	21.1811	96.0230	96.8913
681.3782	0.671373	0.669263	-0.071097	-0.080715	21.2320	21.1926	96.0450	96.8768
680.9272	0.671733	0.669581	-0.071361	-0.080582	21.2470	21.2043	96.0640	96.8624
680.4761	0.672086	0.669909	-0.071446	-0.080451	21.2610	21.2163	96.0680	96.8480
680.0248	0.672453	0.670238	-0.071651	-0.080319	21.2760	21.2284	96.0820	96.8335
679.5735	0.672795	0.670567	-0.071830	-0.080187	21.2900	21.2404	96.0940	96.8191
679.1221	0.673159	0.670895	-0.072059	-0.080054	21.3050	21.2525	96.1100	96.8046
678.6705	0.673522	0.671225	-0.072288	-0.079921	21.3200	21.2646	96.1260	96.7901
678.2189	0.673915	0.671554	-0.072473	-0.079788	21.3360	21.2767	96.1380	96.7756
677.7672	0.674310	0.671883	-0.072634	-0.079655	21.3520	21.2888	96.1480	96.7611
677.3154	0.674695	0.672212	-0.072890	-0.079521	21.3680	21.3009	96.1660	96.7466
676.8634	0.675073	0.672542	-0.072979	-0.079387	21.3830	21.3131	96.1700	96.7320
676.4114	0.675317	0.672872	-0.073101	-0.079252	21.3930	21.3252	96.1780	96.7175
675.9592	0.675563	0.673202	-0.073211	-0.079117	21.4030	21.3373	96.1850	96.7029
675.5070	0.675895	0.673532	-0.073473	-0.078982	21.4170	21.3495	96.2040	96.6883
675.0547	0.676141	0.673862	-0.073811	-0.078847	21.4280	21.3617	96.2300	96.6737
674.6022	0.676421	0.674193	-0.074080	-0.078711	21.4400	21.3739	96.2500	96.6590
674.1497	0.676728	0.674523	-0.074329	-0.078575	21.4530	21.3861	96.2680	96.6444
673.6971	0.676989	0.674858	-0.074525	-0.078445	21.4640	21.3985	96.2820	96.6302
673.2443	0.677308	0.675196	-0.074668	-0.078318	21.4770	21.4110	96.2910	96.6163
672.7915	0.677571	0.675534	-0.074840	-0.078192	21.4880	21.4236	96.3030	96.6025
672.3386	0.677900	0.675874	-0.075116	-0.078067	21.5020	21.4362	96.3230	96.5888
671.8855	0.678125	0.676213	-0.075405	-0.077941	21.5120	21.4488	96.3450	96.5750
671.4324	0.678400	0.676553	-0.075699	-0.077816	21.5240	21.4614	96.3670	96.5612
670.9791	0.678698	0.676893	-0.076020	-0.077689	21.5370	21.4741	96.3910	96.5474
670.5258	0.679041	0.677233	-0.076395	-0.077563	21.5520	21.4867	96.4190	96.5336
670.0723	0.679355	0.677573	-0.076562	-0.077436	21.5650	21.4994	96.4300	96.5197
669.6188	0.679687	0.677913	-0.076804	-0.077309	21.5790	21.5121	96.4470	96.5059
669.1651	0.679895	0.678254	-0.077007	-0.077181	21.5880	21.5248	96.4620	96.4920
668.7114	0.680200	0.678594	-0.077247	-0.077053	21.6010	21.5375	96.4790	96.4781
668.2575	0.680425	0.678935	-0.077525	-0.076925	21.6110	21.5502	96.5000	96.4642
667.8035	0.680751	0.679276	-0.077803	-0.076796	21.6250	21.5629	96.5200	96.4502
667.3495	0.681054	0.679617	-0.078066	-0.076667	21.6380	21.5757	96.5390	96.4363
666.8953	0.681362	0.679958	-0.078282	-0.076538	21.6510	21.5884	96.5540	96.4223
666.4411	0.681676	0.680300	-0.078439	-0.076409	21.6640	21.6012	96.5640	96.4084
665.9868	0.681931	0.680642	-0.078661	-0.076280	21.6750	21.6140	96.5800	96.3945
665.5323	0.682206	0.680985	-0.078934	-0.076151	21.6870	21.6268	96.6000	96.3806
665.0777	0.682509	0.681328	-0.079186	-0.076021	21.7000	21.6397	96.6180	96.3666
664.6230	0.682785	0.681671	-0.079448	-0.075892	21.7120	21.6525	96.6370	96.3527
664.1683	0.683138	0.682014	-0.079706	-0.075761	21.7270	21.6654	96.6550	96.3387
663.7134	0.683468	0.682358	-0.079938	-0.075631	21.7410	21.6783	96.6710	96.3247
663.2584	0.683796	0.682701	-0.080182	-0.075500	21.7550	21.6912	96.6880	96.3107
662.8034	0.684074	0.683045	-0.080421	-0.075369	21.7670	21.7041	96.7050	96.2967
662.3482	0.684403	0.683388	-0.080653	-0.075237	21.7810	21.7170	96.7210	96.2826
661.8929	0.684739	0.683732	-0.080826	-0.075105	21.7950	21.7299	96.7320	96.2686
661.4376	0.685071	0.684076	-0.081035	-0.074973	21.8090	21.7428	96.7460	96.2545
660.9821	0.685372	0.684421	-0.081289	-0.074840	21.8220	21.7558	96.7640	96.2404
660.5265	0.685672	0.684765	-0.081543	-0.074707	21.8350	21.7687	96.7820	96.2263
660.0708	0.685935	0.685109	-0.081684	-0.074574	21.8460	21.7817	96.7910	96.2122
659.6151	0.686308	0.685449	-0.081752	-0.074441	21.8610	21.7945	96.7930	96.1981
659.1592	0.686742	0.685788	-0.081950	-0.074308	21.8790	21.8072	96.8050	96.1841
658.7032	0.687123	0.686122	-0.082153	-0.074175	21.8950	21.8198	96.8180	96.1702
658.2471	0.687469	0.686455	-0.082231	-0.074043	21.9090	21.8324	96.8210	96.1563
657.7909	0.687811	0.686788	-0.082345	-0.073910	21.9230	21.8449	96.8270	96.1423
657.3346	0.688174	0.687122	-0.082486	-0.073776	21.9380	21.8575	96.8350	96.1284
656.8782	0.688584	0.687455	-0.082657	-0.073643	21.9550	21.8700	96.8450	96.1144
656.4218	0.688922	0.687788	-0.082795	-0.073509	21.9690	21.8826	96.8530	96.1004
655.9651	0.689311	0.688122	-0.082928	-0.073374	21.9850	21.8952	96.8600	96.0864
655.5084	0.689662	0.688456	-0.082958	-0.073240	21.9990	21.9078	96.8590	96.0724
655.0516	0.689977	0.688790	-0.083069	-0.073104	22.0120	21.9205	96.8650	96.0584
654.5947	0.690267	0.689124	-0.083177	-0.072969	22.0240	21.9331	96.8710	96.0443
654.1377	0.690560	0.689459	-0.083261	-0.072833	22.0360	21.9457	96.8750	96.0303
653.6806	0.690834	0.689793	-0.083294	-0.072697	22.0470	21.9584	96.8750	96.0162
653.2234	0.691155	0.690128	-0.083357	-0.072560	22.0600	21.9711	96.8770	96.0021
652.7661	0.691468	0.690467	-0.083481	-0.072424	22.0730	21.9840	96.8840	95.9879
652.3087	0.691768	0.690812	-0.083505	-0.072288	22.0850	21.9970	96.8830	95.9738
651.8511	0.692037	0.691158	-0.083574	-0.072152	22.0960	22.0102	96.8860	95.9597
651.3936	0.692338	0.691509	-0.083586	-0.072016	22.1080	22.0235	96.8840	95.9455
650.9358	0.692646	0.691860	-0.083746	-0.071880	22.1210	22.0369	96.8940	95.9314
650.4780	0.692948	0.692211	-0.083746	-0.071743	22.1330	22.0503	96.8910	95.9172
650.0201	0.693350	0.692562	-0.083757	-0.071606	22.1490	22.0636	96.8880	95.9030
649.5620	0.693671	0.692914	-0.083808	-0.071468	22.1620	22.0770	96.8890	95.8887
649.1039	0.693924	0.693265	-0.083790	-0.071330	22.1720	22.0904	96.8850	95.8745
648.6457	0.694216	0.693617	-0.083665	-0.071192	22.1830	22.1038	96.8720	95.8603
648.1873	0.694496	0.693969	-0.083637	-0.071053	22.1940	22.1173	96.8670	95.8460
647.7289	0.694828	0.694321	-0.083591	-0.070914	22.2070	22.1307	96.8600	95.8317
647.2703	0.695132	0.694673	-0.083566	-0.070775	22.2190	22.1442	96.8550	95.8174
646.8117	0.695382	0.695025	-0.083362	-0.070635	22.2280	22.1576	96.8360	95.8030
646.3530	0.695710	0.695378	-0.083352	-0.070495	22.2410	22.1711	96.8320	95.7887
645.8941	0.695948	0.695732	-0.083246	-0.070357	22.2500	22.1846	96.8210	95.7745
645.4351	0.696264	0.696091	-0.083123	-0.070226	22.2620	22.1984	96.8080	95.7608
644.9761	0.696598	0.696450	-0.083052	-0.070094	22.2750	22.2122	96.7990	95.7472
644.5169	0.696852	0.696810	-0.082811	-0.069964	22.2840	22.2261	96.7770	95.7336
644.0577	0.697250	0.697171	-0.082624	-0.069834	22.2990	22.2400	96.7580	95.7201
643.5983	0.697495	0.697532	-0.082455	-0.069704	22.3080	22.2539	96.7420	95.7066
643.1389	0.697758	0.697893	-0.082350	-0.069573	22.3180	22.2678	96.7310	95.6930
642.6793	0.697974	0.698255	-0.082215	-0.069441	22.3260	22.2817	96.7180	95.6794
642.2196	0.698226	0.698616	-0.081986	-0.069310	22.3350	22.2957	96.6970	95.6658
641.7598	0.698614	0.698978	-0.081870	-0.069178	22.3500	22.3096	96.6840	95.6521
641.2999	0.698945	0.699339	-0.081600	-0.069045	22.3620	22.3236	96.6590	95.6385
640.8400	0.699346	0.699701	-0.081375	-0.068912	22.3770	22.3376	96.6370	95.6248
640.3799	0.699590	0.700063	-0.081205	-0.068779	22.3860	22.3516	96.6210	95.6111
639.9197	0.699941	0.700425	-0.080974	-0.068645	22.3990	22.3656	96.5990	95.5974
639.4594	0.700210	0.700788	-0.080807	-0.068511	22.4090	22.3796	96.5830	95.5837
638.9990	0.700419	0.701150	-0.080509	-0.068377	22.4160	22.3936	96.5570	95.5700
638.5385	0.700695	0.701515	-0.080268	-0.068246	22.4260	22.4078	96.5350	95.5564
638.0779	0.700924	0.701880	-0.080009	-0.068114	22.4340	22.4220	96.5120	95.5429
637.6172	0.701177	0.702246	-0.079753	-0.067982	22.4430	22.4361	96.4890	95.5294
637.1564	0.701523	0.702611	-0.079556	-0.067849	22.4560	22.4503	96.4700	95.5158
636.6954	0.701828	0.702977	-0.079281	-0.067716	22.4670	22.4645	96.4450	95.5022
636.2344	0.702240	0.703343	-0.078930	-0.067583	22.4820	22.4788	96.4130	95.4886
635.7733	0.702489	0.703709	-0.078710	-0.067449	22.4910	22.4930	96.3930	95.4749
635.3121	0.702643	0.704075	-0.078442	-0.067315	22.4960	22.5072	96.3700	95.4613
634.8508	0.702931	0.704441	-0.078089	-0.067180	22.5060	22.5215	96.3390	95.4476
634.3893	0.703190	0.704807	-0.077769	-0.067045	22.5150	22.5357	96.3110	95.4339
633.9278	0.703663	0.705173	-0.077524	-0.066909	22.5330	22.5500	96.2870	95.4202
633.4662	0.704210	0.705540	-0.077285	-0.066774	22.5540	22.5643	96.2630	95.4065
633.0044	0.704616	0.705906	-0.076969	-0.066637	22.5690	22.5786	96.2340	95.3927
632.5425	0.704940	0.706279	-0.076730	-0.066483	22.5810	22.5931	96.2120	95.3775
632.0806	0.705215	0.706653	-0.076474	-0.066328	22.5910	22.6076	96.1890	95.3622
631.6186	0.705259	0.707030	-0.076292	-0.066163	22.5920	22.6223	96.1740	95.3461
631.1564	0.705577	0.707407	-0.076102	-0.065996	22.6040	22.6370	96.1560	95.3298
630.6942	0.705751	0.707785	-0.075635	-0.065828	22.6090	22.6516	96.1170	95.3135
630.2318	0.705947	0.708163	-0.075182	-0.065659	22.6150	22.6663	96.0790	95.2972
629.7693	0.705920	0.708541	-0.074743	-0.065491	22.6120	22.6810	96.0440	95.2809
629.3068	0.706327	0.708919	-0.074400	-0.065322	22.6270	22.6958	96.0130	95.2645
628.8441	0.706364	0.709297	-0.074042	-0.065152	22.6270	22.7105	95.9840	95.2482
628.3813	0.706961	0.709675	-0.073768	-0.064983	22.6500	22.7252	95.9570	95.2318
627.9184	0.707485	0.710054	-0.073473	-0.064812	22.6700	22.7400	95.9290	95.2154
627.4554	0.708113	0.710432	-0.073364	-0.064642	22.6950	22.7548	95.9150	95.1990
626.9923	0.708459	0.710810	-0.072875	-0.064471	22.7070	22.7695	95.8730	95.1826
626.5291	0.708568	0.711187	-0.072536	-0.064311	22.7100	22.7843	95.8450	95.1670
626.0658	0.708692	0.711564	-0.072286	-0.064150	22.7140	22.7991	95.8240	95.1515
625.6024	0.709017	0.711935	-0.071994	-0.064026	22.7260	22.8137	95.7980	95.1389
625.1389	0.709288	0.712305	-0.072234	-0.063908	22.7380	22.8284	95.8150	95.1268
624.6753	0.709931	0.712675	-0.072200	-0.063789	22.7640	22.8431	95.8070	95.1147
624.2115	0.710013	0.713046	-0.072120	-0.063670	22.7670	22.8578	95.8000	95.1026
623.7477	0.710175	0.713416	-0.071974	-0.063551	22.7730	22.8725	95.7870	95.0905
623.2838	0.710881	0.713787	-0.072033	-0.063431	22.8020	22.8872	95.7860	95.0783
622.8198	0.711337	0.714157	-0.071653	-0.063311	22.8190	22.9020	95.7520	95.0661
622.3557	0.711431	0.714528	-0.070220	-0.063190	22.8170	22.9167	95.6370	95.0539
621.8914	0.711655	0.714899	-0.068926	-0.063069	22.8210	22.9315	95.5320	95.0416
621.4271	0.711761	0.715270	-0.067569	-0.062947	22.8200	22.9462	95.4230	95.0293
620.9626	0.711793	0.715642	-0.065918	-0.062825	22.8150	22.9610	95.2910	95.0170
620.4980	0.711607	0.716013	-0.064473	-0.062702	22.8020	22.9758	95.1770	95.0047
620.0334	0.711929	0.716384	-0.063062	-0.062579	22.8100	22.9906	95.0620	94.9924
619.5687	0.712699	0.716766	-0.061538	-0.062433	22.8360	23.0058	94.9350	94.9781
619.1038	0.712953	0.717149	-0.060294	-0.062283	22.8420	23.0210	94.8340	94.9636
618.6388	0.712931	0.717533	-0.059090	-0.062132	22.8370	23.0362	94.7380	94.9489
618.1737	0.713302	0.717917	-0.057855	-0.061979	22.8480	23.0515	94.6370	94.9342
617.7086	0.713401	0.718301	-0.056609	-0.061826	22.8480	23.0668	94.5370	94.9194
617.2433	0.713592	0.718685	-0.055434	-0.061672	22.8520	23.0821	94.4420	94.9047
616.7779	0.713919	0.719070	-0.054357	-0.061518	22.8620	23.0974	94.3540	94.8899
616.3124	0.714086	0.719454	-0.053442	-0.061364	22.8660	23.1127	94.2800	94.8751
615.8468	0.714005	0.719839	-0.052559	-0.061209	22.8600	23.1280	94.2100	94.8602
615.3810	0.714319	0.720223	-0.051592	-0.061053	22.8700	23.1433	94.1310	94.8454
614.9153	0.714280	0.720608	-0.050774	-0.060898	22.8660	23.1587	94.0660	94.8305
614.4493	0.714387	0.720993	-0.049955	-0.060742	22.8680	23.1740	94.0000	94.8156
613.9833	0.714501	0.721378	-0.049361	-0.060586	22.8710	23.1894	93.9520	94.8008
613.5172	0.714694	0.721763	-0.048685	-0.060448	22.8770	23.2049	93.8970	94.7874
613.0510	0.714980	0.722148	-0.048078	-0.060310	22.8870	23.2204	93.8470	94.7739
612.5847	0.715258	0.722534	-0.047558	-0.060175	22.8970	23.2359	93.8040	94.7608
612.1182	0.715605	0.722920	-0.047104	-0.060041	22.9100	23.2514	93.7660	94.7477
611.6517	0.715880	0.723306	-0.046633	-0.059906	22.9200	23.2670	93.7270	94.7346
611.1850	0.716199	0.723692	-0.046227	-0.059770	22.9320	23.2826	93.6930	94.7214
610.7183	0.716511	0.724078	-0.045908	-0.059635	22.9440	23.2981	93.6660	94.7082
610.2514	0.716828	0.724464	-0.045526	-0.059499	22.9560	23.3137	93.6340	94.6950
609.7844	0.717165	0.724851	-0.045196	-0.059362	22.9690	23.3293	93.6060	94.6818
609.3173	0.717592	0.725237	-0.044984	-0.059225	22.9860	23.3449	93.5870	94.6686
608.8502	0.718138	0.725624	-0.044791	-0.059087	23.0080	23.3606	93.5690	94.6553
608.3829	0.718553	0.726010	-0.044754	-0.058949	23.0250	23.3762	93.5640	94.6420
607.9155	0.719069	0.726395	-0.044660	-0.058811	23.0460	23.3918	93.5540	94.6287
607.4480	0.719626	0.726771	-0.044670	-0.058674	23.0690	23.4070	93.5520	94.6156
606.9804	0.720128	0.727147	-0.044777	-0.058536	23.0900	23.4222	93.5580	94.6025
606.5127	0.720707	0.727520	-0.044813	-0.058399	23.1140	23.4373	93.5580	94.5893
606.0449	0.721254	0.727894	-0.044960	-0.058261	23.1370	23.4525	93.5670	94.5762
605.5770	0.721794	0.728267	-0.045209	-0.058122	23.1600	23.4677	93.5840	94.5630
605.1089	0.722459	0.728641	-0.045377	-0.057983	23.1880	23.4828	93.5940	94.5498
604.6408	0.723102	0.729015	-0.045506	-0.057844	23.2150	23.4980	93.6010	94.5366
604.1726	0.723856	0.729389	-0.045782	-0.057704	23.2470	23.5132	93.6190	94.5234
603.7042	0.724628	0.729763	-0.046136	-0.057564	23.2800	23.5284	93.6430	94.5101
603.2358	0.725373	0.730138	-0.046501	-0.057423	23.3120	23.5437	93.6680	94.4969
602.7673	0.726089	0.730512	-0.046954	-0.057282	23.3430	23.5589	93.7000	94.4836
602.2986	0.726707	0.730887	-0.047402	-0.057140	23.3700	23.5742	93.7320	94.4703
601.8298	0.727421	0.731270	-0.047843	-0.056995	23.4010	23.5898	93.7630	94.4566
601.3610	0.728132	0.731667	-0.048311	-0.056845	23.4320	23.6060	93.7960	94.4425
600.8920	0.728865	0.732065	-0.048794	-0.056693	23.4640	23.6222	93.8300	94.4283
600.4229	0.729591	0.732465	-0.049355	-0.056541	23.4960	23.6386	93.8700	94.4141
599.9537	0.730363	0.732865	-0.049932	-0.056388	23.5300	23.6549	93.9110	94.3998
599.4844	0.731131	0.733265	-0.050536	-0.056235	23.5640	23.6713	93.9540	94.3855
599.0150	0.731987	0.733665	-0.051224	-0.056081	23.6020	23.6876	94.0030	94.3712
598.5455	0.732777	0.734065	-0.051819	-0.055927	23.6370	23.7040	94.0450	94.3568
598.0759	0.733560	0.734465	-0.052479	-0.055772	23.6720	23.7204	94.0920	94.3425
597.6062	0.734268	0.734865	-0.053187	-0.055617	23.7040	23.7368	94.1430	94.3281
597.1364	0.735095	0.735265	-0.053853	-0.055462	23.7410	23.7533	94.1900	94.3137
596.6664	0.736014	0.735667	-0.054527	-0.055305	23.7820	23.7697	94.2370	94.2992
596.1964	0.736851	0.736068	-0.055339	-0.055148	23.8200	23.7862	94.2950	94.2847
595.7263	0.737686	0.736475	-0.056140	-0.054985	23.8580	23.8029	94.3520	94.2698
595.2560	0.738385	0.736885	-0.056842	-0.054819	23.8900	23.8198	94.4020	94.2545
594.7857	0.738964	0.737296	-0.057574	-0.054652	23.9170	23.8367	94.4550	94.2393
594.3152	0.739607	0.737706	-0.058351	-0.054484	23.9470	23.8536	94.5110	94.2240
593.8447	0.740303	0.738117	-0.059043	-0.054316	23.9790	23.8705	94.5600	94.2087
593.3740	0.740973	0.738527	-0.059747	-0.054148	24.0100	23.8874	94.6100	94.1933
592.9032	0.741884	0.738938	-0.060355	-0.053979	24.0510	23.9044	94.6510	94.1780
592.4323	0.742627	0.739349	-0.060990	-0.053810	24.0850	23.9213	94.6950	94.1626
591.9613	0.743567	0.739760	-0.061759	-0.053640	24.1280	23.9383	94.7480	94.1473
591.4902	0.744485	0.740170	-0.062477	-0.053470	24.1700	23.9553	94.7970	94.1319
591.0190	0.745633	0.740581	-0.063215	-0.053299	24.2220	23.9723	94.8460	94.1165
590.5477	0.746346	0.740986	-0.063840	-0.053147	24.2550	23.9891	94.8890	94.1025
590.0763	0.747425	0.741391	-0.064511	-0.052995	24.3040	24.0059	94.9330	94.0885
589.6048	0.747907	0.741788	-0.065091	-0.052866	24.3270	24.0225	94.9740	94.0765
589.1331	0.748552	0.742184	-0.065648	-0.052742	24.3570	24.0390	95.0120	94.0648
588.6614	0.748930	0.742580	-0.065826	-0.052617	24.3740	24.0556	95.0230	94.0530
588.1896	0.749463	0.742976	-0.066321	-0.052492	24.3990	24.0722	95.0570	94.0413
587.7176	0.750245	0.743373	-0.066614	-0.052366	24.4340	24.0888	95.0740	94.0295
587.2455	0.751107	0.743769	-0.066757	-0.052240	24.4720	24.1054	95.0790	94.0176
586.7734	0.751703	0.744165	-0.066784	-0.052113	24.4980	24.1220	95.0770	94.0058
586.3011	0.752295	0.744562	-0.066069	-0.051985	24.5210	24.1386	95.0190	93.9939
585.8287	0.752400	0.744958	-0.065390	-0.051858	24.5230	24.1553	94.9670	93.9820
585.3563	0.753092	0.745355	-0.064550	-0.051729	24.5500	24.1720	94.8990	93.9701
584.8837	0.753753	0.745748	-0.063520	-0.051609	24.5750	24.1885	94.8170	93.9588
584.4109	0.753877	0.746128	-0.062033	-0.051513	24.5750	24.2046	94.7040	93.9494
583.9382	0.754148	0.746507	-0.060664	-0.051417	24.5820	24.2206	94.5990	93.9402
583.4652	0.754853	0.746884	-0.060151	-0.051329	24.6110	24.2366	94.5560	93.9314
582.9922	0.755380	0.747260	-0.059556	-0.051240	24.6320	24.2525	94.5080	93.9226
582.5191	0.755993	0.747636	-0.059020	-0.051150	24.6570	24.2685	94.4640	93.9138
582.0458	0.756629	0.748013	-0.058764	-0.051060	24.6840	24.2845	94.4410	93.9050
581.5725	0.757362	0.748390	-0.058422	-0.050969	24.7150	24.3005	94.4110	93.8961
581.0991	0.757751	0.748767	-0.058093	-0.050877	24.7310	24.3166	94.3840	93.8872
580.6255	0.757598	0.749144	-0.058015	-0.050785	24.7240	24.3326	94.3790	93.8782
580.1519	0.757898	0.749521	-0.057665	-0.050693	24.7360	24.3487	94.3510	93.8692
579.6780	0.758472	0.749914	-0.057296	-0.050584	24.7600	24.3654	94.3200	93.8589
579.2042	0.758696	0.750314	-0.057033	-0.050466	24.7690	24.3824	94.2990	93.8479
578.7302	0.759120	0.750733	-0.056825	-0.050328	24.7870	24.4001	94.2810	93.8352
578.2561	0.759401	0.751167	-0.056713	-0.050173	24.7990	24.4185	94.2710	93.8213
577.7819	0.759550	0.751600	-0.056538	-0.050018	24.8050	24.4369	94.2570	93.8073
577.3076	0.759840	0.752034	-0.056293	-0.049862	24.8170	24.4553	94.2370	93.7934
576.8332	0.760403	0.752468	-0.056041	-0.049706	24.8410	24.4737	94.2150	93.7794
576.3586	0.760613	0.752901	-0.055949	-0.049550	24.8500	24.4922	94.2070	93.7653
575.8840	0.761145	0.753335	-0.055801	-0.049393	24.8730	24.5106	94.1930	93.7513
575.4093	0.761625	0.753768	-0.055730	-0.049235	24.8940	24.5290	94.1850	93.7372
574.9344	0.762092	0.754202	-0.055510	-0.049077	24.9140	24.5475	94.1660	93.7231
574.4595	0.762550	0.754635	-0.055423	-0.048919	24.9340	24.5660	94.1570	93.7090
573.9844	0.762901	0.755069	-0.055248	-0.048759	24.9490	24.5845	94.1420	93.6948
573.5092	0.763299	0.755505	-0.055049	-0.048579	24.9660	24.6031	94.1250	93.6790
573.0339	0.763695	0.755941	-0.054863	-0.048398	24.9830	24.6217	94.1090	93.6632
572.5586	0.764065	0.756378	-0.054715	-0.048216	24.9990	24.6403	94.0960	93.6474
572.0831	0.764480	0.756814	-0.054584	-0.048034	25.0170	24.6589	94.0840	93.6316
571.6075	0.764965	0.757250	-0.054391	-0.047852	25.0380	24.6775	94.0670	93.6158
571.1318	0.765441	0.757687	-0.054330	-0.047669	25.0590	24.6962	94.0600	93.5999
570.6559	0.765919	0.758123	-0.054230	-0.047485	25.0800	24.7148	94.0500	93.5841
570.1801	0.766419	0.758559	-0.054131	-0.047301	25.1020	24.7335	94.0400	93.5682
569.7040	0.766737	0.758995	-0.054073	-0.047117	25.1160	24.7522	94.0340	93.5523
569.2278	0.767233	0.759431	-0.054013	-0.046932	25.1380	24.7709	94.0270	93.5363
568.7516	0.767621	0.759856	-0.053906	-0.046785	25.1550	24.7893	94.0170	93.5233
568.2753	0.768029	0.760272	-0.053814	-0.046671	25.1730	24.8073	94.0080	93.5129
567.7988	0.768465	0.760684	-0.053642	-0.046570	25.1920	24.8252	93.9930	93.5034
567.3222	0.768807	0.761091	-0.053544	-0.046487	25.2070	24.8430	93.9840	93.4952
566.8455	0.769261	0.761499	-0.053428	-0.046402	25.2270	24.8608	93.9730	93.4870
566.3687	0.769648	0.761906	-0.053293	-0.046318	25.2440	24.8786	93.9610	93.4788
565.8918	0.770074	0.762313	-0.053255	-0.046232	25.2630	24.8964	93.9560	93.4706
565.4149	0.770522	0.762721	-0.053204	-0.046146	25.2830	24.9142	93.9500	93.4623
564.9377	0.770883	0.763129	-0.053121	-0.046059	25.2990	24.9320	93.9420	93.4539
564.4605	0.771244	0.763536	-0.053038	-0.045972	25.3150	24.9499	93.9340	93.4456
563.9832	0.771565	0.763945	-0.052898	-0.045881	25.3290	24.9678	93.9220	93.4370
563.5057	0.771885	0.764388	-0.052757	-0.045726	25.3430	24.9871	93.9100	93.4234
563.0282	0.772249	0.764830	-0.052620	-0.045570	25.3590	25.0063	93.8980	93.4098
562.5505	0.772721	0.765293	-0.052503	-0.045372	25.3800	25.0264	93.8870	93.3930
562.0728	0.773080	0.765757	-0.052432	-0.045171	25.3960	25.0466	93.8800	93.3759
561.5948	0.773465	0.766222	-0.052296	-0.044970	25.4130	25.0668	93.8680	93.3588
561.1169	0.773894	0.766686	-0.052162	-0.044768	25.4320	25.0870	93.8560	93.3418
560.6388	0.774303	0.767150	-0.051986	-0.044565	25.4500	25.1072	93.8410	93.3247
560.1606	0.774708	0.767614	-0.051864	-0.044362	25.4680	25.1274	93.8300	93.3076
559.6823	0.775075	0.768078	-0.051657	-0.044159	25.4840	25.1476	93.8130	93.2905
559.2039	0.775440	0.768541	-0.051464	-0.043955	25.5000	25.1678	93.7970	93.2734
558.7253	0.775822	0.768980	-0.051340	-0.043798	25.5170	25.1871	93.7860	93.2598
558.2467	0.776267	0.769400	-0.051260	-0.043676	25.5370	25.2057	93.7780	93.2490
557.7679	0.776695	0.769800	-0.051111	-0.043593	25.5560	25.2234	93.7650	93.2411
557.2891	0.777120	0.770178	-0.050990	-0.043551	25.5750	25.2402	93.7540	93.2365
556.8102	0.777500	0.770555	-0.050878	-0.043509	25.5920	25.2571	93.7440	93.2318
556.3311	0.777903	0.770933	-0.050755	-0.043467	25.6100	25.2740	93.7330	93.2270
555.8519	0.778278	0.771312	-0.050711	-0.043423	25.6270	25.2909	93.7280	93.2222
555.3726	0.778682	0.771690	-0.050560	-0.043379	25.6450	25.3079	93.7150	93.2174
554.8932	0.779042	0.772069	-0.050392	-0.043334	25.6610	25.3249	93.7010	93.2125
554.4137	0.779426	0.772448	-0.050198	-0.043289	25.6780	25.3418	93.6850	93.2076
553.9341	0.779829	0.772837	-0.050047	-0.043228	25.6960	25.3593	93.6720	93.2014
553.4543	0.780228	0.773289	-0.049949	-0.043069	25.7140	25.3793	93.6630	93.1878
552.9745	0.780569	0.773746	-0.049725	-0.042903	25.7290	25.3995	93.6450	93.1737
552.4946	0.780925	0.774271	-0.049611	-0.042631	25.7450	25.4226	93.6350	93.1515
552.0145	0.781302	0.774796	-0.049511	-0.042359	25.7620	25.4458	93.6260	93.1293
551.5344	0.781701	0.775321	-0.049386	-0.042087	25.7800	25.4689	93.6150	93.1071
551.0541	0.782034	0.775845	-0.049284	-0.041814	25.7950	25.4920	93.6060	93.0849
550.5737	0.782407	0.776368	-0.049211	-0.041541	25.8120	25.5152	93.5990	93.0628
550.0933	0.782808	0.776892	-0.049058	-0.041267	25.8300	25.5383	93.5860	93.0406
549.6127	0.783165	0.777414	-0.048888	-0.040994	25.8460	25.5615	93.5720	93.0184
549.1320	0.783499	0.777937	-0.048758	-0.040720	25.8610	25.5846	93.5610	92.9963
548.6511	0.783854	0.778422	-0.048615	-0.040518	25.8770	25.6063	93.5490	92.9797
548.1702	0.784211	0.778893	-0.048445	-0.040344	25.8930	25.6274	93.5350	92.9651
547.6891	0.784565	0.779342	-0.048316	-0.040213	25.9090	25.6476	93.5240	92.9537
547.2080	0.784919	0.779779	-0.048173	-0.040104	25.9250	25.6674	93.5120	92.9441
546.7267	0.785270	0.780216	-0.048084	-0.039995	25.9410	25.6872	93.5040	92.9345
546.2454	0.785621	0.780653	-0.047996	-0.039885	25.9570	25.7069	93.4960	92.9248
545.7639	0.785950	0.781090	-0.047906	-0.039775	25.9720	25.7267	93.4880	92.9151
545.2823	0.786282	0.781527	-0.047760	-0.039664	25.9870	25.7465	93.4760	92.9054
544.8007	0.786615	0.781964	-0.047602	-0.039553	26.0020	25.7664	93.4630	92.8956
544.3188	0.786994	0.782401	-0.047376	-0.039440	26.0190	25.7862	93.4450	92.8858
543.8369	0.787346	0.782847	-0.047246	-0.039315	26.0350	25.8065	93.4340	92.8750
543.3549	0.787701	0.783312	-0.047060	-0.039163	26.0510	25.8275	93.4190	92.8622
542.8728	0.787986	0.783778	-0.046967	-0.039008	26.0640	25.8487	93.4110	92.8492
542.3905	0.788292	0.784250	-0.046861	-0.038845	26.0780	25.8701	93.4020	92.8357
541.9082	0.788624	0.784721	-0.046687	-0.038682	26.0930	25.8915	93.3880	92.8221
541.4257	0.788999	0.785192	-0.046516	-0.038519	26.1100	25.9129	93.3740	92.8085
540.9431	0.789352	0.785662	-0.046343	-0.038355	26.1260	25.9344	93.3600	92.7949
540.4604	0.789678	0.786133	-0.046252	-0.038190	26.1410	25.9558	93.3520	92.7812
539.9777	0.790052	0.786603	-0.046080	-0.038025	26.1580	25.9772	93.3380	92.7676
539.4948	0.790382	0.787067	-0.045905	-0.037869	26.1730	25.9985	93.3240	92.7546
539.0118	0.790754	0.787532	-0.045747	-0.037711	26.1900	26.0197	93.3110	92.7415
538.5286	0.791081	0.787948	-0.045641	-0.037633	26.2050	26.0389	93.3020	92.7344
538.0454	0.791406	0.788363	-0.045549	-0.037556	26.2200	26.0581	93.2940	92.7274
537.5621	0.791732	0.788777	-0.045429	-0.037478	26.2350	26.0772	93.2840	92.7203
537.0786	0.792062	0.789192	-0.045240	-0.037400	26.2500	26.0964	93.2690	92.7132
536.5950	0.792432	0.789607	-0.045109	-0.037321	26.2670	26.1156	93.2580	92.7061
536.1114	0.792779	0.790022	-0.044989	-0.037241	26.2830	26.1348	93.2480	92.6989
535.6276	0.793124	0.790438	-0.044898	-0.037161	26.2990	26.1541	93.2400	92.6916
535.1437	0.793450	0.790853	-0.044750	-0.037079	26.3140	26.1733	93.2280	92.6844
534.6597	0.793796	0.791276	-0.044644	-0.037004	26.3300	26.1930	93.2190	92.6775
534.1756	0.794164	0.791703	-0.044512	-0.036930	26.3470	26.2129	93.2080	92.6707
533.6913	0.794512	0.792140	-0.044351	-0.036864	26.3630	26.2333	93.1950	92.6645
533.2070	0.794922	0.792584	-0.044193	-0.036802	26.3820	26.2540	93.1820	92.6585
532.7226	0.795371	0.793027	-0.044106	-0.036740	26.4030	26.2747	93.1740	92.6525
532.2380	0.795762	0.793471	-0.043919	-0.036677	26.4210	26.2955	93.1590	92.6465
531.7534	0.796169	0.793915	-0.043816	-0.036612	26.4400	26.3162	93.1500	92.6404
531.2686	0.796594	0.794358	-0.043756	-0.036547	26.4600	26.3370	93.1440	92.6343
530.7837	0.797062	0.794801	-0.043670	-0.036482	26.4820	26.3578	93.1360	92.6281
530.2987	0.797489	0.795245	-0.043553	-0.036415	26.5020	26.3786	93.1260	92.6218
529.8136	0.797916	0.795718	-0.043437	-0.036288	26.5220	26.4007	93.1160	92.6111
529.3284	0.798364	0.796239	-0.043308	-0.036065	26.5430	26.4249	93.1050	92.5934
528.8430	0.798768	0.796762	-0.043218	-0.035836	26.5620	26.4492	93.0970	92.5752
528.3576	0.799298	0.797291	-0.043107	-0.035595	26.5870	26.4738	93.0870	92.5562
527.8720	0.799766	0.797819	-0.042964	-0.035353	26.6090	26.4984	93.0750	92.5372
527.3864	0.800235	0.798347	-0.042807	-0.035111	26.6310	26.5230	93.0620	92.5182
526.9006	0.800743	0.798874	-0.042694	-0.034869	26.6550	26.5476	93.0520	92.4992
526.4147	0.801289	0.799400	-0.042625	-0.034626	26.6810	26.5722	93.0450	92.4802
525.9287	0.801818	0.799924	-0.042485	-0.034389	26.7060	26.5967	93.0330	92.4617
525.4426	0.802365	0.800431	-0.042373	-0.034188	26.7320	26.6205	93.0230	92.4457
524.9564	0.802914	0.800935	-0.042219	-0.033991	26.7580	26.6443	93.0100	92.4301
524.4700	0.803481	0.801414	-0.042095	-0.033851	26.7850	26.6669	92.9990	92.4187
523.9836	0.804090	0.801892	-0.041958	-0.033711	26.8140	26.6896	92.9870	92.4072
523.4971	0.804718	0.802371	-0.041835	-0.033569	26.8440	26.7123	92.9760	92.3957
523.0104	0.805323	0.802849	-0.041726	-0.033427	26.8730	26.7350	92.9660	92.3842
522.5236	0.805904	0.803326	-0.041686	-0.033285	26.9010	26.7577	92.9610	92.3726
522.0367	0.806590	0.803804	-0.041566	-0.033142	26.9340	26.7804	92.9500	92.3610
521.5497	0.807194	0.804281	-0.041442	-0.032998	26.9630	26.8031	92.9390	92.3494
521.0626	0.807773	0.804758	-0.041386	-0.032853	26.9910	26.8258	92.9330	92.3377
520.5754	0.808392	0.805247	-0.041333	-0.032704	27.0210	26.8492	92.9270	92.3257
520.0881	0.809011	0.805737	-0.041252	-0.032554	27.0510	26.8726	92.9190	92.3137
519.6006	0.809668	0.806229	-0.041229	-0.032403	27.0830	26.8961	92.9150	92.3015
519.1131	0.810243	0.806720	-0.041173	-0.032251	27.1110	26.9196	92.9090	92.2894
518.6254	0.810899	0.807211	-0.041121	-0.032099	27.1430	26.9431	92.9030	92.2772
518.1377	0.811496	0.807701	-0.041009	-0.031946	27.1720	26.9667	92.8930	92.2650
517.6498	0.812110	0.808192	-0.040941	-0.031792	27.2020	26.9902	92.8860	92.2527
517.1618	0.812579	0.808682	-0.040922	-0.031638	27.2250	27.0138	92.8830	92.2404
516.6737	0.813147	0.809162	-0.040922	-0.031510	27.2530	27.0370	92.8810	92.2300
516.1855	0.813781	0.809637	-0.040811	-0.031394	27.2840	27.0600	92.8710	92.2206
515.6971	0.814416	0.810107	-0.040672	-0.031294	27.3150	27.0827	92.8590	92.2122
515.2087	0.814987	0.810573	-0.040572	-0.031204	27.3430	27.1054	92.8500	92.2046
514.7202	0.815635	0.811039	-0.040533	-0.031112	27.3750	27.1280	92.8450	92.1969
514.2314	0.816240	0.811504	-0.040535	-0.031020	27.4050	27.1507	92.8430	92.1891
513.7427	0.816805	0.811969	-0.040491	-0.030927	27.4330	27.1733	92.8380	92.1813
513.2538	0.817471	0.812435	-0.040439	-0.030833	27.4660	27.1960	92.8320	92.1734
512.7648	0.818075	0.812913	-0.040397	-0.030716	27.4960	27.2193	92.8270	92.1639
512.2757	0.818658	0.813407	-0.040354	-0.030573	27.5250	27.2434	92.8220	92.1525
511.7864	0.819364	0.813929	-0.040246	-0.030381	27.5600	27.2688	92.8120	92.1376
511.2971	0.820010	0.814488	-0.040091	-0.030126	27.5920	27.2959	92.7990	92.1183
510.8076	0.820652	0.815047	-0.040007	-0.029871	27.6240	27.3231	92.7910	92.0989
510.3181	0.821199	0.815604	-0.039819	-0.029615	27.6510	27.3502	92.7760	92.0795
509.8284	0.821623	0.816161	-0.039695	-0.029359	27.6720	27.3773	92.7660	92.0602
509.3386	0.822041	0.816717	-0.039672	-0.029103	27.6930	27.4045	92.7630	92.0408
508.8488	0.822641	0.817269	-0.039557	-0.028855	27.7230	27.4315	92.7530	92.0221
508.3587	0.823281	0.817812	-0.039444	-0.028626	27.7550	27.4581	92.7430	92.0047
507.8686	0.823839	0.818326	-0.039356	-0.028463	27.7830	27.4835	92.7350	91.9921
507.3784	0.824420	0.818763	-0.039167	-0.028482	27.8120	27.5053	92.7200	91.9923
506.8880	0.824903	0.819201	-0.038974	-0.028500	27.8360	27.5272	92.7050	91.9925
506.3976	0.825486	0.819638	-0.038712	-0.028516	27.8650	27.5491	92.6850	91.9926
505.9070	0.825931	0.820075	-0.038444	-0.028532	27.8870	27.5710	92.6650	91.9926
505.4163	0.826530	0.820512	-0.038241	-0.028546	27.9170	27.5929	92.6490	91.9925
504.9255	0.827108	0.820949	-0.038036	-0.028559	27.9460	27.6149	92.6330	91.9924
504.4346	0.827646	0.821387	-0.037829	-0.028572	27.9730	27.6369	92.6170	91.9922
503.9436	0.828122	0.821834	-0.037692	-0.028561	27.9970	27.6594	92.6060	91.9904
503.4525	0.828503	0.822360	-0.037477	-0.028380	28.0160	27.6856	92.5900	91.9765
502.9612	0.828960	0.822886	-0.037280	-0.028198	28.0390	27.7118	92.5750	91.9626
502.4698	0.829419	0.823412	-0.037040	-0.028016	28.0620	27.7380	92.5570	91.9487
501.9784	0.829898	0.823936	-0.036786	-0.027833	28.0860	27.7642	92.5380	91.9348
501.4868	0.830353	0.824460	-0.036588	-0.027650	28.1090	27.7904	92.5230	91.9208
500.9951	0.830771	0.824984	-0.036374	-0.027466	28.1300	27.8166	92.5070	91.9068
500.5033	0.831269	0.825507	-0.036061	-0.027282	28.1550	27.8428	92.4840	91.8929
500.0114	0.831767	0.826029	-0.035748	-0.027097	28.1800	27.8691	92.4610	91.8788
499.5193	0.832243	0.826516	-0.035463	-0.027012	28.2040	27.8937	92.4400	91.8718
499.0272	0.832719	0.827002	-0.035178	-0.026928	28.2280	27.9184	92.4190	91.8649
498.5349	0.833117	0.827484	-0.034889	-0.026854	28.2480	27.9428	92.3980	91.8587
498.0426	0.833573	0.827966	-0.034587	-0.026780	28.2710	27.9673	92.3760	91.8525
497.5501	0.834029	0.828447	-0.034256	-0.026705	28.2940	27.9918	92.3520	91.8463
497.0575	0.834564	0.828928	-0.033884	-0.026629	28.3210	28.0163	92.3250	91.8400
496.5648	0.835133	0.829408	-0.033557	-0.026552	28.3500	28.0408	92.3010	91.8336
496.0720	0.835568	0.829888	-0.033224	-0.026474	28.3720	28.0653	92.2770	91.8272
495.5790	0.835999	0.830400	-0.032978	-0.026367	28.3940	28.0915	92.2590	91.8187
495.0860	0.836496	0.830917	-0.032515	-0.026255	28.4190	28.1179	92.2260	91.8098
494.5928	0.836931	0.831436	-0.032122	-0.026138	28.4410	28.1445	92.1980	91.8007
494.0995	0.837402	0.831956	-0.031760	-0.026021	28.4650	28.1711	92.1720	91.7914
493.6062	0.837895	0.832475	-0.031339	-0.025902	28.4900	28.1978	92.1420	91.7822
493.1127	0.838363	0.832994	-0.031020	-0.025783	28.5140	28.2244	92.1190	91.7728
492.6190	0.838853	0.833512	-0.030613	-0.025663	28.5390	28.2511	92.0900	91.7635
492.1253	0.839342	0.834030	-0.030191	-0.025542	28.5640	28.2778	92.0600	91.7541
491.6315	0.839772	0.834541	-0.029824	-0.025450	28.5860	28.3042	92.0340	91.7467
491.1375	0.840220	0.835051	-0.029459	-0.025368	28.6090	28.3306	92.0080	91.7400
490.6435	0.840728	0.835560	-0.028992	-0.025285	28.6350	28.3570	91.9750	91.7333
490.1493	0.841212	0.836068	-0.028626	-0.025201	28.6600	28.3834	91.9490	91.7265
489.6550	0.841641	0.836576	-0.028200	-0.025116	28.6820	28.4099	91.9190	91.7196
489.1606	0.842126	0.837083	-0.027774	-0.025030	28.7070	28.4363	91.8890	91.7127
488.6661	0.842610	0.837591	-0.027349	-0.024941	28.7320	28.4628	91.8590	91.7056
488.1714	0.843150	0.838100	-0.026895	-0.024851	28.7600	28.4893	91.8270	91.6984
487.6767	0.843576	0.838619	-0.026452	-0.024748	28.7820	28.5165	91.7960	91.6903
487.1818	0.844132	0.839143	-0.026027	-0.024637	28.8110	28.5439	91.7660	91.6817
486.6869	0.844575	0.839667	-0.025598	-0.024526	28.8340	28.5714	91.7360	91.6731
486.1918	0.845110	0.840191	-0.025186	-0.024413	28.8620	28.5989	91.7070	91.6644
485.6966	0.845552	0.840714	-0.024756	-0.024300	28.8850	28.6264	91.6770	91.6556
485.2013	0.846086	0.841236	-0.024298	-0.024186	28.9130	28.6538	91.6450	91.6468
484.7058	0.846544	0.841769	-0.023883	-0.024056	28.9370	28.6819	91.6160	91.6370
484.2103	0.846945	0.842308	-0.023465	-0.023916	28.9580	28.7104	91.5870	91.6264
483.7146	0.847440	0.842873	-0.023005	-0.023743	28.9840	28.7402	91.5550	91.6135
483.2189	0.847969	0.843456	-0.022605	-0.023545	29.0120	28.7709	91.5270	91.5990
482.7230	0.848460	0.844037	-0.022188	-0.023347	29.0380	28.8017	91.4980	91.5845
482.2270	0.848859	0.844617	-0.021739	-0.023148	29.0590	28.8325	91.4670	91.5699
481.7309	0.849280	0.845197	-0.021156	-0.022949	29.0810	28.8632	91.4270	91.5553
481.2346	0.849585	0.845775	-0.020734	-0.022749	29.0970	28.8940	91.3980	91.5408
480.7383	0.849981	0.846321	-0.020328	-0.022620	29.1180	28.9231	91.3700	91.5310
480.2419	0.850432	0.846838	-0.019893	-0.022554	29.1420	28.9509	91.3400	91.5256
479.7453	0.850844	0.847334	-0.019502	-0.022532	29.1640	28.9776	91.3130	91.5232
479.2486	0.851238	0.847811	-0.019094	-0.022552	29.1850	29.0034	91.2850	91.5237
478.7518	0.851577	0.848288	-0.018671	-0.022571	29.2030	29.0292	91.2560	91.5242
478.2549	0.851988	0.848764	-0.018278	-0.022589	29.2250	29.0550	91.2290	91.5245
477.7579	0.852361	0.849240	-0.017884	-0.022605	29.2450	29.0809	91.2020	91.5248
477.2608	0.852697	0.849716	-0.017549	-0.022620	29.2630	29.1068	91.1790	91.5249
476.7635	0.853050	0.850285	-0.017199	-0.022421	29.2820	29.1374	91.1550	91.5105
476.2662	0.853494	0.850956	-0.016805	-0.021986	29.3060	29.1734	91.1280	91.4800
475.7687	0.853939	0.851635	-0.016396	-0.021529	29.3300	29.2098	91.1000	91.4481
475.2711	0.854344	0.852324	-0.016046	-0.021047	29.3520	29.2469	91.0760	91.4146
474.7734	0.854750	0.853011	-0.015666	-0.020567	29.3740	29.2839	91.0500	91.3812
474.2756	0.855172	0.853695	-0.015360	-0.020087	29.3970	29.3210	91.0290	91.3479
473.7776	0.855539	0.854364	-0.015038	-0.019652	29.4170	29.3572	91.0070	91.3176
473.2796	0.855925	0.855013	-0.014671	-0.019270	29.4380	29.3926	90.9820	91.2911
472.7814	0.856328	0.855604	-0.014289	-0.019057	29.4600	29.4250	90.9560	91.2760
472.2831	0.856694	0.856122	-0.013967	-0.019058	29.4800	29.4537	90.9340	91.2752
471.7848	0.857111	0.856639	-0.013719	-0.019057	29.5030	29.4824	90.9170	91.2744
471.2863	0.857637	0.857156	-0.013428	-0.019055	29.5320	29.5112	90.8970	91.2735
470.7876	0.858036	0.857673	-0.013165	-0.019052	29.5540	29.5399	90.8790	91.2725
470.2889	0.858467	0.858188	-0.013036	-0.019047	29.5780	29.5687	90.8700	91.2715
469.7900	0.858935	0.858725	-0.012863	-0.018987	29.6040	29.5986	90.8580	91.2667
469.2911	0.859436	0.859291	-0.012811	-0.018852	29.6320	29.6301	90.8540	91.2568
468.7920	0.860097	0.859871	-0.012686	-0.018681	29.6690	29.6624	90.8450	91.2446
468.2928	0.860793	0.860469	-0.012531	-0.018459	29.7080	29.6958	90.8340	91.2290
467.7935	0.861363	0.861067	-0.012389	-0.018238	29.7400	29.7292	90.8240	91.2134
467.2941	0.861912	0.861662	-0.012351	-0.018016	29.7710	29.7625	90.8210	91.1978
466.7945	0.862620	0.862253	-0.012346	-0.017805	29.8110	29.7957	90.8200	91.1830
466.2949	0.863219	0.862838	-0.012340	-0.017611	29.8450	29.8285	90.8190	91.1693
465.7951	0.863835	0.863389	-0.012349	-0.017523	29.8800	29.8597	90.8190	91.1627
465.2952	0.864325	0.863894	-0.012476	-0.017584	29.9080	29.8885	90.8270	91.1661
464.7952	0.864990	0.864399	-0.012577	-0.017644	29.9460	29.9173	90.8330	91.1694
464.2951	0.865531	0.864903	-0.012660	-0.017703	29.9770	29.9462	90.8380	91.1726
463.7949	0.866141	0.865406	-0.012714	-0.017759	30.0120	29.9750	90.8410	91.1756
463.2946	0.866592	0.865909	-0.012872	-0.017814	30.0380	30.0038	90.8510	91.1786
462.7941	0.867183	0.866414	-0.012911	-0.017860	30.0720	30.0329	90.8530	91.1809
462.2935	0.867860	0.866923	-0.012921	-0.017895	30.1110	30.0621	90.8530	91.1825
461.7928	0.868413	0.867433	-0.013021	-0.017923	30.1430	30.0915	90.8590	91.1837
461.2921	0.869068	0.867945	-0.013106	-0.017943	30.1810	30.1210	90.8640	91.1843
460.7911	0.869671	0.868456	-0.013161	-0.017961	30.2160	30.1506	90.8670	91.1848
460.2901	0.870376	0.868967	-0.013187	-0.017978	30.2570	30.1802	90.8680	91.1852
459.7889	0.871026	0.869479	-0.013364	-0.017993	30.2950	30.2099	90.8790	91.1855
459.2877	0.871690	0.869993	-0.013557	-0.018006	30.3340	30.2398	90.8910	91.1857
458.7863	0.872421	0.870516	-0.013796	-0.018017	30.3770	30.2702	90.9060	91.1857
458.2848	0.873099	0.871049	-0.013990	-0.018025	30.4170	30.3013	90.9180	91.1855
457.7832	0.873724	0.871582	-0.014244	-0.018031	30.4540	30.3324	90.9340	91.1852
457.2815	0.874449	0.872114	-0.014470	-0.018036	30.4970	30.3635	90.9480	91.1848
456.7796	0.875221	0.872644	-0.014788	-0.018039	30.5430	30.3946	90.9680	91.1843
456.2777	0.876024	0.873174	-0.015169	-0.018041	30.5910	30.4258	90.9920	91.1836
455.7756	0.876739	0.873710	-0.015594	-0.018045	30.6340	30.4573	91.0190	91.1832
455.2734	0.877637	0.874254	-0.015993	-0.018051	30.6880	30.4894	91.0440	91.1829
454.7711	0.878381	0.874798	-0.016360	-0.018057	30.7330	30.5215	91.0670	91.1825
454.2687	0.879223	0.875343	-0.016790	-0.018063	30.7840	30.5538	91.0940	91.1821
453.7662	0.879915	0.875887	-0.017049	-0.018067	30.8260	30.5861	91.1100	91.1817
453.2635	0.880622	0.876430	-0.017309	-0.018069	30.8690	30.6184	91.1260	91.1811
452.7608	0.881293	0.876994	-0.017568	-0.018026	30.9100	30.6520	91.1420	91.1775
452.2579	0.881980	0.877581	-0.017828	-0.017935	30.9520	30.6869	91.1580	91.1708
451.7549	0.882664	0.878189	-0.018073	-0.017798	30.9940	30.7231	91.1730	91.1611
451.2518	0.883330	0.878819	-0.018333	-0.017615	31.0350	30.7607	91.1890	91.1483
450.7485	0.884011	0.879447	-0.018595	-0.017431	31.0770	30.7982	91.2050	91.1355
450.2452	0.884673	0.880073	-0.018840	-0.017247	31.1180	30.8358	91.2200	91.1227
449.7417	0.885334	0.880689	-0.019102	-0.017089	31.1590	30.8728	91.2360	91.1116
449.2382	0.885976	0.881295	-0.019348	-0.016955	31.1990	30.9094	91.2510	91.1022
448.7345	0.886633	0.881868	-0.019594	-0.016927	31.2400	30.9441	91.2660	91.0996
448.2307	0.887272	0.882410	-0.019856	-0.016994	31.2800	30.9772	91.2820	91.1033
447.7267	0.887909	0.882951	-0.020103	-0.017058	31.3200	31.0103	91.2970	91.1068
447.2227	0.888544	0.883491	-0.020350	-0.017121	31.3600	31.0434	91.3120	91.1102
446.7186	0.889194	0.884030	-0.020598	-0.017181	31.4010	31.0764	91.3270	91.1134
446.2143	0.889810	0.884568	-0.020830	-0.017240	31.4400	31.1095	91.3410	91.1165
445.7099	0.890440	0.885149	-0.021078	-0.017179	31.4800	31.1452	91.3560	91.1118
445.2054	0.891052	0.885761	-0.021326	-0.017030	31.5190	31.1828	91.3710	91.1015
444.7008	0.891663	0.886371	-0.021558	-0.016881	31.5580	31.2203	91.3850	91.0911
444.1960	0.892272	0.886979	-0.021807	-0.016732	31.5970	31.2578	91.4000	91.0807
443.6912	0.892864	0.887585	-0.022039	-0.016581	31.6350	31.2953	91.4140	91.0702
443.1862	0.893470	0.888189	-0.022273	-0.016430	31.6740	31.3328	91.4280	91.0598
442.6812	0.894043	0.888784	-0.022506	-0.016350	31.7110	31.3698	91.4420	91.0539
442.1759	0.894645	0.889373	-0.022740	-0.016311	31.7500	31.4067	91.4560	91.0507
441.6706	0.895215	0.889959	-0.022973	-0.016288	31.7870	31.4434	91.4700	91.0485
441.1652	0.895799	0.890542	-0.023207	-0.016274	31.8250	31.4801	91.4840	91.0469
440.6596	0.896365	0.891123	-0.023441	-0.016258	31.8620	31.5167	91.4980	91.0452
440.1540	0.896946	0.891702	-0.023675	-0.016241	31.9000	31.5533	91.5120	91.0434
