# TiO2_oxigeno_T1
# Longitud_de_onda[nm]	Indice_refraccion
829.9594	1.790394
829.5408	1.790908
829.1221	1.791423
828.7034	1.791939
828.2845	1.792456
827.8656	1.792973
827.4465	1.793491
827.0275	1.794010
826.6082	1.794530
826.1889	1.795051
825.7695	1.795572
825.3500	1.796094
824.9305	1.796617
824.5108	1.797140
824.0911	1.797665
823.6713	1.798190
823.2513	1.798716
822.8313	1.799243
822.4112	1.799770
821.9910	1.800299
821.5707	1.800828
821.1503	1.801358
820.7299	1.801889
820.3093	1.802420
819.8886	1.802953
819.4679	1.803486
819.0471	1.804020
818.6262	1.804555
818.2051	1.805091
817.7841	1.805627
817.3629	1.806164
816.9416	1.806702
816.5202	1.807241
816.0988	1.807781
815.6772	1.808321
815.2556	1.808863
814.8338	1.809405
814.4120	1.809948
813.9901	1.810492
813.5681	1.811036
813.1460	1.811582
812.7238	1.812128
812.3015	1.812675
811.8792	1.813223
811.4567	1.813772
811.0341	1.814322
810.6115	1.814872
810.1888	1.815424
809.7659	1.815976
809.3430	1.816529
808.9200	1.817083
808.4969	1.817638
808.0737	1.818193
807.6505	1.818749
807.2271	1.819307
806.8036	1.819865
806.3801	1.820424
805.9564	1.820984
805.5327	1.821544
805.1089	1.822106
804.6850	1.822668
804.2610	1.823232
803.8369	1.823796
803.4127	1.824361
802.9884	1.824927
802.5640	1.825494
802.1396	1.826061
801.7150	1.826630
801.2903	1.827199
800.8657	1.827769
800.4408	1.828340
800.0159	1.828912
799.5909	1.829485
799.1658	1.830059
798.7406	1.830634
798.3153	1.831209
797.8899	1.831786
797.4644	1.832363
797.0389	1.832941
796.6132	1.833521
796.1875	1.834101
795.7617	1.834682
795.3357	1.835264
794.9097	1.835846
794.4836	1.836430
794.0574	1.837014
793.6310	1.837600
793.2047	1.838186
792.7782	1.838774
792.3516	1.839362
791.9249	1.839951
791.4982	1.840541
791.0714	1.841132
790.6444	1.841724
790.2173	1.842317
789.7902	1.842910
789.3630	1.843505
788.9357	1.844101
788.5083	1.844697
788.0807	1.845295
787.6532	1.845893
787.2255	1.846492
786.7977	1.847093
786.3699	1.847694
785.9419	1.848296
785.5139	1.848899
785.0857	1.849503
784.6575	1.850108
784.2291	1.850714
783.8007	1.851321
783.3722	1.851928
782.9435	1.852537
782.5148	1.853147
782.0861	1.853758
781.6572	1.854369
781.2282	1.854982
780.7991	1.855596
780.3699	1.856210
779.9407	1.856826
779.5113	1.857442
779.0818	1.858060
778.6523	1.858678
778.2227	1.859297
777.7930	1.859918
777.3632	1.860539
776.9332	1.861161
776.5032	1.861785
776.0731	1.862409
775.6429	1.863034
775.2126	1.863661
774.7822	1.864288
774.3517	1.864916
773.9212	1.865545
773.4905	1.866176
773.0598	1.866807
772.6289	1.867439
772.1980	1.868073
771.7669	1.868707
771.3358	1.869342
770.9046	1.869978
770.4733	1.870616
770.0419	1.871254
769.6104	1.871893
769.1787	1.872534
768.7471	1.873175
768.3152	1.873818
767.8834	1.874461
767.4514	1.875105
767.0193	1.875751
766.5872	1.876397
766.1549	1.877045
765.7225	1.877693
765.2901	1.878343
764.8575	1.878994
764.4249	1.879645
763.9922	1.880298
763.5593	1.880952
763.1264	1.881607
762.6934	1.882263
762.2603	1.882919
761.8271	1.883577
761.3938	1.884236
760.9604	1.884897
760.5269	1.885558
760.0933	1.886220
759.6597	1.886883
759.2259	1.887547
758.7921	1.888213
758.3581	1.888879
757.9240	1.889547
757.4899	1.890215
757.0556	1.890885
756.6213	1.891556
756.1868	1.892228
755.7523	1.892901
755.3177	1.893575
754.8830	1.894250
754.4482	1.894926
754.0132	1.895603
753.5782	1.896282
753.1431	1.896961
752.7079	1.897642
752.2726	1.898324
751.8373	1.899006
751.4018	1.899690
750.9662	1.900375
750.5306	1.901061
750.0948	1.901748
749.6589	1.902437
749.2230	1.903126
748.7869	1.903817
748.3508	1.904508
747.9146	1.905201
747.4782	1.905895
747.0417	1.906590
746.6052	1.907286
746.1686	1.907984
745.7319	1.908682
745.2950	1.909382
744.8582	1.910082
744.4211	1.910784
743.9841	1.911487
743.5468	1.912192
743.1096	1.912897
742.6722	1.913603
742.2347	1.914311
741.7971	1.915020
741.3594	1.915730
740.9216	1.916441
740.4838	1.917153
740.0458	1.917866
739.6077	1.918581
739.1696	1.919296
738.7313	1.920013
738.2930	1.920731
737.8545	1.921451
737.4160	1.922171
736.9773	1.922893
736.5386	1.923616
736.0997	1.924340
735.6608	1.925065
735.2218	1.925791
734.7827	1.926519
734.3434	1.927248
733.9041	1.927977
733.4647	1.928709
733.0252	1.929441
732.5856	1.930175
732.1459	1.930909
731.7061	1.931645
731.2662	1.932382
730.8262	1.933121
730.3861	1.933860
729.9459	1.934601
729.5057	1.935343
729.0653	1.936087
728.6248	1.936831
728.1843	1.937577
727.7436	1.938324
727.3028	1.939072
726.8619	1.939821
726.4210	1.940572
725.9799	1.941324
725.5388	1.942077
725.0975	1.942832
724.6561	1.943587
724.2147	1.944344
723.7732	1.945102
723.3315	1.945862
722.8898	1.946622
722.4479	1.947384
722.0060	1.948148
721.5640	1.948912
721.1218	1.949678
720.6796	1.950445
720.2373	1.951213
719.7949	1.951983
719.3524	1.952753
718.9097	1.953526
718.4670	1.954299
718.0242	1.955074
717.5813	1.955850
717.1383	1.956627
716.6952	1.957405
716.2520	1.958185
715.8087	1.958967
715.3653	1.959749
714.9218	1.960533
714.4782	1.961318
714.0345	1.962104
713.5907	1.962892
713.1469	1.963681
712.7028	1.964471
712.2588	1.965263
711.8146	1.966056
711.3703	1.966850
710.9259	1.967646
710.4814	1.968443
710.0369	1.969241
709.5922	1.970041
709.1474	1.970842
708.7026	1.971644
708.2576	1.972448
707.8125	1.973253
707.3674	1.974059
706.9221	1.974867
706.4767	1.975676
706.0313	1.976486
705.5857	1.977298
705.1401	1.978111
704.6943	1.978926
704.2484	1.979742
703.8025	1.980559
703.3564	1.981378
702.9103	1.982198
702.4641	1.983019
702.0177	1.983842
701.5712	1.984666
701.1247	1.985492
700.6780	1.986319
700.2313	1.987147
699.7844	1.987977
699.3375	1.988808
698.8904	1.989640
698.4433	1.990474
697.9961	1.991309
697.5488	1.992146
697.1013	1.992984
696.6537	1.993824
696.2061	1.994665
695.7584	1.995507
695.3105	1.996351
694.8626	1.997197
694.4146	1.998043
693.9664	1.998892
693.5182	1.999741
693.0699	2.000592
692.6215	2.001444
692.1729	2.002298
691.7243	2.003154
691.2756	2.004011
690.8267	2.004869
690.3778	2.005729
689.9288	2.006590
689.4797	2.007452
689.0304	2.008316
688.5811	2.009182
688.1317	2.010049
687.6821	2.010918
687.2325	2.011788
686.7828	2.012659
686.3329	2.013532
685.8830	2.014406
685.4330	2.015282
684.9828	2.016160
684.5327	2.017038
684.0823	2.017919
683.6319	2.018801
683.1813	2.019684
682.7307	2.020569
682.2800	2.021456
681.8292	2.022343
681.3782	2.023233
680.9272	2.024124
680.4761	2.025016
680.0248	2.025910
679.5735	2.026806
679.1221	2.027703
678.6705	2.028601
678.2189	2.029502
677.7672	2.030403
677.3154	2.031306
676.8634	2.032211
676.4114	2.033117
675.9592	2.034025
675.5070	2.034935
675.0547	2.035845
674.6022	2.036758
674.1497	2.037672
673.6971	2.038588
673.2443	2.039505
672.7915	2.040424
672.3386	2.041344
671.8855	2.042266
671.4324	2.043189
670.9791	2.044114
670.5258	2.045041
670.0723	2.045969
669.6188	2.046899
669.1651	2.047831
668.7114	2.048763
668.2575	2.049698
667.8035	2.050635
667.3495	2.051572
666.8953	2.052512
666.4411	2.053453
665.9868	2.054395
665.5323	2.055340
665.0777	2.056286
664.6230	2.057233
664.1683	2.058182
663.7134	2.059133
663.2584	2.060086
662.8034	2.061040
662.3482	2.061995
661.8929	2.062953
661.4376	2.063912
660.9821	2.064872
660.5265	2.065835
660.0708	2.066799
659.6151	2.067764
659.1592	2.068732
658.7032	2.069701
658.2471	2.070671
657.7909	2.071643
657.3346	2.072617
656.8782	2.073593
656.4218	2.074570
655.9651	2.075549
655.5084	2.076530
655.0516	2.077513
654.5947	2.078497
654.1377	2.079482
653.6806	2.080470
653.2234	2.081459
652.7661	2.082450
652.3087	2.083442
651.8511	2.084437
651.3936	2.085433
650.9358	2.086431
650.4780	2.087430
650.0201	2.088431
649.5620	2.089434
649.1039	2.090439
648.6457	2.091445
648.1873	2.092453
647.7289	2.093463
647.2703	2.094475
646.8117	2.095488
646.3530	2.096503
645.8941	2.097520
645.4351	2.098539
644.9761	2.099559
644.5169	2.100581
644.0577	2.101605
643.5983	2.102631
643.1389	2.103658
642.6793	2.104687
642.2196	2.105719
641.7598	2.106751
641.2999	2.107786
640.8400	2.108822
640.3799	2.109860
639.9197	2.110900
639.4594	2.111942
638.9990	2.112986
638.5385	2.114031
638.0779	2.115078
637.6172	2.116127
637.1564	2.117178
636.6954	2.118231
636.2344	2.119285
635.7733	2.120341
635.3121	2.121399
634.8508	2.122459
634.3893	2.123521
633.9278	2.124584
633.4662	2.125650
633.0044	2.126717
632.5425	2.127786
632.0806	2.128857
631.6186	2.129930
631.1564	2.131005
630.6942	2.132081
630.2318	2.133159
629.7693	2.134240
629.3068	2.135322
628.8441	2.136406
628.3813	2.137492
627.9184	2.138579
627.4554	2.139669
626.9923	2.140760
626.5291	2.141854
626.0658	2.142949
625.6024	2.144046
625.1389	2.145145
624.6753	2.146246
624.2115	2.147349
623.7477	2.148454
623.2838	2.149560
622.8198	2.150669
622.3557	2.151779
621.8914	2.152892
621.4271	2.154006
620.9626	2.155123
620.4980	2.156241
620.0334	2.157361
619.5687	2.158483
619.1038	2.159607
618.6388	2.160733
618.1737	2.161861
617.7086	2.162990
617.2433	2.164122
616.7779	2.165256
616.3124	2.166392
615.8468	2.167529
615.3810	2.168669
614.9153	2.169810
614.4493	2.170954
613.9833	2.172099
613.5172	2.173247
613.0510	2.174396
612.5847	2.175548
612.1182	2.176701
611.6517	2.177856
611.1850	2.179014
610.7183	2.180173
610.2514	2.181335
609.7844	2.182498
609.3173	2.183663
608.8502	2.184831
608.3829	2.186000
607.9155	2.187171
607.4480	2.188345
606.9804	2.189520
606.5127	2.190698
606.0449	2.191877
605.5770	2.193059
605.1089	2.194242
604.6408	2.195428
604.1726	2.196615
603.7042	2.197805
603.2358	2.198997
602.7673	2.200190
602.2986	2.201386
601.8298	2.202584
601.3610	2.203784
600.8920	2.204985
600.4229	2.206189
599.9537	2.207396
599.4844	2.208604
599.0150	2.209814
598.5455	2.211026
598.0759	2.212240
597.6062	2.213456
597.1364	2.214675
596.6664	2.215895
596.1964	2.217118
595.7263	2.218343
595.2560	2.219569
594.7857	2.220798
594.3152	2.222029
593.8447	2.223262
593.3740	2.224497
592.9032	2.225734
592.4323	2.226974
591.9613	2.228215
591.4902	2.229459
591.0190	2.230704
590.5477	2.231952
590.0763	2.233202
589.6048	2.234454
589.1331	2.235708
588.6614	2.236964
588.1896	2.238223
587.7176	2.239483
587.2455	2.240746
586.7734	2.242011
586.3011	2.243278
585.8287	2.244547
585.3563	2.245818
584.8837	2.247091
584.4109	2.248367
583.9382	2.249644
583.4652	2.250924
582.9922	2.252206
582.5191	2.253490
582.0458	2.254776
581.5725	2.256064
581.0991	2.257355
580.6255	2.258648
580.1519	2.259942
579.6780	2.261240
579.2042	2.262539
578.7302	2.263840
578.2561	2.265144
577.7819	2.266450
577.3076	2.267757
576.8332	2.269068
576.3586	2.270380
575.8840	2.271694
575.4093	2.273011
574.9344	2.274330
574.4595	2.275651
573.9844	2.276974
573.5092	2.278300
573.0339	2.279627
572.5586	2.280957
572.0831	2.282289
571.6075	2.283623
571.1318	2.284960
570.6559	2.286298
570.1801	2.287639
569.7040	2.288982
569.2278	2.290328
568.7516	2.291675
568.2753	2.293024
567.7988	2.294376
567.3222	2.295731
566.8455	2.297087
566.3687	2.298446
565.8918	2.299806
565.4149	2.301169
564.9377	2.302535
564.4605	2.303902
563.9832	2.305271
563.5057	2.306644
563.0282	2.308018
562.5505	2.309394
562.0728	2.310772
561.5948	2.312154
561.1169	2.313536
560.6388	2.314922
560.1606	2.316309
559.6823	2.317699
559.2039	2.319091
558.7253	2.320485
558.2467	2.321882
557.7679	2.323281
557.2891	2.324682
556.8102	2.326085
556.3311	2.327490
555.8519	2.328898
555.3726	2.330308
554.8932	2.331720
554.4137	2.333134
553.9341	2.334551
553.4543	2.335970
552.9745	2.337391
552.4946	2.338815
552.0145	2.340240
551.5344	2.341668
551.0541	2.343098
550.5737	2.344531
550.0933	2.345965
549.6127	2.347402
549.1320	2.348841
548.6511	2.350283
548.1702	2.351727
547.6891	2.353173
547.2080	2.354621
546.7267	2.356071
546.2454	2.357524
545.7639	2.358979
545.2823	2.360436
544.8007	2.361895
544.3188	2.363357
543.8369	2.364821
543.3549	2.366287
542.8728	2.367755
542.3905	2.369226
541.9082	2.370699
541.4257	2.372174
540.9431	2.373651
540.4604	2.375131
539.9777	2.376612
539.4948	2.378097
539.0118	2.379583
538.5286	2.381072
538.0454	2.382562
537.5621	2.384055
537.0786	2.385551
536.5950	2.387048
536.1114	2.388548
535.6276	2.390050
535.1437	2.391554
534.6597	2.393060
534.1756	2.394569
533.6913	2.396080
533.2070	2.397593
532.7226	2.399108
532.2380	2.400625
531.7534	2.402145
531.2686	2.403667
530.7837	2.405191
530.2987	2.406717
529.8136	2.408246
529.3284	2.409776
528.8430	2.411310
528.3576	2.412845
527.8720	2.414382
527.3864	2.415921
526.9006	2.417463
526.4147	2.419007
525.9287	2.420553
525.4426	2.422101
524.9564	2.423652
524.4700	2.425204
523.9836	2.426759
523.4971	2.428316
523.0104	2.429875
522.5236	2.431436
522.0367	2.433000
521.5497	2.434565
521.0626	2.436133
520.5754	2.437702
520.0881	2.439274
519.6006	2.440849
519.1131	2.442425
518.6254	2.444003
518.1377	2.445583
517.6498	2.447166
517.1618	2.448750
516.6737	2.450337
516.1855	2.451926
515.6971	2.453517
515.2087	2.455110
514.7202	2.456705
514.2314	2.458302
513.7427	2.459901
513.2538	2.461503
512.7648	2.463106
512.2757	2.464711
511.7864	2.466319
511.2971	2.467929
510.8076	2.469540
510.3181	2.471154
509.8284	2.472769
509.3386	2.474387
508.8488	2.476006
508.3587	2.477628
507.8686	2.479251
507.3784	2.480877
506.8880	2.482505
506.3976	2.484134
505.9070	2.485766
505.4163	2.487399
504.9255	2.489034
504.4346	2.490672
503.9436	2.492311
503.4525	2.493952
502.9612	2.495595
502.4698	2.497240
501.9784	2.498887
501.4868	2.500535
500.9951	2.502186
500.5033	2.503839
500.0114	2.505493
499.5193	2.507149
499.0272	2.508807
498.5349	2.510467
498.0426	2.512128
497.5501	2.513792
497.0575	2.515457
496.5648	2.517124
496.0720	2.518793
495.5790	2.520463
495.0860	2.522136
494.5928	2.523810
494.0995	2.525486
493.6062	2.527163
493.1127	2.528842
492.6190	2.530523
492.1253	2.532205
491.6315	2.533889
491.1375	2.535575
490.6435	2.537263
490.1493	2.538952
489.6550	2.540643
489.1606	2.542335
488.6661	2.544029
488.1714	2.545724
487.6767	2.547421
487.1818	2.549120
486.6869	2.550820
486.1918	2.552521
485.6966	2.554224
485.2013	2.555929
484.7058	2.557635
484.2103	2.559342
483.7146	2.561051
483.2189	2.562761
482.7230	2.564473
482.2270	2.566186
481.7309	2.567900
481.2346	2.569616
480.7383	2.571333
480.2419	2.573051
479.7453	2.574771
479.2486	2.576492
478.7518	2.578214
478.2549	2.579938
477.7579	2.581662
477.2608	2.583388
476.7635	2.585115
476.2662	2.586843
475.7687	2.588572
475.2711	2.590303
474.7734	2.592034
474.2756	2.593767
473.7776	2.595500
473.2796	2.597235
472.7814	2.598971
472.2831	2.600707
471.7848	2.602444
471.2863	2.604183
470.7876	2.605923
470.2889	2.607663
469.7900	2.609404
469.2911	2.611146
468.7920	2.612889
468.2928	2.614632
467.7935	2.616376
467.2941	2.618121
466.7945	2.619867
466.2949	2.621613
465.7951	2.623361
465.2952	2.625108
464.7952	2.626857
464.2951	2.628605
463.7949	2.630355
463.2946	2.632105
462.7941	2.633855
462.2935	2.635606
461.7928	2.637357
461.2921	2.639109
460.7911	2.640861
460.2901	2.642613
459.7889	2.644366
459.2877	2.646119
458.7863	2.647872
458.2848	2.649625
457.7832	2.651378
457.2815	2.653132
456.7796	2.654886
456.2777	2.656639
455.7756	2.658393
455.2734	2.660147
454.7711	2.661901
454.2687	2.663654
453.7662	2.665408
453.2635	2.667161
452.7608	2.668914
452.2579	2.670667
451.7549	2.672420
451.2518	2.674172
450.7485	2.675924
450.2452	2.677676
449.7417	2.679427
449.2382	2.681177
448.7345	2.682927
448.2307	2.684677
447.7267	2.686426
447.2227	2.688174
446.7186	2.689922
446.2143	2.691669
445.7099	2.693415
445.2054	2.695160
444.7008	2.696904
444.1960	2.698648
443.6912	2.700390
443.1862	2.702131
442.6812	2.703871
442.1759	2.705611
441.6706	2.707349
441.1652	2.709085
440.6596	2.710821
440.1540	2.712555
