# TiO2_aire_T1-2
# wavelength_nm	indice_refraccion
829.9594	1.768806
829.5408	1.769254
829.1221	1.769703
828.7034	1.770152
828.2845	1.770603
827.8656	1.771054
827.4465	1.771505
827.0275	1.771957
826.6082	1.772410
826.1889	1.772864
825.7695	1.773318
825.3500	1.773773
824.9305	1.774229
824.5108	1.774685
824.0911	1.775142
823.6713	1.775600
823.2513	1.776059
822.8313	1.776518
822.4112	1.776978
821.9910	1.777439
821.5707	1.777900
821.1503	1.778362
820.7299	1.778825
820.3093	1.779288
819.8886	1.779752
819.4679	1.780217
819.0471	1.780683
818.6262	1.781149
818.2051	1.781616
817.7841	1.782084
817.3629	1.782552
816.9416	1.783022
816.5202	1.783492
816.0988	1.783962
815.6772	1.784434
815.2556	1.784906
814.8338	1.785379
814.4120	1.785852
813.9901	1.786326
813.5681	1.786801
813.1460	1.787277
812.7238	1.787754
812.3015	1.788231
811.8792	1.788709
811.4567	1.789188
811.0341	1.789667
810.6115	1.790148
810.1888	1.790628
809.7659	1.791110
809.3430	1.791593
808.9200	1.792076
808.4969	1.792560
808.0737	1.793045
807.6505	1.793530
807.2271	1.794016
806.8036	1.794503
806.3801	1.794991
805.9564	1.795480
805.5327	1.795969
805.1089	1.796459
804.6850	1.796950
804.2610	1.797441
803.8369	1.797934
803.4127	1.798427
802.9884	1.798921
802.5640	1.799416
802.1396	1.799911
801.7150	1.800407
801.2903	1.800904
800.8657	1.801402
800.4408	1.801901
800.0159	1.802400
799.5909	1.802900
799.1658	1.803401
798.7406	1.803903
798.3153	1.804405
797.8899	1.804909
797.4644	1.805413
797.0389	1.805918
796.6132	1.806423
796.1875	1.806930
795.7617	1.807437
795.3357	1.807945
794.9097	1.808454
794.4836	1.808964
794.0574	1.809474
793.6310	1.809986
793.2047	1.810498
792.7782	1.811011
792.3516	1.811524
791.9249	1.812039
791.4982	1.812554
791.0714	1.813071
790.6444	1.813588
790.2173	1.814106
789.7902	1.814624
789.3630	1.815144
788.9357	1.815664
788.5083	1.816185
788.0807	1.816707
787.6532	1.817230
787.2255	1.817754
786.7977	1.818278
786.3699	1.818803
785.9419	1.819329
785.5139	1.819856
785.0857	1.820384
784.6575	1.820913
784.2291	1.821443
783.8007	1.821973
783.3722	1.822504
782.9435	1.823036
782.5148	1.823569
782.0861	1.824103
781.6572	1.824638
781.2282	1.825173
780.7991	1.825709
780.3699	1.826247
779.9407	1.826785
779.5113	1.827324
779.0818	1.827864
778.6523	1.828404
778.2227	1.828946
777.7930	1.829488
777.3632	1.830031
776.9332	1.830576
776.5032	1.831121
776.0731	1.831667
775.6429	1.832214
775.2126	1.832761
774.7822	1.833310
774.3517	1.833859
773.9212	1.834410
773.4905	1.834961
773.0598	1.835513
772.6289	1.836066
772.1980	1.836620
771.7669	1.837175
771.3358	1.837731
770.9046	1.838287
770.4733	1.838845
770.0419	1.839403
769.6104	1.839963
769.1787	1.840523
768.7471	1.841084
768.3152	1.841646
767.8834	1.842209
767.4514	1.842773
767.0193	1.843338
766.5872	1.843904
766.1549	1.844470
765.7225	1.845038
765.2901	1.845606
764.8575	1.846176
764.4249	1.846746
763.9922	1.847318
763.5593	1.847890
763.1264	1.848463
762.6934	1.849037
762.2603	1.849612
761.8271	1.850188
761.3938	1.850765
760.9604	1.851343
760.5269	1.851922
760.0933	1.852502
759.6597	1.853083
759.2259	1.853664
758.7921	1.854247
758.3581	1.854831
757.9240	1.855415
757.4899	1.856001
757.0556	1.856587
756.6213	1.857175
756.1868	1.857763
755.7523	1.858353
755.3177	1.858943
754.8830	1.859534
754.4482	1.860127
754.0132	1.860720
753.5782	1.861314
753.1431	1.861910
752.7079	1.862506
752.2726	1.863103
751.8373	1.863701
751.4018	1.864301
750.9662	1.864901
750.5306	1.865502
750.0948	1.866104
749.6589	1.866708
749.2230	1.867312
748.7869	1.867917
748.3508	1.868523
747.9146	1.869130
747.4782	1.869739
747.0417	1.870348
746.6052	1.870958
746.1686	1.871569
745.7319	1.872182
745.2950	1.872795
744.8582	1.873409
744.4211	1.874025
743.9841	1.874641
743.5468	1.875259
743.1096	1.875877
742.6722	1.876496
742.2347	1.877117
741.7971	1.877739
741.3594	1.878361
740.9216	1.878985
740.4838	1.879609
740.0458	1.880235
739.6077	1.880862
739.1696	1.881490
738.7313	1.882119
738.2930	1.882749
737.8545	1.883380
737.4160	1.884012
736.9773	1.884645
736.5386	1.885279
736.0997	1.885914
735.6608	1.886551
735.2218	1.887188
734.7827	1.887826
734.3434	1.888466
733.9041	1.889107
733.4647	1.889748
733.0252	1.890391
732.5856	1.891035
732.1459	1.891680
731.7061	1.892326
731.2662	1.892973
730.8262	1.893621
730.3861	1.894271
729.9459	1.894921
729.5057	1.895572
729.0653	1.896225
728.6248	1.896879
728.1843	1.897534
727.7436	1.898190
727.3028	1.898847
726.8619	1.899505
726.4210	1.900164
725.9799	1.900825
725.5388	1.901486
725.0975	1.902149
724.6561	1.902813
724.2147	1.903477
723.7732	1.904143
723.3315	1.904811
722.8898	1.905479
722.4479	1.906148
722.0060	1.906819
721.5640	1.907491
721.1218	1.908164
720.6796	1.908838
720.2373	1.909513
719.7949	1.910189
719.3524	1.910867
718.9097	1.911545
718.4670	1.912225
718.0242	1.912906
717.5813	1.913588
717.1383	1.914271
716.6952	1.914956
716.2520	1.915642
715.8087	1.916328
715.3653	1.917016
714.9218	1.917706
714.4782	1.918396
714.0345	1.919087
713.5907	1.919780
713.1469	1.920474
712.7028	1.921169
712.2588	1.921865
711.8146	1.922563
711.3703	1.923262
710.9259	1.923962
710.4814	1.924663
710.0369	1.925365
709.5922	1.926069
709.1474	1.926773
708.7026	1.927479
708.2576	1.928186
707.8125	1.928895
707.3674	1.929604
706.9221	1.930315
706.4767	1.931027
706.0313	1.931741
705.5857	1.932455
705.1401	1.933171
704.6943	1.933888
704.2484	1.934606
703.8025	1.935326
703.3564	1.936047
702.9103	1.936768
702.4641	1.937492
702.0177	1.938216
701.5712	1.938942
701.1247	1.939669
700.6780	1.940397
700.2313	1.941127
699.7844	1.941858
699.3375	1.942590
698.8904	1.943323
698.4433	1.944058
697.9961	1.944794
697.5488	1.945531
697.1013	1.946269
696.6537	1.947009
696.2061	1.947750
695.7584	1.948493
695.3105	1.949236
694.8626	1.949981
694.4146	1.950727
693.9664	1.951475
693.5182	1.952224
693.0699	1.952974
692.6215	1.953725
692.1729	1.954478
691.7243	1.955232
691.2756	1.955988
690.8267	1.956745
690.3778	1.957503
689.9288	1.958262
689.4797	1.959023
689.0304	1.959785
688.5811	1.960548
688.1317	1.961313
687.6821	1.962079
687.2325	1.962847
686.7828	1.963615
686.3329	1.964386
685.8830	1.965157
685.4330	1.965930
684.9828	1.966704
684.5327	1.967480
684.0823	1.968257
683.6319	1.969035
683.1813	1.969815
682.7307	1.970596
682.2800	1.971378
681.8292	1.972162
681.3782	1.972947
680.9272	1.973734
680.4761	1.974522
680.0248	1.975311
679.5735	1.976102
679.1221	1.976894
678.6705	1.977688
678.2189	1.978482
677.7672	1.979279
677.3154	1.980076
676.8634	1.980876
676.4114	1.981676
675.9592	1.982478
675.5070	1.983282
675.0547	1.984087
674.6022	1.984893
674.1497	1.985701
673.6971	1.986510
673.2443	1.987320
672.7915	1.988132
672.3386	1.988946
671.8855	1.989761
671.4324	1.990577
670.9791	1.991395
670.5258	1.992214
670.0723	1.993035
669.6188	1.993857
669.1651	1.994681
668.7114	1.995506
668.2575	1.996332
667.8035	1.997161
667.3495	1.997990
666.8953	1.998821
666.4411	1.999653
665.9868	2.000487
665.5323	2.001323
665.0777	2.002160
664.6230	2.002998
664.1683	2.003838
663.7134	2.004680
663.2584	2.005523
662.8034	2.006367
662.3482	2.007213
661.8929	2.008061
661.4376	2.008909
660.9821	2.009760
660.5265	2.010612
660.0708	2.011466
659.6151	2.012321
659.1592	2.013177
658.7032	2.014035
658.2471	2.014895
657.7909	2.015756
657.3346	2.016619
656.8782	2.017484
656.4218	2.018349
655.9651	2.019217
655.5084	2.020086
655.0516	2.020956
654.5947	2.021828
654.1377	2.022702
653.6806	2.023577
653.2234	2.024454
652.7661	2.025333
652.3087	2.026212
651.8511	2.027094
651.3936	2.027977
650.9358	2.028862
650.4780	2.029748
650.0201	2.030636
649.5620	2.031526
649.1039	2.032417
648.6457	2.033310
648.1873	2.034204
647.7289	2.035100
647.2703	2.035998
646.8117	2.036897
646.3530	2.037797
645.8941	2.038700
645.4351	2.039604
644.9761	2.040510
644.5169	2.041417
644.0577	2.042326
643.5983	2.043237
643.1389	2.044149
642.6793	2.045063
642.2196	2.045978
641.7598	2.046895
641.2999	2.047814
640.8400	2.048735
640.3799	2.049657
639.9197	2.050581
639.4594	2.051506
638.9990	2.052434
638.5385	2.053362
638.0779	2.054293
637.6172	2.055225
637.1564	2.056159
636.6954	2.057095
636.2344	2.058032
635.7733	2.058971
635.3121	2.059912
634.8508	2.060854
634.3893	2.061799
633.9278	2.062744
633.4662	2.063692
633.0044	2.064641
632.5425	2.065593
632.0806	2.066545
631.6186	2.067500
631.1564	2.068456
630.6942	2.069414
630.2318	2.070373
629.7693	2.071335
629.3068	2.072298
628.8441	2.073263
628.3813	2.074230
627.9184	2.075198
627.4554	2.076168
626.9923	2.077140
626.5291	2.078114
626.0658	2.079090
625.6024	2.080067
625.1389	2.081046
624.6753	2.082027
624.2115	2.083009
623.7477	2.083994
623.2838	2.084980
622.8198	2.085968
622.3557	2.086958
621.8914	2.087949
621.4271	2.088943
620.9626	2.089938
620.4980	2.090935
620.0334	2.091934
619.5687	2.092934
619.1038	2.093937
618.6388	2.094941
618.1737	2.095947
617.7086	2.096955
617.2433	2.097965
616.7779	2.098977
616.3124	2.099990
615.8468	2.101005
615.3810	2.102023
614.9153	2.103042
614.4493	2.104063
613.9833	2.105085
613.5172	2.106110
613.0510	2.107136
612.5847	2.108165
612.1182	2.109195
611.6517	2.110227
611.1850	2.111261
610.7183	2.112297
610.2514	2.113335
609.7844	2.114374
609.3173	2.115416
608.8502	2.116459
608.3829	2.117505
607.9155	2.118552
607.4480	2.119601
606.9804	2.120652
606.5127	2.121705
606.0449	2.122760
605.5770	2.123817
605.1089	2.124876
604.6408	2.125936
604.1726	2.126999
603.7042	2.128064
603.2358	2.129130
602.7673	2.130199
602.2986	2.131269
601.8298	2.132341
601.3610	2.133416
600.8920	2.134492
600.4229	2.135570
599.9537	2.136651
599.4844	2.137733
599.0150	2.138817
598.5455	2.139903
598.0759	2.140991
597.6062	2.142081
597.1364	2.143173
596.6664	2.144267
596.1964	2.145363
595.7263	2.146461
595.2560	2.147561
594.7857	2.148663
594.3152	2.149767
593.8447	2.150873
593.3740	2.151982
592.9032	2.153092
592.4323	2.154204
591.9613	2.155318
591.4902	2.156434
591.0190	2.157552
590.5477	2.158673
590.0763	2.159795
589.6048	2.160919
589.1331	2.162046
588.6614	2.163174
588.1896	2.164304
587.7176	2.165437
587.2455	2.166572
586.7734	2.167708
586.3011	2.168847
585.8287	2.169988
585.3563	2.171130
584.8837	2.172275
584.4109	2.173422
583.9382	2.174571
583.4652	2.175722
582.9922	2.176876
582.5191	2.178031
582.0458	2.179189
581.5725	2.180348
581.0991	2.181509
580.6255	2.182673
580.1519	2.183839
579.6780	2.185007
579.2042	2.186177
578.7302	2.187349
578.2561	2.188524
577.7819	2.189700
577.3076	2.190878
576.8332	2.192059
576.3586	2.193242
575.8840	2.194427
575.4093	2.195614
574.9344	2.196803
574.4595	2.197995
573.9844	2.199188
573.5092	2.200384
573.0339	2.201582
572.5586	2.202782
572.0831	2.203984
571.6075	2.205188
571.1318	2.206394
570.6559	2.207603
570.1801	2.208814
569.7040	2.210027
569.2278	2.211242
568.7516	2.212459
568.2753	2.213679
567.7988	2.214901
567.3222	2.216125
566.8455	2.217351
566.3687	2.218579
565.8918	2.219810
565.4149	2.221042
564.9377	2.222277
564.4605	2.223514
563.9832	2.224753
563.5057	2.225995
563.0282	2.227239
562.5505	2.228485
562.0728	2.229733
561.5948	2.230984
561.1169	2.232236
560.6388	2.233491
560.1606	2.234748
559.6823	2.236007
559.2039	2.237269
558.7253	2.238533
558.2467	2.239799
557.7679	2.241067
557.2891	2.242338
556.8102	2.243610
556.3311	2.244886
555.8519	2.246163
555.3726	2.247443
554.8932	2.248724
554.4137	2.250009
553.9341	2.251295
553.4543	2.252584
552.9745	2.253875
552.4946	2.255168
552.0145	2.256463
551.5344	2.257761
551.0541	2.259061
550.5737	2.260363
550.0933	2.261667
549.6127	2.262974
549.1320	2.264283
548.6511	2.265595
548.1702	2.266909
547.6891	2.268225
547.2080	2.269543
546.7267	2.270864
546.2454	2.272187
545.7639	2.273512
545.2823	2.274839
544.8007	2.276169
544.3188	2.277501
543.8369	2.278836
543.3549	2.280173
542.8728	2.281512
542.3905	2.282853
541.9082	2.284197
541.4257	2.285543
540.9431	2.286891
540.4604	2.288242
539.9777	2.289595
539.4948	2.290950
539.0118	2.292307
538.5286	2.293668
538.0454	2.295030
537.5621	2.296394
537.0786	2.297761
536.5950	2.299131
536.1114	2.300502
535.6276	2.301876
535.1437	2.303252
534.6597	2.304631
534.1756	2.306012
533.6913	2.307395
533.2070	2.308781
532.7226	2.310169
532.2380	2.311559
531.7534	2.312951
531.2686	2.314346
530.7837	2.315744
530.2987	2.317143
529.8136	2.318545
529.3284	2.319950
528.8430	2.321357
528.3576	2.322766
527.8720	2.324177
527.3864	2.325591
526.9006	2.327007
526.4147	2.328425
525.9287	2.329846
525.4426	2.331269
524.9564	2.332695
524.4700	2.334123
523.9836	2.335553
523.4971	2.336985
523.0104	2.338420
522.5236	2.339857
522.0367	2.341297
521.5497	2.342739
521.0626	2.344183
520.5754	2.345629
520.0881	2.347078
519.6006	2.348530
519.1131	2.349983
518.6254	2.351439
518.1377	2.352897
517.6498	2.354358
517.1618	2.355821
516.6737	2.357286
516.1855	2.358754
515.6971	2.360224
515.2087	2.361696
514.7202	2.363171
514.2314	2.364648
513.7427	2.366127
513.2538	2.367609
512.7648	2.369093
512.2757	2.370579
511.7864	2.372068
511.2971	2.373559
510.8076	2.375052
510.3181	2.376547
509.8284	2.378045
509.3386	2.379546
508.8488	2.381048
508.3587	2.382553
507.8686	2.384060
507.3784	2.385569
506.8880	2.387081
506.3976	2.388595
505.9070	2.390111
505.4163	2.391630
504.9255	2.393151
504.4346	2.394674
503.9436	2.396200
503.4525	2.397727
502.9612	2.399257
502.4698	2.400790
501.9784	2.402324
501.4868	2.403861
500.9951	2.405400
500.5033	2.406942
500.0114	2.408485
499.5193	2.410031
499.0272	2.411579
498.5349	2.413130
498.0426	2.414682
497.5501	2.416237
497.0575	2.417794
496.5648	2.419353
496.0720	2.420915
495.5790	2.422478
495.0860	2.424044
494.5928	2.425612
494.0995	2.427183
493.6062	2.428755
493.1127	2.430330
492.6190	2.431907
492.1253	2.433486
491.6315	2.435067
491.1375	2.436650
490.6435	2.438235
490.1493	2.439823
489.6550	2.441413
489.1606	2.443005
488.6661	2.444599
488.1714	2.446195
487.6767	2.447793
487.1818	2.449394
486.6869	2.450996
486.1918	2.452601
485.6966	2.454207
485.2013	2.455816
484.7058	2.457427
484.2103	2.459040
483.7146	2.460655
483.2189	2.462271
482.7230	2.463890
482.2270	2.465511
481.7309	2.467134
481.2346	2.468760
480.7383	2.470387
480.2419	2.472015
479.7453	2.473646
479.2486	2.475279
478.7518	2.476914
478.2549	2.478551
477.7579	2.480190
477.2608	2.481830
476.7635	2.483473
476.2662	2.485117
475.7687	2.486763
475.2711	2.488412
474.7734	2.490062
474.2756	2.491714
473.7776	2.493368
473.2796	2.495023
472.7814	2.496681
472.2831	2.498340
471.7848	2.500000
471.2863	2.501663
470.7876	2.503328
470.2889	2.504994
469.7900	2.506662
469.2911	2.508332
468.7920	2.510003
468.2928	2.511676
467.7935	2.513351
467.2941	2.515028
466.7945	2.516706
466.2949	2.518385
465.7951	2.520067
465.2952	2.521750
464.7952	2.523434
464.2951	2.525120
463.7949	2.526808
463.2946	2.528497
462.7941	2.530187
462.2935	2.531880
461.7928	2.533573
461.2921	2.535268
460.7911	2.536965
460.2901	2.538663
459.7889	2.540362
459.2877	2.542062
458.7863	2.543765
458.2848	2.545468
457.7832	2.547173
457.2815	2.548878
456.7796	2.550586
456.2777	2.552294
455.7756	2.554004
455.2734	2.555715
454.7711	2.557427
454.2687	2.559140
453.7662	2.560855
453.2635	2.562570
452.7608	2.564287
452.2579	2.566004
451.7549	2.567723
451.2518	2.569443
450.7485	2.571164
450.2452	2.572885
449.7417	2.574608
449.2382	2.576332
448.7345	2.578056
448.2307	2.579781
447.7267	2.581508
447.2227	2.583235
446.7186	2.584962
446.2143	2.586691
445.7099	2.588420
445.2054	2.590150
444.7008	2.591880
444.1960	2.593612
443.6912	2.595343
443.1862	2.597076
442.6812	2.598808
442.1759	2.600542
441.6706	2.602276
441.1652	2.604010
440.6596	2.605745
440.1540	2.607479
