Source : SiO2_2mm.M1.11h 57mn 22s.spe
Spectrum : 1

Wavelength	Psi	Delta

999.7925	2.059	17.160
999.4089	2.059	17.160
999.0253	2.059	17.160
998.6415	2.059	17.160
998.2578	2.059	17.160
997.8739	2.059	17.160
997.4900	2.059	17.160
997.1060	2.059	17.160
996.7219	2.059	17.160
996.3377	2.059	17.160
995.9535	2.059	17.160
995.5692	2.059	17.160
995.1848	2.059	17.160
994.8003	2.059	17.160
994.4158	2.059	17.160
994.0311	79.086	147.033
993.6464	77.269	146.676
993.2617	68.610	187.125
992.8768	77.984	267.216
992.4919	66.078	160.170
992.1069	67.829	145.324
991.7218	59.443	151.466
991.3367	52.402	151.955
990.9514	37.361	192.466
990.5661	29.327	221.541
990.1807	25.848	169.617
989.7953	15.245	157.753
989.4097	10.025	235.437
989.0241	18.015	286.217
988.6384	30.909	302.454
988.2526	24.417	273.601
987.8668	29.083	267.669
987.4809	23.084	268.371
987.0949	18.947	265.044
986.7088	14.264	266.994
986.3226	13.453	306.535
985.9364	21.359	274.413
985.5501	19.453	252.306
985.1638	30.801	255.931
984.7773	36.098	258.102
984.3907	38.396	253.088
984.0041	32.305	254.387
983.6174	8.995	171.040
983.2307	10.797	252.446
982.8438	15.993	242.565
982.4569	18.970	327.968
982.0699	19.689	300.610
981.6828	38.726	241.378
981.2957	42.826	254.884
980.9084	51.921	261.312
980.5211	75.074	263.946
980.1337	77.873	287.067
979.7463	71.279	7.654
979.3587	63.661	5.042
978.9711	52.518	7.879
978.5834	55.379	12.885
978.1956	22.267	11.438
977.8077	9.153	16.247
977.4199	8.612	33.252
977.0319	11.609	47.252
976.6437	7.241	4.824
976.2556	6.973	295.093
975.8674	17.830	346.215
975.4790	20.350	323.154
975.0906	20.398	258.257
974.7021	20.604	296.178
974.3136	16.779	303.304
973.9250	21.183	294.098
973.5363	30.892	288.353
973.1475	55.059	286.140
972.7586	39.132	300.806
972.3697	81.374	319.979
971.9807	85.739	305.072
971.5916	82.173	298.246
971.2024	85.771	297.045
970.8131	87.627	290.638
970.4238	86.288	267.437
970.0344	68.044	178.367
969.6449	68.187	312.960
969.2553	41.406	339.113
968.8657	36.299	342.387
968.4760	35.371	345.262
968.0861	34.080	345.288
967.6962	31.788	345.238
967.3063	32.130	344.650
966.9163	29.558	342.872
966.5261	9.950	307.853
966.1359	44.477	177.260
965.7457	15.675	178.229
965.3553	34.260	152.397
964.9649	36.069	316.428
964.5743	24.080	307.462
964.1838	14.809	306.632
963.7931	75.546	113.500
963.4023	81.660	84.051
963.0115	78.295	329.668
962.6207	36.424	243.187
962.2297	34.074	231.742
961.8386	23.568	222.052
961.4474	26.488	198.573
961.0562	24.893	191.260
960.6649	25.970	184.510
960.2736	24.807	170.954
959.8821	20.178	194.193
959.4905	17.795	260.664
959.0989	37.007	314.718
958.7073	34.953	296.349
958.3155	33.197	278.534
957.9236	27.066	275.070
957.5317	19.947	274.988
957.1396	12.082	273.514
956.7476	8.498	279.568
956.3554	2.227	305.702
955.9632	10.874	325.203
955.5709	7.171	281.780
955.1784	7.675	202.128
954.7859	17.911	175.215
954.3934	28.804	172.919
954.0007	34.558	173.654
953.6080	28.731	192.046
953.2152	33.670	211.655
952.8223	31.994	206.379
952.4293	24.052	220.263
952.0363	22.411	281.535
951.6432	16.618	246.639
951.2499	15.510	225.232
950.8567	17.164	263.712
950.4633	15.151	254.955
950.0699	16.467	260.743
949.6763	16.786	261.803
949.2827	17.118	262.443
948.8890	16.904	261.797
948.4953	16.862	261.643
948.1014	16.595	261.425
947.7075	16.193	261.812
947.3135	13.726	258.984
946.9194	18.201	262.866
946.5253	7.061	233.249
946.1310	4.912	283.517
945.7367	20.305	197.073
945.3423	74.462	191.084
944.9478	10.505	357.671
944.5532	10.352	4.503
944.1586	10.776	5.287
943.7639	75.965	213.665
943.3691	75.771	221.504
942.9742	32.535	223.203
942.5792	9.045	237.225
942.1841	2.119	291.000
941.7890	10.866	172.721
941.3938	12.569	178.733
940.9985	14.984	57.931
940.6031	14.744	173.418
940.2077	20.436	179.483
939.8122	21.598	188.726
939.4166	19.185	196.284
939.0209	21.165	193.204
938.6251	20.790	196.067
938.2292	18.759	198.501
937.8333	16.145	209.081
937.4373	16.425	232.613
937.0412	13.717	305.523
936.6450	11.479	221.214
936.2487	10.929	220.495
935.8524	11.743	223.460
935.4560	12.438	222.364
935.0594	9.138	219.852
934.6629	6.595	222.196
934.2662	4.539	331.645
933.8694	25.126	329.456
933.4727	8.632	208.551
933.0757	7.912	223.503
932.6787	5.801	194.786
932.2817	0.540	297.229
931.8845	4.002	313.866
931.4873	80.758	140.687
931.0900	51.027	139.127
930.6926	13.080	156.568
930.2951	8.738	110.131
929.8975	12.391	148.467
929.4999	5.294	132.681
929.1022	3.594	15.163
928.7043	6.279	318.798
928.3065	3.982	320.541
927.9085	4.258	328.184
927.5104	4.595	335.491
927.1123	5.650	341.529
926.7141	5.324	346.887
926.3158	3.401	0.394
925.9174	5.149	191.487
925.5190	4.106	182.258
925.1204	4.644	111.933
924.7218	3.232	164.241
924.3231	4.591	166.560
923.9243	6.464	195.073
923.5255	6.530	206.033
923.1265	30.212	202.603
922.7275	1.818	209.324
922.3283	12.334	19.289
921.9291	13.012	21.090
921.5298	14.462	20.888
921.1305	13.810	22.451
920.7311	14.756	21.804
920.3315	13.783	23.850
919.9319	9.011	30.791
919.5322	3.464	151.752
919.1324	25.010	192.844
918.7326	6.647	167.913
918.3326	14.426	128.360
917.9326	3.592	231.588
917.5325	56.858	121.743
917.1323	44.764	111.530
916.7321	47.361	115.409
916.3317	61.090	116.423
915.9313	69.827	116.712
915.5308	76.009	117.729
915.1302	79.748	125.274
914.7295	4.215	326.719
914.3287	6.288	102.071
913.9279	2.403	10.874
913.5270	0.872	117.742
913.1259	4.807	133.934
912.7249	2.776	98.518
912.3237	2.826	32.647
911.9224	5.778	12.728
911.5211	16.205	95.027
911.1196	2.210	98.094
910.7181	20.188	263.545
910.3165	20.009	110.760
909.9149	37.389	144.039
909.5131	31.226	62.463
909.1113	41.228	7.810
908.7093	42.919	359.859
908.3073	43.475	358.131
907.9052	44.585	357.452
907.5031	53.601	0.122
907.1008	39.149	0.697
906.6984	13.078	150.866
906.2960	13.891	48.672
905.8935	72.638	236.149
905.4909	65.369	198.441
905.0883	63.388	192.636
904.6855	67.638	258.521
904.2826	48.854	155.925
903.8797	32.121	121.642
903.4767	27.948	118.138
903.0736	28.835	116.150
902.6704	28.581	115.726
902.2672	28.426	116.199
901.8638	28.661	120.300
901.4604	29.509	127.731
901.0569	37.788	158.874
900.6533	63.329	258.823
900.2496	51.190	185.695
899.8458	18.629	120.535
899.4420	24.804	36.450
899.0380	63.449	213.115
898.6340	62.744	209.675
898.2299	63.260	188.648
897.8257	66.345	217.577
897.4214	22.376	75.506
897.0171	25.814	107.622
896.6127	32.538	134.680
896.2081	30.411	112.669
895.8035	29.990	111.683
895.3989	29.828	110.397
894.9941	26.728	108.888
894.5892	15.746	105.648
894.1843	13.762	291.577
893.7792	5.587	114.724
893.3741	3.610	81.800
892.9689	5.194	355.310
892.5637	8.368	330.270
892.1583	10.076	315.121
891.7528	6.099	340.349
891.3473	5.209	0.947
890.9417	7.428	56.651
890.5359	7.981	82.546
890.1302	8.942	106.164
889.7243	13.269	164.224
889.3184	8.955	7.990
888.9123	16.590	15.066
888.5062	15.886	28.378
888.1000	15.295	78.712
887.6937	18.075	78.106
887.2873	18.516	79.648
886.8808	20.309	82.988
886.4743	13.553	88.432
886.0676	16.778	96.181
885.6609	18.264	105.582
885.2541	17.272	91.003
884.8472	17.647	88.452
884.4402	19.133	84.309
884.0332	22.164	87.307
883.6260	23.383	85.177
883.2188	34.751	84.667
882.8115	39.237	55.109
882.4041	13.894	146.801
881.9966	18.529	171.656
881.5890	21.188	192.742
881.1813	21.977	206.045
880.7736	24.791	209.417
880.3658	28.416	197.204
879.9579	36.255	237.276
879.5499	32.297	158.445
879.1418	37.076	115.274
878.7336	40.024	107.314
878.3253	41.102	103.588
877.9170	41.596	101.870
877.5085	41.361	102.298
877.1000	40.245	104.819
876.6915	38.394	112.320
876.2828	33.152	135.654
875.8740	35.683	236.629
875.4651	28.801	149.909
875.0562	25.368	161.195
874.6472	13.581	166.998
874.2380	45.263	42.083
873.8289	24.875	93.121
873.4196	28.116	103.250
873.0102	32.730	105.412
872.6007	33.169	106.257
872.1912	35.517	89.802
871.7816	27.577	88.335
871.3718	25.571	80.573
870.9620	25.959	101.684
870.5521	31.260	183.030
870.1422	25.124	192.869
869.7321	28.201	117.226
869.3219	39.281	95.341
868.9117	39.150	86.435
868.5013	39.578	81.931
868.0909	39.471	79.688
867.6805	39.418	80.534
867.2699	39.082	80.440
866.8592	39.053	79.486
866.4485	35.614	77.362
866.0376	37.377	73.605
865.6267	34.447	77.184
865.2157	34.381	79.543
864.8046	36.108	81.271
864.3934	36.011	82.977
863.9821	38.273	86.636
863.5707	36.589	85.114
863.1593	33.544	85.629
862.7477	32.840	80.724
862.3361	32.670	76.190
861.9244	36.656	72.735
861.5126	35.090	75.845
861.1008	31.154	77.431
860.6888	30.197	78.323
860.2767	33.210	78.200
859.8646	36.211	81.290
859.4523	33.558	75.035
859.0400	36.853	73.563
858.6276	38.194	73.063
858.2151	41.698	74.739
857.8026	45.523	77.848
857.3899	47.126	79.558
856.9771	48.412	79.095
856.5643	50.014	79.005
856.1514	51.790	79.432
855.7383	54.084	79.864
855.3253	54.845	80.126
854.9120	55.005	79.185
854.4988	54.467	78.296
854.0854	53.838	78.842
853.6719	52.703	78.584
853.2584	51.677	78.393
852.8448	52.524	78.043
852.4311	54.672	77.562
852.0173	55.401	77.267
851.6034	58.225	76.843
851.1894	59.018	76.579
850.7753	57.677	76.740
850.3612	58.735	76.086
849.9470	59.450	76.465
849.5326	59.899	77.156
849.1182	60.265	77.367
848.7037	60.543	77.370
848.2891	61.209	77.559
847.8744	62.392	77.415
847.4597	62.896	77.315
847.0448	63.714	77.345
846.6298	64.737	77.166
846.2148	65.111	77.010
845.7997	65.362	77.046
845.3845	66.168	77.179
844.9692	67.100	77.282
844.5538	67.563	77.355
844.1383	68.306	77.396
843.7227	68.930	77.659
843.3071	69.794	77.400
842.8914	70.666	77.091
842.4755	71.035	77.721
842.0596	71.301	78.435
841.6436	72.032	78.494
841.2275	73.311	78.365
840.8113	74.738	78.040
840.3951	75.294	78.181
839.9787	76.187	77.668
839.5623	77.679	76.716
839.1457	78.684	75.925
838.7291	79.842	74.997
838.3124	80.802	74.023
837.8956	81.958	72.260
837.4787	82.699	71.233
837.0617	83.848	68.372
836.6447	85.031	63.795
836.2275	86.046	57.406
835.8102	86.765	49.809
835.3929	87.454	38.102
834.9755	88.017	1.791
834.5579	87.650	327.600
834.1403	86.970	309.244
833.7227	86.174	300.147
833.3049	84.794	291.547
832.8870	83.414	287.262
832.4691	82.363	284.311
832.0510	81.104	282.520
831.6329	80.017	281.166
831.2146	78.761	279.969
830.7963	77.749	279.324
830.3779	76.640	278.924
829.9594	75.703	278.549
829.5408	74.796	278.382
829.1221	73.862	277.984
828.7034	72.597	277.646
828.2845	71.418	277.315
827.8656	70.510	277.245
827.4465	69.404	277.030
827.0275	68.146	276.879
826.6082	66.987	276.769
826.1889	65.785	276.762
825.7695	64.824	276.764
825.3500	63.549	276.706
824.9305	62.547	276.807
824.5108	61.281	276.815
824.0911	60.215	276.887
823.6713	59.025	276.876
823.2513	57.979	276.904
822.8313	56.883	276.942
822.4112	55.695	276.981
821.9910	54.854	277.178
821.5707	53.871	277.279
821.1503	53.153	277.539
820.7299	52.233	277.714
820.3093	51.342	277.966
819.8886	50.501	278.157
819.4679	49.479	278.227
819.0471	48.622	278.365
818.6262	47.728	278.290
818.2051	46.928	278.348
817.7841	46.099	278.274
817.3629	45.382	278.155
816.9416	44.755	278.083
816.5202	43.973	278.057
816.0988	43.316	278.117
815.6772	42.687	278.300
815.2556	42.166	278.412
814.8338	41.500	278.567
814.4120	40.970	278.707
813.9901	40.424	278.778
813.5681	39.845	278.830
813.1460	39.394	278.922
812.7238	38.700	278.945
812.3015	38.101	278.973
811.8792	37.617	279.028
811.4567	37.146	279.011
811.0341	36.709	278.990
810.6115	36.269	279.042
810.1888	35.785	278.982
809.7659	35.316	278.911
809.3430	34.835	278.838
808.9200	34.430	278.731
808.4969	33.995	278.606
808.0737	33.593	278.458
807.6505	33.187	278.343
807.2271	32.886	278.209
806.8036	32.508	278.051
806.3801	32.100	277.892
805.9564	31.711	277.711
805.5327	31.463	277.523
805.1089	31.096	277.289
804.6850	30.767	277.130
804.2610	30.407	276.914
803.8369	30.062	276.707
803.4127	29.755	276.470
802.9884	29.384	276.250
802.5640	29.090	276.017
802.1396	28.873	275.753
801.7150	28.581	275.507
801.2903	28.289	275.216
800.8657	27.996	274.966
800.4408	27.720	274.671
800.0159	27.451	274.421
799.5909	27.157	274.093
799.1658	26.877	273.781
798.7406	26.606	273.426
798.3153	26.319	273.085
797.8899	26.060	272.693
797.4644	25.778	272.348
797.0389	25.489	271.956
796.6132	25.211	271.561
796.1875	24.883	271.157
795.7617	24.601	270.765
795.3357	24.340	270.340
794.9097	24.066	269.898
794.4836	23.757	269.435
794.0574	23.491	268.997
793.6310	23.204	268.493
793.2047	22.932	267.991
792.7782	22.616	267.488
792.3516	22.326	267.016
791.9249	22.022	266.487
791.4982	21.749	265.957
791.0714	21.467	265.429
790.6444	21.179	264.875
790.2173	20.892	264.273
789.7902	20.610	263.671
789.3630	20.321	263.034
788.9357	20.055	262.442
788.5083	19.751	261.777
788.0807	19.449	261.123
787.6532	19.166	260.444
787.2255	18.876	259.739
786.7977	18.583	258.968
786.3699	18.305	258.246
785.9419	18.018	257.494
785.5139	17.733	256.701
785.0857	17.440	255.873
784.6575	17.163	255.026
784.2291	16.876	254.191
783.8007	16.587	253.342
783.3722	16.295	252.435
782.9435	16.022	251.479
782.5148	15.750	250.537
782.0861	15.469	249.585
781.6572	15.181	248.593
781.2282	14.897	247.526
780.7991	14.612	246.422
780.3699	14.320	245.314
779.9407	14.037	244.151
779.5113	13.748	242.892
779.0818	13.486	241.628
778.6523	13.225	240.317
778.2227	12.953	238.962
777.7930	12.681	237.542
777.3632	12.412	236.105
776.9332	12.148	234.607
776.5032	11.890	233.037
776.0731	11.631	231.423
775.6429	11.387	229.745
775.2126	11.154	227.980
774.7822	10.921	226.184
774.3517	10.678	224.280
773.9212	10.452	222.346
773.4905	10.230	220.337
773.0598	10.009	218.165
772.6289	9.811	215.976
772.1980	9.623	213.696
771.7669	9.439	211.321
771.3358	9.260	208.864
770.9046	9.091	206.280
770.4733	8.945	203.633
770.0419	8.813	200.930
769.6104	8.687	198.118
769.1787	8.569	195.239
768.7471	8.483	192.341
768.3152	8.407	189.445
767.8834	8.351	186.311
767.4514	8.313	183.314
767.0193	8.292	180.122
766.5872	8.287	177.014
766.1549	8.309	173.861
765.7225	8.339	170.646
765.2901	8.400	167.627
764.8575	8.466	164.535
764.4249	8.552	161.580
763.9922	8.650	158.710
763.5593	8.769	155.856
763.1264	8.909	153.061
762.6934	9.066	150.273
762.2603	9.234	147.590
761.8271	9.417	144.990
761.3938	9.610	142.562
760.9604	9.817	140.135
760.5269	10.035	137.734
760.0933	10.259	135.468
759.6597	10.489	133.313
759.2259	10.731	131.261
758.7921	10.973	129.279
758.3581	11.238	127.341
757.9240	11.513	125.460
757.4899	11.783	123.652
757.0556	12.061	121.872
756.6213	12.347	120.217
756.1868	12.641	118.613
755.7523	12.927	117.075
755.3177	13.225	115.585
754.8830	13.529	114.124
754.4482	13.830	112.773
754.0132	14.143	111.394
753.5782	14.458	110.077
753.1431	14.773	108.813
752.7079	15.092	107.574
752.2726	15.422	106.400
751.8373	15.745	105.247
751.4018	16.068	104.145
750.9662	16.383	103.093
750.5306	16.706	102.091
750.0948	17.041	101.062
749.6589	17.377	100.063
749.2230	17.701	99.115
748.7869	18.021	98.211
748.3508	18.349	97.333
747.9146	18.669	96.505
747.4782	18.996	95.680
747.0417	19.326	94.846
746.6052	19.658	94.035
746.1686	19.986	93.276
745.7319	20.312	92.539
745.2950	20.645	91.806
744.8582	20.983	91.091
744.4211	21.316	90.400
743.9841	21.648	89.751
743.5468	21.976	89.109
743.1096	22.305	88.485
742.6722	22.634	87.881
742.2347	22.972	87.276
741.7971	23.317	86.686
741.3594	23.655	86.121
740.9216	23.977	85.566
740.4838	24.318	85.032
740.0458	24.657	84.542
739.6077	24.996	84.058
739.1696	25.350	83.599
738.7313	25.679	83.131
738.2930	26.027	82.679
737.8545	26.375	82.239
737.4160	26.723	81.815
736.9773	27.062	81.393
736.5386	27.414	81.006
736.0997	27.763	80.625
735.6608	28.126	80.280
735.2218	28.513	79.951
734.7827	28.853	79.622
734.3434	29.211	79.280
733.9041	29.588	78.960
733.4647	29.978	78.660
733.0252	30.357	78.380
732.5856	30.736	78.106
732.1459	31.108	77.856
731.7061	31.536	77.647
731.2662	31.935	77.435
730.8262	32.358	77.209
730.3861	32.782	77.062
729.9459	33.245	76.929
729.5057	33.688	76.871
729.0653	34.106	76.701
728.6248	34.512	76.553
728.1843	34.969	76.456
727.7436	35.439	76.348
727.3028	35.969	76.291
726.8619	36.496	76.229
726.4210	37.005	76.173
725.9799	37.560	76.152
725.5388	38.122	76.201
725.0975	38.690	76.327
724.6561	39.255	76.404
724.2147	39.842	76.483
723.7732	40.435	76.573
723.3315	41.085	76.734
722.8898	41.765	76.919
722.4479	42.469	77.113
722.0060	43.221	77.287
721.5640	44.000	77.519
721.1218	44.793	77.767
720.6796	45.609	78.006
720.2373	46.460	78.212
719.7949	47.394	78.425
719.3524	48.310	78.643
718.9097	49.315	78.877
718.4670	50.305	79.147
718.0242	51.433	79.366
717.5813	52.576	79.609
717.1383	53.753	79.831
716.6952	55.017	80.024
716.2520	56.316	80.182
715.8087	57.683	80.300
715.3653	59.148	80.412
714.9218	60.651	80.504
714.4782	62.279	80.528
714.0345	63.806	80.568
713.5907	65.489	80.554
713.1469	67.115	80.492
712.7028	68.839	80.312
712.2588	70.595	80.030
711.8146	72.466	79.570
711.3703	74.490	78.813
710.9259	76.491	77.813
710.4814	78.549	76.343
710.0369	80.707	73.960
709.5922	82.750	70.249
709.1474	84.778	63.357
708.7026	86.647	47.715
708.2576	87.800	6.658
707.8125	87.073	316.513
707.3674	85.281	296.124
706.9221	83.215	287.528
706.4767	81.137	283.197
706.0313	79.004	280.595
705.5857	76.862	278.819
705.1401	74.801	277.666
704.6943	72.827	276.873
704.2484	70.828	276.264
703.8025	68.954	275.850
703.3564	67.081	275.533
702.9103	65.314	275.333
702.4641	63.590	275.191
702.0177	61.913	275.093
701.5712	60.294	275.024
701.1247	58.768	274.989
700.6780	57.293	275.009
700.2313	55.860	275.056
699.7844	54.485	275.127
699.3375	53.203	275.235
698.8904	51.997	275.353
698.4433	50.808	275.473
697.9961	49.661	275.618
697.5488	48.533	275.738
697.1013	47.464	275.885
696.6537	46.421	276.038
696.2061	45.428	276.187
695.7584	44.468	276.326
695.3105	43.618	276.497
694.8626	42.851	276.661
694.4146	42.080	276.831
693.9664	41.326	276.963
693.5182	40.597	277.107
693.0699	39.872	277.205
692.6215	39.158	277.300
692.1729	38.468	277.382
691.7243	37.796	277.443
691.2756	37.191	277.481
690.8267	36.636	277.497
690.3778	36.096	277.499
689.9288	35.552	277.471
689.4797	35.001	277.406
689.0304	34.479	277.330
688.5811	33.926	277.218
688.1317	33.406	277.080
687.6821	32.907	276.919
687.2325	32.402	276.718
686.7828	31.922	276.501
686.3329	31.427	276.242
685.8830	30.947	275.962
685.4330	30.513	275.650
684.9828	30.048	275.315
684.5327	29.634	274.950
684.0823	29.185	274.560
683.6319	28.780	274.143
683.1813	28.342	273.701
682.7307	27.906	273.223
682.2800	27.465	272.725
681.8292	27.016	272.195
681.3782	26.607	271.649
680.9272	26.229	271.079
680.4761	25.819	270.472
680.0248	25.406	269.843
679.5735	24.990	269.191
679.1221	24.575	268.505
678.6705	24.171	267.799
678.2189	23.755	267.061
677.7672	23.340	266.292
677.3154	22.918	265.500
676.8634	22.488	264.669
676.4114	22.071	263.810
675.9592	21.661	262.920
675.5070	21.229	261.998
675.0547	20.817	261.044
674.6022	20.390	260.050
674.1497	19.974	259.014
673.6971	19.551	257.943
673.2443	19.134	256.826
672.7915	18.707	255.672
672.3386	18.290	254.467
671.8855	17.865	253.216
671.4324	17.447	251.903
670.9791	17.015	250.534
670.5258	16.602	249.098
670.0723	16.163	247.598
669.6188	15.745	246.045
669.1651	15.336	244.427
668.7114	14.905	242.717
668.2575	14.493	240.932
667.8035	14.088	239.044
667.3495	13.686	237.060
666.8953	13.288	234.979
666.4411	12.897	232.777
665.9868	12.516	230.471
665.5323	12.153	228.030
665.0777	11.798	225.454
664.6230	11.455	222.720
664.1683	11.123	219.849
663.7134	10.812	216.836
663.2584	10.517	213.655
662.8034	10.244	210.300
662.3482	9.994	206.806
661.8929	9.771	203.137
661.4376	9.575	199.305
660.9821	9.410	195.328
660.5265	9.279	191.234
660.0708	9.182	187.053
659.6151	9.122	182.793
659.1592	9.103	178.480
658.7032	9.118	174.159
658.2471	9.170	169.849
657.7909	9.259	165.604
657.3346	9.381	161.462
656.8782	9.538	157.419
656.4218	9.729	153.512
655.9651	9.956	149.773
655.5084	10.207	146.167
655.0516	10.485	142.728
654.5947	10.786	139.437
654.1377	11.108	136.314
653.6806	11.455	133.317
653.2234	11.827	130.502
652.7661	12.209	127.814
652.3087	12.605	125.270
651.8511	13.018	122.867
651.3936	13.438	120.592
650.9358	13.870	118.442
650.4780	14.303	116.388
650.0201	14.743	114.454
649.5620	15.190	112.593
649.1039	15.645	110.831
648.6457	16.093	109.139
648.1873	16.549	107.528
647.7289	16.996	105.978
647.2703	17.446	104.503
646.8117	17.900	103.074
646.3530	18.356	101.726
645.8941	18.814	100.418
645.4351	19.265	99.165
644.9761	19.724	97.961
644.5169	20.188	96.785
644.0577	20.642	95.641
643.5983	21.084	94.549
643.1389	21.537	93.505
642.6793	21.990	92.487
642.2196	22.448	91.506
641.7598	22.895	90.557
641.2999	23.342	89.640
640.8400	23.810	88.755
640.3799	24.266	87.900
639.9197	24.724	87.083
639.4594	25.181	86.312
638.9990	25.652	85.566
638.5385	26.125	84.852
638.0779	26.598	84.183
637.6172	27.072	83.548
637.1564	27.546	82.938
636.6954	28.034	82.374
636.2344	28.549	81.843
635.7733	29.059	81.363
635.3121	29.576	80.919
634.8508	30.088	80.533
634.3893	30.642	80.185
633.9278	31.165	79.881
633.4662	31.731	79.640
633.0044	32.300	79.432
632.5425	32.867	79.262
632.0806	33.445	79.160
631.6186	34.058	79.103
631.1564	34.668	79.074
630.6942	35.310	79.096
630.2318	35.958	79.151
629.7693	36.696	79.252
629.3068	37.409	79.385
628.8441	38.200	79.558
628.3813	39.010	79.745
627.9184	39.856	79.951
627.4554	40.736	80.164
626.9923	41.687	80.407
626.5291	42.650	80.648
626.0658	43.688	80.881
625.6024	44.801	81.112
625.1389	46.008	81.330
624.6753	47.233	81.556
624.2115	48.540	81.760
623.7477	49.852	81.942
623.2838	51.303	82.083
622.8198	52.839	82.204
622.3557	54.548	82.374
621.8914	56.327	82.527
621.4271	58.248	82.660
620.9626	60.285	82.778
620.4980	62.406	82.880
620.0334	64.612	82.887
619.5687	66.958	82.811
619.1038	69.407	82.578
618.6388	72.028	82.150
618.1737	74.797	81.434
617.7086	77.693	80.227
617.2433	80.688	78.059
616.7779	83.744	73.426
616.3124	86.659	60.156
615.8468	88.430	353.173
615.3810	86.326	293.442
614.9153	83.415	282.118
614.4493	80.305	277.779
613.9833	77.308	275.695
613.5172	74.181	274.400
613.0510	71.282	273.628
612.5847	68.470	273.099
612.1182	66.029	272.770
611.6517	63.612	272.519
611.1850	61.332	272.353
610.7183	59.257	272.261
610.2514	57.312	272.215
609.7844	55.533	272.189
609.3173	53.541	272.150
608.8502	51.727	272.134
608.3829	50.100	272.152
607.9155	48.808	272.209
607.4480	47.058	272.245
606.9804	45.473	272.269
606.5127	43.999	272.318
606.0449	42.677	272.416
605.5770	41.401	272.539
605.1089	40.631	272.704
604.6408	40.024	272.885
604.1726	39.693	273.110
603.7042	39.383	273.341
603.2358	38.890	273.437
602.7673	38.036	273.401
602.2986	36.937	273.327
601.8298	35.707	273.231
601.3610	34.620	273.144
600.8920	33.500	273.077
600.4229	32.664	273.038
599.9537	31.817	272.972
599.4844	31.095	272.889
599.0150	30.388	272.728
598.5455	30.048	272.418
598.0759	29.575	272.106
597.6062	28.909	271.725
597.1364	28.374	271.297
596.6664	27.994	270.810
596.1964	27.525	270.276
595.7263	27.056	269.677
595.2560	26.541	269.015
594.7857	25.914	268.279
594.3152	25.284	267.490
593.8447	24.755	266.642
593.3740	24.076	265.716
592.9032	23.522	264.760
592.4323	23.015	263.753
591.9613	22.550	262.719
591.4902	22.017	261.578
591.0190	21.470	260.409
590.5477	20.923	259.187
590.0763	20.356	257.865
589.6048	19.778	256.482
589.1331	19.189	255.025
588.6614	18.622	253.462
588.1896	18.047	251.846
587.7176	17.460	250.106
587.2455	16.862	248.212
586.7734	16.272	246.205
586.3011	15.695	244.001
585.8287	15.116	241.681
585.3563	14.553	239.139
584.8837	13.993	236.338
584.4109	13.472	233.293
583.9382	12.952	229.993
583.4652	12.449	226.594
582.9922	11.970	222.934
582.5191	11.500	219.017
582.0458	11.070	214.841
581.5725	10.683	210.433
581.0991	10.338	205.642
580.6255	10.033	200.586
580.1519	9.791	195.224
579.6780	9.628	189.572
579.2042	9.529	183.769
578.7302	9.506	177.879
578.2561	9.556	171.954
577.7819	9.690	166.151
577.3076	9.901	160.529
576.8332	10.167	155.193
576.3586	10.478	150.136
575.8840	10.874	145.343
575.4093	11.319	140.862
574.9344	11.799	136.738
574.4595	12.306	132.929
573.9844	12.840	129.375
573.5092	13.405	126.081
573.0339	14.004	123.026
572.5586	14.615	120.191
572.0831	15.222	117.562
571.6075	15.835	115.113
571.1318	16.452	112.793
570.6559	17.065	110.619
570.1801	17.676	108.565
569.7040	18.294	106.632
569.2278	18.907	104.802
568.7516	19.551	103.051
568.2753	20.184	101.402
567.7988	20.810	99.834
567.3222	21.412	98.347
566.8455	22.030	96.933
566.3687	22.647	95.598
565.8918	23.279	94.342
565.4149	23.889	93.177
564.9377	24.502	92.091
564.4605	25.115	91.090
563.9832	25.743	90.174
563.5057	26.379	89.348
563.0282	27.012	88.612
562.5505	27.634	87.961
562.0728	28.266	87.388
561.5948	28.900	86.892
561.1169	29.555	86.472
560.6388	30.215	86.121
560.1606	30.881	85.828
559.6823	31.563	85.589
559.2039	32.257	85.390
558.7253	32.980	85.236
558.2467	33.743	85.129
557.7679	34.543	85.054
557.2891	35.369	85.007
556.8102	36.221	84.987
556.3311	37.150	84.992
555.8519	38.125	85.011
555.3726	39.122	85.049
554.8932	40.179	85.103
554.4137	41.312	85.159
553.9341	42.517	85.215
553.4543	43.805	85.268
552.9745	45.193	85.314
552.4946	46.665	85.347
552.0145	48.278	85.369
551.5344	50.042	85.379
551.0541	51.923	85.376
550.5737	53.926	85.335
550.0933	56.156	85.257
549.6127	58.557	85.124
549.1320	61.202	84.909
548.6511	64.097	84.580
548.1702	67.234	84.075
547.6891	70.664	83.267
547.2080	74.366	81.955
546.7267	78.361	79.527
546.2454	82.447	74.205
545.7639	86.450	55.683
545.2823	87.548	322.707
544.8007	83.794	287.927
544.3188	79.678	280.451
543.8369	75.651	277.373
543.3549	71.822	275.737
542.8728	68.220	274.741
542.3905	64.882	274.070
541.9082	61.777	273.600
541.4257	58.908	273.251
540.9431	56.274	272.979
540.4604	53.819	272.761
539.9777	51.560	272.585
539.4948	49.503	272.435
539.0118	47.629	272.291
538.5286	45.905	272.157
538.0454	44.303	272.021
537.5621	42.810	271.879
537.0786	41.432	271.734
536.5950	40.151	271.574
536.1114	38.948	271.398
535.6276	37.813	271.199
535.1437	36.768	270.987
534.6597	35.750	270.759
534.1756	34.792	270.509
533.6913	33.854	270.225
533.2070	32.977	269.905
532.7226	32.122	269.550
532.2380	31.298	269.166
531.7534	30.490	268.735
531.2686	29.690	268.262
530.7837	28.950	267.736
530.2987	28.230	267.164
529.8136	27.494	266.527
529.3284	26.771	265.821
528.8430	26.051	265.039
528.3576	25.353	264.177
527.8720	24.654	263.239
527.3864	23.960	262.213
526.9006	23.239	261.086
526.4147	22.513	259.840
525.9287	21.803	258.476
525.4426	21.075	256.993
524.9564	20.351	255.366
524.4700	19.629	253.599
523.9836	18.891	251.683
523.4971	18.144	249.632
523.0104	17.408	247.407
522.5236	16.670	245.014
522.0367	15.913	242.408
521.5497	15.152	239.495
521.0626	14.373	236.234
520.5754	13.605	232.622
520.0881	12.869	228.599
519.6006	12.173	224.099
519.1131	11.504	219.083
518.6254	10.894	213.449
518.1377	10.365	207.141
517.6498	9.933	200.269
517.1618	9.639	192.907
516.6737	9.471	185.025
516.1855	9.426	176.880
515.6971	9.544	168.721
515.2087	9.828	160.936
514.7202	10.254	153.714
514.2314	10.761	147.115
513.7427	11.380	141.171
513.2538	12.086	135.770
512.7648	12.857	130.991
512.2757	13.662	126.782
511.7864	14.517	123.006
511.2971	15.337	119.710
510.8076	16.247	116.602
510.3181	17.126	113.950
509.8284	17.996	111.546
509.3386	18.867	109.359
508.8488	19.741	107.430
508.3587	20.617	105.682
507.8686	21.458	104.159
507.3784	22.243	102.828
506.8880	23.076	101.603
506.3976	23.880	100.481
505.9070	24.713	99.452
505.4163	25.477	98.568
504.9255	26.262	97.736
504.4346	27.063	96.978
503.9436	27.816	96.274
503.4525	28.554	95.636
502.9612	29.308	95.026
502.4698	30.066	94.444
501.9784	30.883	93.882
501.4868	31.659	93.347
500.9951	32.491	92.847
500.5033	33.400	92.380
500.0114	34.388	91.925
499.5193	35.369	91.499
499.0272	36.392	91.087
498.5349	37.560	90.696
498.0426	38.837	90.327
497.5501	40.096	89.974
497.0575	41.477	89.646
496.5648	42.910	89.336
496.0720	44.527	89.036
495.5790	46.276	88.739
495.0860	48.195	88.456
494.5928	50.331	88.157
494.0995	52.669	87.865
493.6062	55.351	87.548
493.1127	58.354	87.171
492.6190	61.587	86.696
492.1253	65.296	86.055
491.6315	69.674	85.074
491.1375	74.744	83.349
490.6435	80.268	79.520
490.1493	86.044	63.791
489.6550	86.974	304.191
489.1606	81.589	281.230
488.6661	75.963	276.327
488.1714	70.779	274.291
487.6767	65.908	273.134
487.1818	61.618	272.367
486.6869	58.012	271.804
486.1918	54.900	271.335
485.6966	52.017	270.916
485.2013	49.433	270.485
484.7058	47.145	270.074
484.2103	45.100	269.651
483.7146	43.307	269.198
483.2189	41.624	268.710
482.7230	40.174	268.210
482.2270	38.752	267.673
481.7309	37.396	267.095
481.2346	36.120	266.468
480.7383	34.956	265.825
480.2419	33.875	265.176
479.7453	32.853	264.464
479.2486	31.906	263.766
478.7518	30.960	263.037
478.2549	30.014	262.243
477.7579	29.128	261.436
477.2608	28.235	260.595
476.7635	27.335	259.653
476.2662	26.451	258.719
475.7687	25.608	257.786
475.2711	24.729	256.809
474.7734	23.891	255.807
474.2756	23.053	254.804
473.7776	22.140	253.637
473.2796	21.170	252.248
472.7814	20.205	250.781
472.2831	19.218	249.132
471.7848	18.129	247.042
471.2863	17.048	244.856
470.7876	15.918	242.167
470.2889	14.763	238.980
469.7900	13.638	235.135
469.2911	12.485	230.265
468.7920	11.367	224.157
468.2928	10.388	216.765
467.7935	9.570	207.941
467.2941	8.941	197.185
466.7945	8.646	185.516
466.2949	8.675	173.494
465.7951	9.051	161.782
465.2952	9.735	151.521
464.7952	10.654	143.148
464.2951	11.685	136.569
463.7949	12.818	131.056
463.2946	14.008	126.662
462.7941	15.226	122.952
462.2935	16.461	119.830
461.7928	17.697	117.288
461.2921	18.878	115.167
460.7911	20.015	113.337
460.2901	21.131	111.658
459.7889	22.210	110.021
459.2877	23.226	108.499
458.7863	24.238	106.917
458.2848	25.199	105.403
457.7832	26.152	103.869
457.2815	27.111	102.401
456.7796	28.043	100.973
456.2777	28.923	99.629
455.7756	29.809	98.353
455.2734	30.731	97.139
454.7711	31.676	95.992
454.2687	32.665	94.977
453.7662	33.742	94.532
453.2635	34.878	94.134
452.7608	36.093	93.804
452.2579	37.312	93.537
451.7549	38.565	93.333
451.2518	39.970	93.203
450.7485	41.442	93.141
450.2452	43.123	93.102
449.7417	44.958	93.128
449.2382	47.002	93.233
448.7345	49.245	93.405
448.2307	51.852	93.703
447.7267	54.569	94.175
447.2227	58.009	94.913
446.7186	61.916	96.062
446.2143	66.709	97.965
445.7099	72.544	101.687
445.2054	79.018	110.625
444.7008	84.927	146.934
444.1960	83.002	229.016
443.6912	75.991	249.308
443.1862	69.131	255.433
442.6812	63.071	258.017
442.1759	58.358	259.194
441.6706	54.694	259.654
441.1652	51.516	259.711
440.6596	48.594	259.472
440.1540	45.751	258.962
439.6482	45.751	258.962

