#Lam(nm)  R%(0-100)  T%(0-100)
300.000  37.981  0.000  
301.504  37.213  0.001  
303.008  36.439  0.001  
304.511  35.661  0.001  
306.015  34.874  0.001  
307.519  34.081  0.002  
309.023  33.283  0.002  
310.526  32.480  0.003  
312.030  31.671  0.003  
313.534  30.858  0.004  
315.038  30.041  0.005  
316.541  29.221  0.006  
318.045  28.377  0.008  
319.549  26.864  0.011  
321.053  25.347  0.016  
322.556  23.827  0.022  
324.060  22.309  0.031  
325.564  20.795  0.044  
327.068  19.288  0.061  
328.571  17.794  0.086  
330.075  16.311  0.119  
331.579  14.845  0.165  
333.083  13.397  0.227  
334.586  11.973  0.312  
336.090  10.574  0.429  
337.594  9.207  0.587  
339.098  7.876  0.801  
340.602  6.584  1.093  
342.105  5.346  1.491  
343.609  4.179  2.033  
345.113  3.703  2.320  
346.617  3.455  2.486  
348.120  3.212  2.665  
349.624  2.974  2.857  
351.128  2.744  3.062  
352.632  2.520  3.280  
354.135  2.304  3.513  
355.639  2.096  3.760  
357.143  1.898  4.030  
358.647  1.711  4.317  
360.150  1.533  4.623  
361.654  1.367  4.948  
363.158  1.217  5.316  
364.662  1.090  5.765  
366.165  0.979  6.249  
367.669  0.883  6.770  
369.173  0.804  7.330  
370.677  0.745  7.949  
372.180  0.706  8.637  
373.684  0.687  9.378  
375.188  0.688  10.176  
376.692  0.712  11.034  
378.195  0.759  11.954  
379.699  0.832  12.941  
381.203  0.934  14.038  
382.707  1.074  15.317  
384.211  1.243  16.699  
385.714  1.446  18.236  
387.218  1.669  20.286  
388.722  1.919  22.476  
390.226  2.197  24.774  
391.729  2.497  27.311  
393.233  2.751  29.750  
394.737  2.988  32.243  
396.241  3.210  34.837  
397.744  3.413  37.474  
399.248  3.634  40.250  
400.752  3.833  42.381  
402.256  4.006  43.768  
403.759  4.135  44.966  
405.263  4.254  46.172  
406.767  4.370  47.359  
408.271  4.485  48.581  
409.774  4.540  49.510  
411.278  4.563  50.348  
412.782  4.575  51.181  
414.286  4.569  52.006  
415.789  4.545  52.855  
417.293  4.482  53.712  
418.797  4.422  54.527  
420.301  4.276  55.435  
421.805  4.110  56.389  
423.308  3.872  57.509  
424.812  3.628  58.666  
426.316  3.357  59.732  
427.820  3.105  60.802  
429.323  2.917  61.838  
430.827  2.747  62.878  
432.331  2.632  63.826  
433.835  2.535  64.759  
435.338  2.523  65.488  
436.842  2.518  66.207  
438.346  2.534  66.883  
439.850  2.554  67.547  
441.353  2.586  68.183  
442.857  2.624  68.783  
444.361  2.661  69.390  
445.865  2.691  69.955  
447.368  2.702  70.471  
448.872  2.715  70.990  
450.376  2.722  71.520  
451.880  2.729  72.027  
453.383  2.736  72.521  
454.887  2.744  73.016  
456.391  2.752  73.507  
457.895  2.793  73.779  
459.398  2.836  74.037  
460.902  2.876  74.292  
462.406  2.917  74.556  
463.910  2.954  74.813  
465.414  2.990  75.059  
466.917  3.023  75.331  
468.421  3.047  75.591  
469.925  3.062  75.874  
471.429  3.075  76.164  
472.932  3.087  76.427  
474.436  3.096  76.722  
475.940  3.103  77.017  
477.444  3.108  77.312  
478.947  3.111  77.576  
480.451  3.126  77.926  
481.955  3.136  78.254  
483.459  3.143  78.580  
484.962  3.149  78.909  
486.466  3.153  79.263  
487.970  3.154  79.595  
489.474  3.152  79.938  
490.977  3.148  80.280  
492.481  3.139  80.612  
493.985  3.140  80.929  
495.489  3.146  81.237  
496.992  3.147  81.573  
498.496  3.145  81.871  
500.000  3.141  82.196  
501.504  3.133  82.497  
503.008  3.124  82.797  
504.511  3.113  83.099  
506.015  3.098  83.402  
507.519  3.080  83.707  
509.023  3.062  84.010  
510.526  3.039  84.318  
512.030  3.033  84.440  
513.534  3.028  84.522  
515.038  3.023  84.605  
516.541  3.017  84.688  
518.045  3.008  84.772  
519.549  2.997  84.856  
521.053  2.986  84.941  
522.556  2.975  85.026  
524.060  2.961  85.113  
525.564  2.947  85.199  
527.068  2.931  85.285  
528.571  2.913  85.376  
530.075  2.898  85.484  
531.579  2.882  85.593  
533.083  2.865  85.702  
534.586  2.845  85.814  
536.090  2.822  85.925  
537.594  2.798  86.038  
539.098  2.774  86.150  
540.602  2.755  86.261  
542.105  2.732  86.374  
543.609  2.711  86.485  
545.113  2.684  86.598  
546.617  2.655  86.712  
548.120  2.626  86.826  
549.624  2.597  86.941  
551.128  2.566  87.055  
552.632  2.533  87.185  
554.135  2.495  87.355  
555.639  2.458  87.525  
557.143  2.420  87.693  
558.647  2.383  87.862  
560.150  2.345  88.031  
561.654  2.307  88.198  
563.158  2.269  88.366  
564.662  2.231  88.533  
566.165  2.194  88.700  
567.669  2.157  88.859  
569.173  2.131  88.936  
570.677  2.103  89.015  
572.180  2.077  89.091  
573.684  2.048  89.170  
575.188  2.017  89.249  
576.692  1.985  89.329  
578.195  1.953  89.409  
579.699  1.921  89.489  
581.203  1.890  89.567  
582.707  1.857  89.647  
584.211  1.824  89.727  
585.714  1.791  89.805  
587.218  1.760  89.859  
588.722  1.730  89.912  
590.226  1.697  89.967  
591.729  1.667  90.021  
593.233  1.639  90.073  
594.737  1.609  90.127  
596.241  1.577  90.181  
597.744  1.546  90.235  
599.248  1.513  90.290  
600.752  1.479  90.345  
602.256  1.447  90.398  
603.759  1.415  90.452  
605.263  1.382  90.507  
606.767  1.350  90.560  
608.271  1.318  90.614  
609.774  1.289  90.666  
611.278  1.260  90.719  
612.782  1.229  90.772  
614.286  1.193  90.894  
615.789  1.152  91.025  
617.293  1.113  91.154  
618.797  1.073  91.284  
620.301  1.034  91.412  
621.805  0.999  91.539  
623.308  0.964  91.666  
624.812  0.930  91.791  
626.316  0.895  91.917  
627.820  0.861  92.041  
629.323  0.827  92.165  
630.827  0.794  92.288  
632.331  0.761  92.410  
633.835  0.730  92.531  
635.338  0.699  92.652  
636.842  0.669  92.772  
638.346  0.640  92.890  
639.850  0.609  93.009  
641.353  0.580  93.126  
642.857  0.550  93.243  
644.361  0.510  93.553  
645.865  0.471  93.870  
647.368  0.433  94.188  
648.872  0.397  94.503  
650.376  0.362  94.817  
651.880  0.329  95.130  
653.383  0.298  95.442  
654.887  0.268  95.752  
656.391  0.241  96.061  
657.895  0.215  96.369  
659.398  0.189  96.693  
660.902  0.164  97.074  
662.406  0.141  97.453  
663.910  0.120  97.831  
665.414  0.102  98.206  
666.917  0.085  98.581  
668.421  0.071  98.954  
669.925  0.058  99.325  
671.429  0.048  99.613  
672.932  0.042  99.634  
674.436  0.037  99.654  
675.940  0.032  99.674  
677.444  0.027  99.693  
678.947  0.023  99.712  
680.451  0.020  99.730  
681.955  0.017  99.748  
683.459  0.014  99.765  
684.962  0.012  99.782  
686.466  0.010  99.798  
687.970  0.009  99.814  
689.474  0.008  99.829  
690.977  0.011  99.828  
692.481  0.015  99.825  
693.985  0.017  99.823  
695.489  0.019  99.822  
696.992  0.021  99.820  
698.496  0.024  99.818  
700.000  0.026  99.816  
701.504  0.028  99.815  
703.008  0.030  99.814  
704.511  0.032  99.812  
706.015  0.035  99.809  
707.519  0.038  99.807  
709.023  0.042  99.804  
710.526  0.045  99.801  
712.030  0.049  99.797  
713.534  0.053  99.794  
715.038  0.057  99.790  
716.541  0.062  99.786  
718.045  0.066  99.782  
719.549  0.071  99.777  
721.053  0.077  99.772  
722.556  0.083  99.768  
724.060  0.089  99.763  
725.564  0.095  99.757  
727.068  0.102  99.751  
728.571  0.109  99.745  
730.075  0.116  99.739  
731.579  0.123  99.733  
733.083  0.131  99.725  
734.586  0.139  99.718  
736.090  0.147  99.710  
737.594  0.155  99.702  
739.098  0.164  99.694  
740.602  0.174  99.684  
742.105  0.184  99.675  
743.609  0.194  99.665  
745.113  0.205  99.655  
746.617  0.215  99.644  
748.120  0.226  99.634  
749.624  0.238  99.623  
751.128  0.249  99.612  
752.632  0.261  99.601  
754.135  0.273  99.589  
755.639  0.285  99.577  
757.143  0.298  99.566  
758.647  0.312  99.553  
760.150  0.325  99.540  
761.654  0.339  99.527  
763.158  0.353  99.514  
764.662  0.368  99.500  
766.165  0.383  99.486  
767.669  0.398  99.471  
769.173  0.413  99.456  
770.677  0.428  99.441  
772.180  0.444  99.426  
773.684  0.460  99.409  
775.188  0.477  99.393  
776.692  0.494  99.376  
778.195  0.511  99.360  
779.699  0.529  99.342  
781.203  0.546  99.325  
782.707  0.564  99.308  
784.211  0.581  99.292  
785.714  0.599  99.274  
787.218  0.617  99.258  
788.722  0.636  99.240  
790.226  0.654  99.222  
791.729  0.674  99.204  
793.233  0.694  99.184  
794.737  0.714  99.163  
796.241  0.735  99.144  
797.744  0.756  99.123  
799.248  0.776  99.103  
800.752  0.796  99.083  
802.256  0.818  99.062  
803.759  0.838  99.041  
805.263  0.860  99.020  
806.767  0.881  98.999  
808.271  0.904  98.976  
809.774  0.926  98.954  
811.278  0.949  98.932  
812.782  0.972  98.909  
814.286  0.995  98.886  
815.789  1.019  98.863  
817.293  1.042  98.840  
818.797  1.066  98.817  
820.301  1.089  98.794  
821.805  1.113  98.771  
823.308  1.138  98.747  
824.812  1.162  98.724  
826.316  1.187  98.699  
827.820  1.213  98.674  
829.323  1.240  98.648  
830.827  1.268  98.621  
832.331  1.295  98.594  
833.835  1.323  98.566  
835.338  1.351  98.538  
836.842  1.379  98.510  
838.346  1.409  98.481  
839.850  1.438  98.452  
841.353  1.467  98.423  
842.857  1.499  98.392  
844.361  1.530  98.361  
845.865  1.562  98.329  
847.368  1.594  98.298  
848.872  1.626  98.266  
850.376  1.660  98.232  
851.880  1.692  98.200  
853.383  1.726  98.167  
854.887  1.760  98.133  
856.391  1.794  98.100  
857.895  1.829  98.065  
859.398  1.864  98.031  
860.902  1.899  97.997  
862.406  1.936  97.961  
863.910  1.971  97.926  
865.414  2.008  97.890  
866.917  2.045  97.853  
868.421  2.081  97.818  
869.925  2.117  97.782  
871.429  2.156  97.743  
872.932  2.192  97.707  
874.436  2.231  97.669  
875.940  2.270  97.630  
877.444  2.310  97.590  
878.947  2.351  97.549  
880.451  2.394  97.507  
881.955  2.436  97.465  
883.459  2.478  97.423  
884.962  2.520  97.381  
886.466  2.561  97.341  
887.970  2.601  97.301  
889.474  2.644  97.259  
890.977  2.684  97.219  
892.481  2.726  97.178  
893.985  2.768  97.136  
895.489  2.810  97.095  
896.992  2.851  97.054  
898.496  2.894  97.012  
900.000  2.936  96.971  
