#Lam(nm)  R%(0-100)  T%(0-100)
300.000  37.999  0.000  
301.504  37.234  0.000  
303.008  36.462  0.000  
304.511  35.688  0.000  
306.015  34.905  0.001  
307.519  34.117  0.001  
309.023  33.324  0.001  
310.526  32.526  0.001  
312.030  31.723  0.001  
313.534  30.917  0.002  
315.038  30.108  0.002  
316.541  29.296  0.003  
318.045  28.462  0.004  
319.549  26.967  0.005  
321.053  25.472  0.008  
322.556  23.979  0.011  
324.060  22.492  0.017  
325.564  21.015  0.024  
327.068  19.553  0.035  
328.571  18.110  0.050  
330.075  16.687  0.072  
331.579  15.291  0.103  
333.083  13.925  0.147  
334.586  12.597  0.208  
336.090  11.311  0.293  
337.594  10.077  0.412  
339.098  8.909  0.578  
340.602  7.821  0.807  
342.105  6.843  1.126  
343.609  6.023  1.567  
345.113  5.656  1.801  
346.617  5.403  1.937  
348.120  5.150  2.084  
349.624  4.894  2.242  
351.128  4.643  2.412  
352.632  4.392  2.593  
354.135  4.144  2.788  
355.639  3.899  2.996  
357.143  3.653  3.223  
358.647  3.412  3.468  
360.150  3.174  3.729  
361.654  2.941  4.010  
363.158  2.714  4.329  
364.662  2.485  4.720  
366.165  2.262  5.145  
367.669  2.047  5.608  
369.173  1.840  6.110  
370.677  1.646  6.671  
372.180  1.465  7.302  
373.684  1.296  7.989  
375.188  1.137  8.740  
376.692  0.991  9.558  
378.195  0.861  10.449  
379.699  0.745  11.419  
381.203  0.644  12.512  
382.707  0.554  13.802  
384.211  0.484  15.220  
385.714  0.431  16.822  
387.218  0.373  18.965  
388.722  0.318  21.294  
390.226  0.264  23.776  
391.729  0.228  26.550  
393.233  0.224  29.266  
394.737  0.233  32.076  
396.241  0.260  35.030  
397.744  0.294  38.065  
399.248  0.338  41.290  
400.752  0.338  43.744  
402.256  0.313  45.280  
403.759  0.307  46.595  
405.263  0.326  47.908  
406.767  0.367  49.187  
408.271  0.432  50.496  
409.774  0.496  51.468  
411.278  0.564  52.325  
412.782  0.642  53.164  
414.286  0.727  53.978  
415.789  0.818  54.804  
417.293  0.907  55.613  
418.797  0.998  56.378  
420.301  1.060  57.198  
421.805  1.113  58.056  
423.308  1.117  59.063  
424.812  1.109  60.107  
426.316  1.041  61.071  
427.820  0.970  62.049  
429.323  0.905  63.025  
430.827  0.841  64.018  
432.331  0.795  64.936  
433.835  0.753  65.850  
435.338  0.743  66.591  
436.842  0.736  67.325  
438.346  0.747  68.020  
439.850  0.761  68.704  
441.353  0.788  69.359  
442.857  0.820  69.975  
444.361  0.858  70.596  
445.865  0.894  71.171  
447.368  0.922  71.685  
448.872  0.952  72.203  
450.376  0.981  72.730  
451.880  1.011  73.231  
453.383  1.044  73.717  
454.887  1.078  74.203  
456.391  1.112  74.685  
457.895  1.163  74.958  
459.398  1.218  75.214  
460.902  1.273  75.464  
462.406  1.331  75.724  
463.910  1.388  75.973  
465.414  1.446  76.208  
466.917  1.503  76.471  
468.421  1.554  76.715  
469.925  1.600  76.981  
471.429  1.646  77.252  
472.932  1.693  77.492  
474.436  1.735  77.768  
475.940  1.775  78.043  
477.444  1.815  78.317  
478.947  1.856  78.555  
480.451  1.911  78.881  
481.955  1.962  79.181  
483.459  2.013  79.477  
484.962  2.061  79.777  
486.466  2.108  80.104  
487.970  2.152  80.405  
489.474  2.194  80.717  
490.977  2.234  81.028  
492.481  2.271  81.327  
493.985  2.319  81.608  
495.489  2.372  81.880  
496.992  2.421  82.183  
498.496  2.467  82.441  
500.000  2.512  82.730  
501.504  2.553  82.991  
503.008  2.593  83.252  
504.511  2.630  83.513  
506.015  2.664  83.776  
507.519  2.695  84.039  
509.023  2.725  84.302  
510.526  2.750  84.569  
512.030  2.784  84.657  
513.534  2.816  84.708  
515.038  2.847  84.758  
516.541  2.877  84.809  
518.045  2.904  84.862  
519.549  2.930  84.916  
521.053  2.954  84.969  
522.556  2.978  85.024  
524.060  2.998  85.080  
525.564  3.018  85.136  
527.068  3.037  85.192  
528.571  3.053  85.253  
530.075  3.076  85.328  
531.579  3.097  85.403  
533.083  3.117  85.479  
534.586  3.134  85.558  
536.090  3.147  85.638  
537.594  3.158  85.719  
539.098  3.168  85.801  
540.602  3.183  85.881  
542.105  3.194  85.964  
543.609  3.205  86.046  
545.113  3.210  86.130  
546.617  3.213  86.216  
548.120  3.215  86.302  
549.624  3.215  86.389  
551.128  3.214  86.477  
552.632  3.209  86.581  
554.135  3.197  86.727  
555.639  3.184  86.873  
557.143  3.171  87.019  
558.647  3.157  87.165  
560.150  3.141  87.312  
561.654  3.126  87.459  
563.158  3.109  87.606  
564.662  3.091  87.754  
566.165  3.074  87.901  
567.669  3.057  88.041  
569.173  3.055  88.096  
570.677  3.050  88.153  
572.180  3.047  88.209  
573.684  3.041  88.266  
575.188  3.030  88.327  
576.692  3.018  88.388  
578.195  3.005  88.449  
579.699  2.991  88.512  
581.203  2.978  88.573  
582.707  2.963  88.637  
584.211  2.946  88.701  
585.714  2.928  88.765  
587.218  2.915  88.802  
588.722  2.903  88.838  
590.226  2.888  88.878  
591.729  2.874  88.916  
593.233  2.862  88.953  
594.737  2.848  88.992  
596.241  2.831  89.033  
597.744  2.812  89.074  
599.248  2.791  89.117  
600.752  2.768  89.162  
602.256  2.748  89.205  
603.759  2.725  89.250  
605.263  2.702  89.295  
606.767  2.679  89.340  
608.271  2.656  89.386  
609.774  2.636  89.429  
611.278  2.614  89.474  
612.782  2.591  89.520  
614.286  2.559  89.637  
615.789  2.518  89.767  
617.293  2.479  89.895  
618.797  2.437  90.025  
620.301  2.397  90.154  
621.805  2.361  90.280  
623.308  2.324  90.407  
624.812  2.288  90.533  
626.316  2.250  90.660  
627.820  2.213  90.786  
629.323  2.174  90.913  
630.827  2.135  91.040  
632.331  2.096  91.167  
633.835  2.059  91.293  
635.338  2.021  91.419  
636.842  1.983  91.544  
638.346  1.946  91.669  
639.850  1.906  91.796  
641.353  1.865  91.922  
642.857  1.824  92.049  
644.361  1.761  92.376  
645.865  1.698  92.713  
647.368  1.635  93.050  
648.872  1.574  93.386  
650.376  1.513  93.722  
651.880  1.453  94.058  
653.383  1.395  94.392  
654.887  1.338  94.726  
656.391  1.283  95.058  
657.895  1.229  95.389  
659.398  1.172  95.741  
660.902  1.113  96.152  
662.406  1.053  96.563  
663.910  0.996  96.973  
665.414  0.941  97.381  
666.917  0.889  97.788  
668.421  0.838  98.194  
669.925  0.789  98.598  
671.429  0.748  98.916  
672.932  0.725  98.953  
674.436  0.705  98.988  
675.940  0.685  99.022  
677.444  0.666  99.057  
678.947  0.647  99.090  
680.451  0.628  99.124  
681.955  0.609  99.157  
683.459  0.590  99.191  
684.962  0.571  99.224  
686.466  0.552  99.257  
687.970  0.534  99.289  
689.474  0.515  99.322  
690.977  0.508  99.332  
692.481  0.500  99.340  
693.985  0.487  99.353  
695.489  0.475  99.367  
696.992  0.464  99.377  
698.496  0.457  99.385  
700.000  0.450  99.393  
701.504  0.441  99.402  
703.008  0.432  99.412  
704.511  0.423  99.422  
706.015  0.412  99.433  
707.519  0.401  99.444  
709.023  0.389  99.457  
710.526  0.378  99.468  
712.030  0.367  99.480  
713.534  0.355  99.492  
715.038  0.344  99.503  
716.541  0.334  99.514  
718.045  0.324  99.524  
719.549  0.314  99.535  
721.053  0.304  99.545  
722.556  0.294  99.557  
724.060  0.284  99.568  
725.564  0.274  99.579  
727.068  0.264  99.590  
728.571  0.254  99.600  
730.075  0.245  99.610  
731.579  0.237  99.619  
733.083  0.229  99.628  
734.586  0.221  99.636  
736.090  0.213  99.644  
737.594  0.205  99.652  
739.098  0.198  99.660  
740.602  0.190  99.668  
742.105  0.182  99.676  
743.609  0.175  99.684  
745.113  0.168  99.691  
746.617  0.162  99.698  
748.120  0.156  99.704  
749.624  0.151  99.709  
751.128  0.146  99.714  
752.632  0.142  99.719  
754.135  0.137  99.724  
755.639  0.132  99.730  
757.143  0.128  99.736  
758.647  0.123  99.741  
760.150  0.119  99.746  
761.654  0.115  99.751  
763.158  0.112  99.755  
764.662  0.108  99.759  
766.165  0.106  99.762  
767.669  0.103  99.765  
769.173  0.101  99.767  
770.677  0.099  99.770  
772.180  0.098  99.771  
773.684  0.096  99.773  
775.188  0.095  99.775  
776.692  0.094  99.776  
778.195  0.094  99.777  
779.699  0.093  99.777  
781.203  0.094  99.777  
782.707  0.094  99.777  
784.211  0.096  99.777  
785.714  0.097  99.776  
787.218  0.099  99.775  
788.722  0.101  99.774  
790.226  0.103  99.772  
791.729  0.106  99.771  
793.233  0.108  99.769  
794.737  0.111  99.766  
796.241  0.114  99.764  
797.744  0.117  99.761  
799.248  0.121  99.757  
800.752  0.125  99.754  
802.256  0.129  99.750  
803.759  0.133  99.745  
805.263  0.138  99.741  
806.767  0.143  99.736  
808.271  0.149  99.731  
809.774  0.155  99.725  
811.278  0.160  99.720  
812.782  0.167  99.714  
814.286  0.173  99.707  
815.789  0.180  99.700  
817.293  0.187  99.694  
818.797  0.194  99.687  
820.301  0.202  99.680  
821.805  0.210  99.673  
823.308  0.218  99.666  
824.812  0.226  99.658  
826.316  0.235  99.650  
827.820  0.243  99.642  
829.323  0.252  99.635  
830.827  0.261  99.626  
832.331  0.270  99.617  
833.835  0.280  99.608  
835.338  0.290  99.598  
836.842  0.300  99.588  
838.346  0.311  99.577  
839.850  0.322  99.567  
841.353  0.333  99.556  
842.857  0.346  99.543  
844.361  0.358  99.532  
845.865  0.371  99.519  
847.368  0.384  99.506  
848.872  0.397  99.493  
850.376  0.412  99.479  
851.880  0.426  99.465  
853.383  0.441  99.450  
854.887  0.456  99.436  
856.391  0.472  99.421  
857.895  0.488  99.405  
859.398  0.504  99.389  
860.902  0.521  99.374  
862.406  0.539  99.356  
863.910  0.556  99.340  
865.414  0.574  99.322  
866.917  0.592  99.304  
868.421  0.611  99.286  
869.925  0.629  99.268  
871.429  0.650  99.248  
872.932  0.669  99.229  
874.436  0.689  99.209  
875.940  0.710  99.188  
877.444  0.732  99.167  
878.947  0.754  99.145  
880.451  0.777  99.121  
881.955  0.800  99.099  
883.459  0.824  99.075  
884.962  0.848  99.052  
886.466  0.872  99.028  
887.970  0.897  99.003  
889.474  0.924  98.977  
890.977  0.950  98.952  
892.481  0.976  98.926  
893.985  1.003  98.900  
895.489  1.030  98.873  
896.992  1.057  98.847  
898.496  1.085  98.819  
900.000  1.113  98.792  
