# Wavelength(nm) Reflectancia
300.0000	0.3800
301.0000	0.3749
302.0000	0.3698
303.0000	0.3647
304.0000	0.3595
305.0000	0.3543
306.0000	0.3491
307.0000	0.3439
308.0000	0.3386
309.0000	0.3334
310.0000	0.3281
311.0000	0.3227
312.0000	0.3174
313.0000	0.3120
314.0000	0.3067
315.0000	0.3013
316.0000	0.2959
317.0000	0.2905
318.0000	0.2851
319.0000	0.2751
320.0000	0.2652
321.0000	0.2552
322.0000	0.2453
323.0000	0.2354
324.0000	0.2255
325.0000	0.2157
326.0000	0.2059
327.0000	0.1962
328.0000	0.1866
329.0000	0.1770
330.0000	0.1676
331.0000	0.1582
332.0000	0.1490
333.0000	0.1400
334.0000	0.1311
335.0000	0.1224
336.0000	0.1139
337.0000	0.1056
338.0000	0.0976
339.0000	0.0898
340.0000	0.0824
341.0000	0.0755
342.0000	0.0691
343.0000	0.0633
344.0000	0.0584
345.0000	0.0568
346.0000	0.0551
347.0000	0.0534
348.0000	0.0517
349.0000	0.0500
350.0000	0.0483
351.0000	0.0466
352.0000	0.0450
353.0000	0.0433
354.0000	0.0417
355.0000	0.0400
356.0000	0.0384
357.0000	0.0368
358.0000	0.0352
359.0000	0.0336
360.0000	0.0320
361.0000	0.0304
362.0000	0.0289
363.0000	0.0274
364.0000	0.0258
365.0000	0.0243
366.0000	0.0229
367.0000	0.0214
368.0000	0.0200
369.0000	0.0186
370.0000	0.0173
371.0000	0.0161
372.0000	0.0149
373.0000	0.0137
374.0000	0.0126
375.0000	0.0116
376.0000	0.0106
377.0000	0.0096
378.0000	0.0088
379.0000	0.0080
380.0000	0.0072
381.0000	0.0066
382.0000	0.0059
383.0000	0.0054
384.0000	0.0049
385.0000	0.0045
386.0000	0.0042
387.0000	0.0038
388.0000	0.0035
389.0000	0.0031
390.0000	0.0027
391.0000	0.0024
392.0000	0.0022
393.0000	0.0022
394.0000	0.0023
395.0000	0.0024
396.0000	0.0025
397.0000	0.0028
398.0000	0.0030
399.0000	0.0033
400.0000	0.0036
401.0000	0.0033
402.0000	0.0031
403.0000	0.0031
404.0000	0.0031
405.0000	0.0032
406.0000	0.0034
407.0000	0.0038
408.0000	0.0042
409.0000	0.0047
410.0000	0.0051
411.0000	0.0055
412.0000	0.0060
413.0000	0.0065
414.0000	0.0071
415.0000	0.0077
416.0000	0.0083
417.0000	0.0089
418.0000	0.0095
419.0000	0.0101
420.0000	0.0105
421.0000	0.0109
422.0000	0.0111
423.0000	0.0112
424.0000	0.0112
425.0000	0.0110
426.0000	0.0106
427.0000	0.0101
428.0000	0.0096
429.0000	0.0092
430.0000	0.0087
431.0000	0.0084
432.0000	0.0081
433.0000	0.0077
434.0000	0.0075
435.0000	0.0074
436.0000	0.0074
437.0000	0.0074
438.0000	0.0074
439.0000	0.0075
440.0000	0.0076
441.0000	0.0078
442.0000	0.0080
443.0000	0.0082
444.0000	0.0085
445.0000	0.0088
446.0000	0.0090
447.0000	0.0091
448.0000	0.0093
449.0000	0.0095
450.0000	0.0097
451.0000	0.0099
452.0000	0.0101
453.0000	0.0104
454.0000	0.0106
455.0000	0.0108
456.0000	0.0110
457.0000	0.0113
458.0000	0.0117
459.0000	0.0120
460.0000	0.0124
461.0000	0.0128
462.0000	0.0131
463.0000	0.0135
464.0000	0.0139
465.0000	0.0143
466.0000	0.0147
467.0000	0.0151
468.0000	0.0154
469.0000	0.0157
470.0000	0.0160
471.0000	0.0163
472.0000	0.0166
473.0000	0.0170
474.0000	0.0172
475.0000	0.0175
476.0000	0.0178
477.0000	0.0180
478.0000	0.0183
479.0000	0.0186
480.0000	0.0189
481.0000	0.0193
482.0000	0.0196
483.0000	0.0200
484.0000	0.0203
485.0000	0.0206
486.0000	0.0209
487.0000	0.0212
488.0000	0.0215
489.0000	0.0218
490.0000	0.0221
491.0000	0.0223
492.0000	0.0226
493.0000	0.0228
494.0000	0.0232
495.0000	0.0235
496.0000	0.0239
497.0000	0.0242
498.0000	0.0245
499.0000	0.0248
500.0000	0.0251
501.0000	0.0254
502.0000	0.0257
503.0000	0.0259
504.0000	0.0262
505.0000	0.0264
506.0000	0.0266
507.0000	0.0268
508.0000	0.0270
509.0000	0.0272
510.0000	0.0274
511.0000	0.0276
512.0000	0.0278
513.0000	0.0280
514.0000	0.0283
515.0000	0.0285
516.0000	0.0287
517.0000	0.0289
518.0000	0.0290
519.0000	0.0292
520.0000	0.0294
521.0000	0.0295
522.0000	0.0297
523.0000	0.0298
524.0000	0.0300
525.0000	0.0301
526.0000	0.0302
527.0000	0.0304
528.0000	0.0305
529.0000	0.0306
530.0000	0.0307
531.0000	0.0309
532.0000	0.0310
533.0000	0.0312
534.0000	0.0313
535.0000	0.0314
536.0000	0.0315
537.0000	0.0315
538.0000	0.0316
539.0000	0.0317
540.0000	0.0318
541.0000	0.0318
542.0000	0.0319
543.0000	0.0320
544.0000	0.0321
545.0000	0.0321
546.0000	0.0321
547.0000	0.0321
548.0000	0.0321
549.0000	0.0321
550.0000	0.0321
551.0000	0.0321
552.0000	0.0321
553.0000	0.0320
554.0000	0.0320
555.0000	0.0319
556.0000	0.0318
557.0000	0.0317
558.0000	0.0316
559.0000	0.0315
560.0000	0.0314
561.0000	0.0313
562.0000	0.0312
563.0000	0.0311
564.0000	0.0310
565.0000	0.0309
566.0000	0.0308
567.0000	0.0306
568.0000	0.0306
569.0000	0.0306
570.0000	0.0305
571.0000	0.0305
572.0000	0.0305
573.0000	0.0304
574.0000	0.0304
575.0000	0.0303
576.0000	0.0302
577.0000	0.0302
578.0000	0.0301
579.0000	0.0300
580.0000	0.0299
581.0000	0.0298
582.0000	0.0297
583.0000	0.0296
584.0000	0.0295
585.0000	0.0294
586.0000	0.0293
587.0000	0.0292
588.0000	0.0291
589.0000	0.0290
590.0000	0.0289
591.0000	0.0288
592.0000	0.0287
593.0000	0.0286
594.0000	0.0285
595.0000	0.0284
596.0000	0.0283
597.0000	0.0282
598.0000	0.0281
599.0000	0.0279
600.0000	0.0278
601.0000	0.0277
602.0000	0.0275
603.0000	0.0274
604.0000	0.0272
605.0000	0.0271
606.0000	0.0269
607.0000	0.0268
608.0000	0.0266
609.0000	0.0265
610.0000	0.0263
611.0000	0.0262
612.0000	0.0260
613.0000	0.0259
614.0000	0.0257
615.0000	0.0254
616.0000	0.0251
617.0000	0.0249
618.0000	0.0246
619.0000	0.0243
620.0000	0.0240
621.0000	0.0238
622.0000	0.0236
623.0000	0.0233
624.0000	0.0231
625.0000	0.0228
626.0000	0.0226
627.0000	0.0223
628.0000	0.0221
629.0000	0.0218
630.0000	0.0216
631.0000	0.0213
632.0000	0.0210
633.0000	0.0208
634.0000	0.0205
635.0000	0.0203
636.0000	0.0200
637.0000	0.0198
638.0000	0.0195
639.0000	0.0193
640.0000	0.0190
641.0000	0.0187
642.0000	0.0185
643.0000	0.0182
644.0000	0.0178
645.0000	0.0173
646.0000	0.0169
647.0000	0.0165
648.0000	0.0161
649.0000	0.0157
650.0000	0.0153
651.0000	0.0149
652.0000	0.0145
653.0000	0.0141
654.0000	0.0137
655.0000	0.0133
656.0000	0.0130
657.0000	0.0126
658.0000	0.0122
659.0000	0.0119
660.0000	0.0115
661.0000	0.0111
662.0000	0.0107
663.0000	0.0103
664.0000	0.0099
665.0000	0.0096
666.0000	0.0092
667.0000	0.0089
668.0000	0.0085
669.0000	0.0082
670.0000	0.0079
671.0000	0.0076
672.0000	0.0074
673.0000	0.0072
674.0000	0.0071
675.0000	0.0070
676.0000	0.0068
677.0000	0.0067
678.0000	0.0066
679.0000	0.0065
680.0000	0.0063
681.0000	0.0062
682.0000	0.0061
683.0000	0.0060
684.0000	0.0058
685.0000	0.0057
686.0000	0.0056
687.0000	0.0055
688.0000	0.0053
689.0000	0.0052
690.0000	0.0051
691.0000	0.0051
692.0000	0.0050
693.0000	0.0050
694.0000	0.0049
695.0000	0.0048
696.0000	0.0047
697.0000	0.0046
698.0000	0.0046
699.0000	0.0045
700.0000	0.0045
701.0000	0.0044
702.0000	0.0044
703.0000	0.0043
704.0000	0.0043
705.0000	0.0042
706.0000	0.0041
707.0000	0.0041
708.0000	0.0040
709.0000	0.0039
710.0000	0.0038
711.0000	0.0037
712.0000	0.0037
713.0000	0.0036
714.0000	0.0035
715.0000	0.0034
716.0000	0.0034
717.0000	0.0033
718.0000	0.0032
719.0000	0.0032
720.0000	0.0031
721.0000	0.0030
722.0000	0.0030
723.0000	0.0029
724.0000	0.0028
725.0000	0.0028
726.0000	0.0027
727.0000	0.0026
728.0000	0.0026
729.0000	0.0025
730.0000	0.0025
731.0000	0.0024
732.0000	0.0023
733.0000	0.0023
734.0000	0.0022
735.0000	0.0022
736.0000	0.0021
737.0000	0.0021
738.0000	0.0020
739.0000	0.0020
740.0000	0.0019
741.0000	0.0019
742.0000	0.0018
743.0000	0.0018
744.0000	0.0017
745.0000	0.0017
746.0000	0.0016
747.0000	0.0016
748.0000	0.0016
749.0000	0.0015
750.0000	0.0015
751.0000	0.0015
752.0000	0.0014
753.0000	0.0014
754.0000	0.0014
755.0000	0.0013
756.0000	0.0013
757.0000	0.0013
758.0000	0.0013
759.0000	0.0012
760.0000	0.0012
761.0000	0.0012
762.0000	0.0011
763.0000	0.0011
764.0000	0.0011
765.0000	0.0011
766.0000	0.0011
767.0000	0.0010
768.0000	0.0010
769.0000	0.0010
770.0000	0.0010
771.0000	0.0010
772.0000	0.0010
773.0000	0.0010
774.0000	0.0010
775.0000	0.0010
776.0000	0.0009
777.0000	0.0009
778.0000	0.0009
779.0000	0.0009
780.0000	0.0009
781.0000	0.0009
782.0000	0.0009
783.0000	0.0009
784.0000	0.0010
785.0000	0.0010
786.0000	0.0010
787.0000	0.0010
788.0000	0.0010
789.0000	0.0010
790.0000	0.0010
791.0000	0.0010
792.0000	0.0011
793.0000	0.0011
794.0000	0.0011
795.0000	0.0011
796.0000	0.0011
797.0000	0.0012
798.0000	0.0012
799.0000	0.0012
800.0000	0.0012
801.0000	0.0013
802.0000	0.0013
803.0000	0.0013
804.0000	0.0013
805.0000	0.0014
806.0000	0.0014
807.0000	0.0014
808.0000	0.0015
809.0000	0.0015
810.0000	0.0016
811.0000	0.0016
812.0000	0.0016
813.0000	0.0017
814.0000	0.0017
815.0000	0.0018
816.0000	0.0018
817.0000	0.0019
818.0000	0.0019
819.0000	0.0020
820.0000	0.0020
821.0000	0.0021
822.0000	0.0021
823.0000	0.0022
824.0000	0.0022
825.0000	0.0023
826.0000	0.0023
827.0000	0.0024
828.0000	0.0024
829.0000	0.0025
830.0000	0.0026
831.0000	0.0026
832.0000	0.0027
833.0000	0.0027
834.0000	0.0028
835.0000	0.0029
836.0000	0.0029
837.0000	0.0030
838.0000	0.0031
839.0000	0.0032
840.0000	0.0032
841.0000	0.0033
842.0000	0.0034
843.0000	0.0035
844.0000	0.0036
845.0000	0.0036
846.0000	0.0037
847.0000	0.0038
848.0000	0.0039
849.0000	0.0040
850.0000	0.0041
851.0000	0.0042
852.0000	0.0043
853.0000	0.0044
854.0000	0.0045
855.0000	0.0046
856.0000	0.0047
857.0000	0.0048
858.0000	0.0049
859.0000	0.0050
860.0000	0.0051
861.0000	0.0052
862.0000	0.0053
863.0000	0.0055
864.0000	0.0056
865.0000	0.0057
866.0000	0.0058
867.0000	0.0059
868.0000	0.0061
869.0000	0.0062
870.0000	0.0063
871.0000	0.0064
872.0000	0.0066
873.0000	0.0067
874.0000	0.0068
875.0000	0.0070
876.0000	0.0071
877.0000	0.0073
878.0000	0.0074
879.0000	0.0076
880.0000	0.0077
881.0000	0.0079
882.0000	0.0080
883.0000	0.0082
884.0000	0.0083
885.0000	0.0085
886.0000	0.0086
887.0000	0.0088
888.0000	0.0090
889.0000	0.0092
890.0000	0.0093
891.0000	0.0095
892.0000	0.0097
893.0000	0.0099
894.0000	0.0100
895.0000	0.0102
896.0000	0.0104
897.0000	0.0106
898.0000	0.0108
899.0000	0.0109
900.0000	0.0111
