# Wavelength(nm) Reflectancia
300.0000	0.4885
301.0000	0.4947
302.0000	0.5011
303.0000	0.5076
304.0000	0.5142
305.0000	0.5209
306.0000	0.5277
307.0000	0.5346
308.0000	0.5415
309.0000	0.5486
310.0000	0.5557
311.0000	0.5628
312.0000	0.5700
313.0000	0.5772
314.0000	0.5845
315.0000	0.5918
316.0000	0.5991
317.0000	0.6064
318.0000	0.6136
319.0000	0.6140
320.0000	0.6143
321.0000	0.6153
322.0000	0.6164
323.0000	0.6175
324.0000	0.6187
325.0000	0.6201
326.0000	0.6215
327.0000	0.6230
328.0000	0.6247
329.0000	0.6264
330.0000	0.6283
331.0000	0.6302
332.0000	0.6323
333.0000	0.6346
334.0000	0.6370
335.0000	0.6395
336.0000	0.6422
337.0000	0.6450
338.0000	0.6481
339.0000	0.6513
340.0000	0.6547
341.0000	0.6582
342.0000	0.6620
343.0000	0.6661
344.0000	0.6703
345.0000	0.6707
346.0000	0.6713
347.0000	0.6721
348.0000	0.6731
349.0000	0.6743
350.0000	0.6758
351.0000	0.6776
352.0000	0.6797
353.0000	0.6821
354.0000	0.6850
355.0000	0.6882
356.0000	0.6920
357.0000	0.6961
358.0000	0.7008
359.0000	0.7060
360.0000	0.7118
361.0000	0.7063
362.0000	0.7004
363.0000	0.6941
364.0000	0.6874
365.0000	0.6802
366.0000	0.6722
367.0000	0.6639
368.0000	0.6551
369.0000	0.6459
370.0000	0.6361
371.0000	0.6259
372.0000	0.6151
373.0000	0.6038
374.0000	0.5923
375.0000	0.5805
376.0000	0.5683
377.0000	0.5558
378.0000	0.5427
379.0000	0.5298
380.0000	0.5163
381.0000	0.5028
382.0000	0.4890
383.0000	0.4748
384.0000	0.4606
385.0000	0.4459
386.0000	0.4315
387.0000	0.4167
388.0000	0.4017
389.0000	0.4024
390.0000	0.4030
391.0000	0.4040
392.0000	0.4049
393.0000	0.4059
394.0000	0.4069
395.0000	0.4080
396.0000	0.4093
397.0000	0.4105
398.0000	0.4119
399.0000	0.4135
400.0000	0.4151
401.0000	0.4070
402.0000	0.3990
403.0000	0.3910
404.0000	0.3832
405.0000	0.3754
406.0000	0.3678
407.0000	0.3602
408.0000	0.3526
409.0000	0.3451
410.0000	0.3375
411.0000	0.3300
412.0000	0.3225
413.0000	0.3151
414.0000	0.3079
415.0000	0.3008
416.0000	0.2937
417.0000	0.2867
418.0000	0.2798
419.0000	0.2729
420.0000	0.2660
421.0000	0.2596
422.0000	0.2533
423.0000	0.2471
424.0000	0.2409
425.0000	0.2348
426.0000	0.2290
427.0000	0.2231
428.0000	0.2174
429.0000	0.2117
430.0000	0.2061
431.0000	0.2005
432.0000	0.1951
433.0000	0.1896
434.0000	0.1844
435.0000	0.1793
436.0000	0.1744
437.0000	0.1693
438.0000	0.1641
439.0000	0.1590
440.0000	0.1541
441.0000	0.1497
442.0000	0.1454
443.0000	0.1411
444.0000	0.1368
445.0000	0.1326
446.0000	0.1285
447.0000	0.1246
448.0000	0.1209
449.0000	0.1172
450.0000	0.1133
451.0000	0.1095
452.0000	0.1057
453.0000	0.1021
454.0000	0.0987
455.0000	0.0954
456.0000	0.0922
457.0000	0.0890
458.0000	0.0859
459.0000	0.0828
460.0000	0.0799
461.0000	0.0772
462.0000	0.0746
463.0000	0.0720
464.0000	0.0695
465.0000	0.0671
466.0000	0.0647
467.0000	0.0622
468.0000	0.0596
469.0000	0.0572
470.0000	0.0549
471.0000	0.0527
472.0000	0.0506
473.0000	0.0486
474.0000	0.0463
475.0000	0.0440
476.0000	0.0418
477.0000	0.0396
478.0000	0.0379
479.0000	0.0362
480.0000	0.0346
481.0000	0.0330
482.0000	0.0313
483.0000	0.0296
484.0000	0.0280
485.0000	0.0265
486.0000	0.0251
487.0000	0.0238
488.0000	0.0224
489.0000	0.0212
490.0000	0.0199
491.0000	0.0188
492.0000	0.0176
493.0000	0.0165
494.0000	0.0155
495.0000	0.0144
496.0000	0.0135
497.0000	0.0126
498.0000	0.0117
499.0000	0.0109
500.0000	0.0101
501.0000	0.0093
502.0000	0.0086
503.0000	0.0079
504.0000	0.0073
505.0000	0.0067
506.0000	0.0062
507.0000	0.0057
508.0000	0.0052
509.0000	0.0047
510.0000	0.0042
511.0000	0.0038
512.0000	0.0034
513.0000	0.0030
514.0000	0.0027
515.0000	0.0024
516.0000	0.0021
517.0000	0.0019
518.0000	0.0016
519.0000	0.0014
520.0000	0.0012
521.0000	0.0011
522.0000	0.0009
523.0000	0.0008
524.0000	0.0007
525.0000	0.0007
526.0000	0.0006
527.0000	0.0006
528.0000	0.0006
529.0000	0.0006
530.0000	0.0006
531.0000	0.0007
532.0000	0.0007
533.0000	0.0008
534.0000	0.0009
535.0000	0.0010
536.0000	0.0011
537.0000	0.0013
538.0000	0.0014
539.0000	0.0016
540.0000	0.0018
541.0000	0.0020
542.0000	0.0022
543.0000	0.0025
544.0000	0.0027
545.0000	0.0030
546.0000	0.0032
547.0000	0.0035
548.0000	0.0038
549.0000	0.0041
550.0000	0.0045
551.0000	0.0049
552.0000	0.0052
553.0000	0.0056
554.0000	0.0060
555.0000	0.0064
556.0000	0.0068
557.0000	0.0071
558.0000	0.0075
559.0000	0.0079
560.0000	0.0084
561.0000	0.0088
562.0000	0.0093
563.0000	0.0098
564.0000	0.0102
565.0000	0.0107
566.0000	0.0111
567.0000	0.0116
568.0000	0.0121
569.0000	0.0126
570.0000	0.0131
571.0000	0.0136
572.0000	0.0141
573.0000	0.0147
574.0000	0.0152
575.0000	0.0157
576.0000	0.0163
577.0000	0.0169
578.0000	0.0174
579.0000	0.0180
580.0000	0.0185
581.0000	0.0191
582.0000	0.0196
583.0000	0.0202
584.0000	0.0208
585.0000	0.0213
586.0000	0.0219
587.0000	0.0225
588.0000	0.0231
589.0000	0.0237
590.0000	0.0243
591.0000	0.0249
592.0000	0.0256
593.0000	0.0262
594.0000	0.0268
595.0000	0.0275
596.0000	0.0281
597.0000	0.0288
598.0000	0.0294
599.0000	0.0301
600.0000	0.0307
601.0000	0.0313
602.0000	0.0319
603.0000	0.0325
604.0000	0.0332
605.0000	0.0338
606.0000	0.0344
607.0000	0.0350
608.0000	0.0356
609.0000	0.0362
610.0000	0.0369
611.0000	0.0375
612.0000	0.0381
613.0000	0.0387
614.0000	0.0394
615.0000	0.0400
616.0000	0.0406
617.0000	0.0413
618.0000	0.0419
619.0000	0.0426
620.0000	0.0432
621.0000	0.0438
622.0000	0.0444
623.0000	0.0450
624.0000	0.0457
625.0000	0.0463
626.0000	0.0469
627.0000	0.0475
628.0000	0.0481
629.0000	0.0488
630.0000	0.0494
631.0000	0.0501
632.0000	0.0507
633.0000	0.0513
634.0000	0.0520
635.0000	0.0526
636.0000	0.0532
637.0000	0.0538
638.0000	0.0544
639.0000	0.0551
640.0000	0.0557
641.0000	0.0563
642.0000	0.0570
643.0000	0.0576
644.0000	0.0582
645.0000	0.0589
646.0000	0.0595
647.0000	0.0602
648.0000	0.0608
649.0000	0.0615
650.0000	0.0621
651.0000	0.0628
652.0000	0.0634
653.0000	0.0640
654.0000	0.0647
655.0000	0.0653
656.0000	0.0660
657.0000	0.0666
658.0000	0.0672
659.0000	0.0679
660.0000	0.0685
661.0000	0.0691
662.0000	0.0697
663.0000	0.0703
664.0000	0.0710
665.0000	0.0716
666.0000	0.0722
667.0000	0.0728
668.0000	0.0734
669.0000	0.0740
670.0000	0.0746
671.0000	0.0752
672.0000	0.0758
673.0000	0.0764
674.0000	0.0770
675.0000	0.0776
676.0000	0.0782
677.0000	0.0788
678.0000	0.0794
679.0000	0.0800
680.0000	0.0806
681.0000	0.0812
682.0000	0.0818
683.0000	0.0824
684.0000	0.0830
685.0000	0.0836
686.0000	0.0842
687.0000	0.0848
688.0000	0.0854
689.0000	0.0859
690.0000	0.0865
691.0000	0.0871
692.0000	0.0877
693.0000	0.0883
694.0000	0.0889
695.0000	0.0894
696.0000	0.0900
697.0000	0.0906
698.0000	0.0912
699.0000	0.0917
700.0000	0.0923
701.0000	0.0929
702.0000	0.0935
703.0000	0.0941
704.0000	0.0946
705.0000	0.0952
706.0000	0.0958
707.0000	0.0963
708.0000	0.0969
709.0000	0.0974
710.0000	0.0980
711.0000	0.0985
712.0000	0.0991
713.0000	0.0997
714.0000	0.1002
715.0000	0.1008
716.0000	0.1013
717.0000	0.1019
718.0000	0.1025
719.0000	0.1030
720.0000	0.1036
721.0000	0.1041
722.0000	0.1046
723.0000	0.1051
724.0000	0.1056
725.0000	0.1061
726.0000	0.1066
727.0000	0.1071
728.0000	0.1076
729.0000	0.1080
730.0000	0.1085
731.0000	0.1090
732.0000	0.1095
733.0000	0.1100
734.0000	0.1105
735.0000	0.1110
736.0000	0.1115
737.0000	0.1120
738.0000	0.1125
739.0000	0.1129
740.0000	0.1134
741.0000	0.1139
742.0000	0.1144
743.0000	0.1149
744.0000	0.1154
745.0000	0.1159
746.0000	0.1164
747.0000	0.1168
748.0000	0.1173
749.0000	0.1178
750.0000	0.1183
751.0000	0.1188
752.0000	0.1192
753.0000	0.1197
754.0000	0.1202
755.0000	0.1207
756.0000	0.1211
757.0000	0.1216
758.0000	0.1221
759.0000	0.1226
760.0000	0.1231
761.0000	0.1236
762.0000	0.1241
763.0000	0.1246
764.0000	0.1251
765.0000	0.1256
766.0000	0.1260
767.0000	0.1265
768.0000	0.1270
769.0000	0.1275
770.0000	0.1280
771.0000	0.1285
772.0000	0.1289
773.0000	0.1294
774.0000	0.1299
775.0000	0.1304
776.0000	0.1308
777.0000	0.1313
778.0000	0.1317
779.0000	0.1322
780.0000	0.1327
781.0000	0.1331
782.0000	0.1335
783.0000	0.1339
784.0000	0.1343
785.0000	0.1347
786.0000	0.1351
787.0000	0.1355
788.0000	0.1359
789.0000	0.1363
790.0000	0.1367
791.0000	0.1372
792.0000	0.1376
793.0000	0.1380
794.0000	0.1384
795.0000	0.1387
796.0000	0.1391
797.0000	0.1395
798.0000	0.1399
799.0000	0.1403
800.0000	0.1407
801.0000	0.1411
802.0000	0.1414
803.0000	0.1418
804.0000	0.1422
805.0000	0.1425
806.0000	0.1429
807.0000	0.1433
808.0000	0.1436
809.0000	0.1440
810.0000	0.1444
811.0000	0.1447
812.0000	0.1451
813.0000	0.1455
814.0000	0.1458
815.0000	0.1462
816.0000	0.1465
817.0000	0.1469
818.0000	0.1472
819.0000	0.1475
820.0000	0.1478
821.0000	0.1482
822.0000	0.1486
823.0000	0.1490
824.0000	0.1494
825.0000	0.1497
826.0000	0.1501
827.0000	0.1505
828.0000	0.1509
829.0000	0.1513
830.0000	0.1517
831.0000	0.1521
832.0000	0.1526
833.0000	0.1530
834.0000	0.1534
835.0000	0.1538
836.0000	0.1542
837.0000	0.1546
838.0000	0.1550
839.0000	0.1554
840.0000	0.1558
841.0000	0.1561
842.0000	0.1564
843.0000	0.1568
844.0000	0.1571
845.0000	0.1575
846.0000	0.1578
847.0000	0.1581
848.0000	0.1585
849.0000	0.1588
850.0000	0.1591
851.0000	0.1594
852.0000	0.1598
853.0000	0.1601
854.0000	0.1604
855.0000	0.1607
856.0000	0.1611
857.0000	0.1614
858.0000	0.1617
859.0000	0.1620
860.0000	0.1624
861.0000	0.1627
862.0000	0.1631
863.0000	0.1635
864.0000	0.1638
865.0000	0.1642
866.0000	0.1646
867.0000	0.1649
868.0000	0.1653
869.0000	0.1656
870.0000	0.1660
871.0000	0.1664
872.0000	0.1667
873.0000	0.1671
874.0000	0.1674
875.0000	0.1678
876.0000	0.1681
877.0000	0.1685
878.0000	0.1688
879.0000	0.1692
880.0000	0.1695
881.0000	0.1698
882.0000	0.1701
883.0000	0.1704
884.0000	0.1707
885.0000	0.1710
886.0000	0.1713
887.0000	0.1716
888.0000	0.1719
889.0000	0.1721
890.0000	0.1724
891.0000	0.1727
892.0000	0.1730
893.0000	0.1733
894.0000	0.1736
895.0000	0.1738
896.0000	0.1741
897.0000	0.1744
898.0000	0.1747
899.0000	0.1750
900.0000	0.1752
