# Wavelength(nm) Reflectancia
300.0000	0.4925
301.0000	0.4987
302.0000	0.5051
303.0000	0.5115
304.0000	0.5181
305.0000	0.5248
306.0000	0.5316
307.0000	0.5385
308.0000	0.5454
309.0000	0.5524
310.0000	0.5594
311.0000	0.5665
312.0000	0.5737
313.0000	0.5809
314.0000	0.5881
315.0000	0.5953
316.0000	0.6025
317.0000	0.6098
318.0000	0.6170
319.0000	0.6174
320.0000	0.6177
321.0000	0.6188
322.0000	0.6199
323.0000	0.6212
324.0000	0.6225
325.0000	0.6238
326.0000	0.6253
327.0000	0.6269
328.0000	0.6286
329.0000	0.6304
330.0000	0.6323
331.0000	0.6344
332.0000	0.6365
333.0000	0.6388
334.0000	0.6413
335.0000	0.6439
336.0000	0.6466
337.0000	0.6495
338.0000	0.6526
339.0000	0.6559
340.0000	0.6593
341.0000	0.6629
342.0000	0.6668
343.0000	0.6708
344.0000	0.6751
345.0000	0.6757
346.0000	0.6764
347.0000	0.6773
348.0000	0.6784
349.0000	0.6798
350.0000	0.6814
351.0000	0.6833
352.0000	0.6856
353.0000	0.6882
354.0000	0.6912
355.0000	0.6945
356.0000	0.6984
357.0000	0.7027
358.0000	0.7076
359.0000	0.7129
360.0000	0.7188
361.0000	0.7136
362.0000	0.7080
363.0000	0.7021
364.0000	0.6956
365.0000	0.6888
366.0000	0.6813
367.0000	0.6734
368.0000	0.6650
369.0000	0.6563
370.0000	0.6469
371.0000	0.6372
372.0000	0.6270
373.0000	0.6162
374.0000	0.6052
375.0000	0.5940
376.0000	0.5823
377.0000	0.5703
378.0000	0.5578
379.0000	0.5454
380.0000	0.5324
381.0000	0.5195
382.0000	0.5062
383.0000	0.4926
384.0000	0.4788
385.0000	0.4646
386.0000	0.4506
387.0000	0.4363
388.0000	0.4218
389.0000	0.4225
390.0000	0.4233
391.0000	0.4243
392.0000	0.4254
393.0000	0.4265
394.0000	0.4277
395.0000	0.4289
396.0000	0.4303
397.0000	0.4316
398.0000	0.4332
399.0000	0.4349
400.0000	0.4366
401.0000	0.4286
402.0000	0.4206
403.0000	0.4128
404.0000	0.4051
405.0000	0.3974
406.0000	0.3898
407.0000	0.3823
408.0000	0.3747
409.0000	0.3672
410.0000	0.3596
411.0000	0.3522
412.0000	0.3447
413.0000	0.3373
414.0000	0.3300
415.0000	0.3229
416.0000	0.3157
417.0000	0.3087
418.0000	0.3017
419.0000	0.2948
420.0000	0.2878
421.0000	0.2814
422.0000	0.2750
423.0000	0.2686
424.0000	0.2623
425.0000	0.2561
426.0000	0.2501
427.0000	0.2442
428.0000	0.2383
429.0000	0.2325
430.0000	0.2267
431.0000	0.2210
432.0000	0.2153
433.0000	0.2098
434.0000	0.2043
435.0000	0.1991
436.0000	0.1939
437.0000	0.1887
438.0000	0.1833
439.0000	0.1780
440.0000	0.1729
441.0000	0.1683
442.0000	0.1638
443.0000	0.1593
444.0000	0.1548
445.0000	0.1504
446.0000	0.1460
447.0000	0.1419
448.0000	0.1379
449.0000	0.1340
450.0000	0.1299
451.0000	0.1258
452.0000	0.1218
453.0000	0.1180
454.0000	0.1144
455.0000	0.1108
456.0000	0.1073
457.0000	0.1039
458.0000	0.1006
459.0000	0.0973
460.0000	0.0941
461.0000	0.0912
462.0000	0.0883
463.0000	0.0855
464.0000	0.0828
465.0000	0.0801
466.0000	0.0775
467.0000	0.0747
468.0000	0.0720
469.0000	0.0693
470.0000	0.0667
471.0000	0.0643
472.0000	0.0620
473.0000	0.0597
474.0000	0.0572
475.0000	0.0546
476.0000	0.0521
477.0000	0.0497
478.0000	0.0478
479.0000	0.0459
480.0000	0.0440
481.0000	0.0421
482.0000	0.0402
483.0000	0.0383
484.0000	0.0365
485.0000	0.0348
486.0000	0.0331
487.0000	0.0315
488.0000	0.0300
489.0000	0.0285
490.0000	0.0271
491.0000	0.0257
492.0000	0.0243
493.0000	0.0230
494.0000	0.0217
495.0000	0.0205
496.0000	0.0193
497.0000	0.0182
498.0000	0.0171
499.0000	0.0161
500.0000	0.0151
501.0000	0.0142
502.0000	0.0133
503.0000	0.0124
504.0000	0.0116
505.0000	0.0109
506.0000	0.0102
507.0000	0.0095
508.0000	0.0089
509.0000	0.0082
510.0000	0.0075
511.0000	0.0069
512.0000	0.0063
513.0000	0.0058
514.0000	0.0053
515.0000	0.0048
516.0000	0.0044
517.0000	0.0040
518.0000	0.0036
519.0000	0.0032
520.0000	0.0029
521.0000	0.0026
522.0000	0.0023
523.0000	0.0021
524.0000	0.0018
525.0000	0.0016
526.0000	0.0014
527.0000	0.0013
528.0000	0.0011
529.0000	0.0010
530.0000	0.0009
531.0000	0.0008
532.0000	0.0008
533.0000	0.0007
534.0000	0.0007
535.0000	0.0007
536.0000	0.0007
537.0000	0.0008
538.0000	0.0008
539.0000	0.0009
540.0000	0.0010
541.0000	0.0011
542.0000	0.0012
543.0000	0.0013
544.0000	0.0014
545.0000	0.0016
546.0000	0.0018
547.0000	0.0020
548.0000	0.0022
549.0000	0.0024
550.0000	0.0026
551.0000	0.0029
552.0000	0.0032
553.0000	0.0035
554.0000	0.0038
555.0000	0.0041
556.0000	0.0044
557.0000	0.0047
558.0000	0.0050
559.0000	0.0053
560.0000	0.0057
561.0000	0.0061
562.0000	0.0064
563.0000	0.0068
564.0000	0.0072
565.0000	0.0076
566.0000	0.0080
567.0000	0.0084
568.0000	0.0088
569.0000	0.0092
570.0000	0.0097
571.0000	0.0101
572.0000	0.0106
573.0000	0.0111
574.0000	0.0115
575.0000	0.0120
576.0000	0.0125
577.0000	0.0130
578.0000	0.0135
579.0000	0.0140
580.0000	0.0145
581.0000	0.0150
582.0000	0.0155
583.0000	0.0160
584.0000	0.0166
585.0000	0.0171
586.0000	0.0176
587.0000	0.0182
588.0000	0.0187
589.0000	0.0193
590.0000	0.0198
591.0000	0.0204
592.0000	0.0210
593.0000	0.0216
594.0000	0.0222
595.0000	0.0228
596.0000	0.0234
597.0000	0.0240
598.0000	0.0246
599.0000	0.0252
600.0000	0.0258
601.0000	0.0264
602.0000	0.0270
603.0000	0.0276
604.0000	0.0282
605.0000	0.0287
606.0000	0.0293
607.0000	0.0299
608.0000	0.0305
609.0000	0.0311
610.0000	0.0317
611.0000	0.0323
612.0000	0.0329
613.0000	0.0335
614.0000	0.0341
615.0000	0.0347
616.0000	0.0353
617.0000	0.0360
618.0000	0.0366
619.0000	0.0372
620.0000	0.0378
621.0000	0.0384
622.0000	0.0390
623.0000	0.0396
624.0000	0.0402
625.0000	0.0408
626.0000	0.0414
627.0000	0.0420
628.0000	0.0426
629.0000	0.0432
630.0000	0.0439
631.0000	0.0445
632.0000	0.0451
633.0000	0.0457
634.0000	0.0463
635.0000	0.0469
636.0000	0.0475
637.0000	0.0482
638.0000	0.0488
639.0000	0.0494
640.0000	0.0500
641.0000	0.0506
642.0000	0.0512
643.0000	0.0519
644.0000	0.0525
645.0000	0.0531
646.0000	0.0538
647.0000	0.0544
648.0000	0.0550
649.0000	0.0557
650.0000	0.0563
651.0000	0.0570
652.0000	0.0576
653.0000	0.0582
654.0000	0.0589
655.0000	0.0595
656.0000	0.0601
657.0000	0.0608
658.0000	0.0614
659.0000	0.0620
660.0000	0.0627
661.0000	0.0633
662.0000	0.0639
663.0000	0.0645
664.0000	0.0651
665.0000	0.0657
666.0000	0.0663
667.0000	0.0669
668.0000	0.0675
669.0000	0.0681
670.0000	0.0687
671.0000	0.0693
672.0000	0.0699
673.0000	0.0705
674.0000	0.0711
675.0000	0.0717
676.0000	0.0723
677.0000	0.0729
678.0000	0.0735
679.0000	0.0741
680.0000	0.0747
681.0000	0.0753
682.0000	0.0759
683.0000	0.0765
684.0000	0.0771
685.0000	0.0777
686.0000	0.0783
687.0000	0.0789
688.0000	0.0795
689.0000	0.0801
690.0000	0.0806
691.0000	0.0812
692.0000	0.0818
693.0000	0.0824
694.0000	0.0830
695.0000	0.0836
696.0000	0.0841
697.0000	0.0847
698.0000	0.0853
699.0000	0.0859
700.0000	0.0865
701.0000	0.0870
702.0000	0.0876
703.0000	0.0882
704.0000	0.0888
705.0000	0.0894
706.0000	0.0899
707.0000	0.0905
708.0000	0.0911
709.0000	0.0916
710.0000	0.0922
711.0000	0.0927
712.0000	0.0933
713.0000	0.0939
714.0000	0.0944
715.0000	0.0950
716.0000	0.0956
717.0000	0.0961
718.0000	0.0967
719.0000	0.0972
720.0000	0.0978
721.0000	0.0983
722.0000	0.0988
723.0000	0.0993
724.0000	0.0998
725.0000	0.1003
726.0000	0.1008
727.0000	0.1013
728.0000	0.1018
729.0000	0.1023
730.0000	0.1028
731.0000	0.1033
732.0000	0.1038
733.0000	0.1043
734.0000	0.1048
735.0000	0.1053
736.0000	0.1058
737.0000	0.1063
738.0000	0.1068
739.0000	0.1073
740.0000	0.1078
741.0000	0.1083
742.0000	0.1088
743.0000	0.1093
744.0000	0.1098
745.0000	0.1103
746.0000	0.1107
747.0000	0.1112
748.0000	0.1117
749.0000	0.1122
750.0000	0.1127
751.0000	0.1132
752.0000	0.1137
753.0000	0.1142
754.0000	0.1147
755.0000	0.1151
756.0000	0.1156
757.0000	0.1161
758.0000	0.1166
759.0000	0.1171
760.0000	0.1176
761.0000	0.1181
762.0000	0.1186
763.0000	0.1191
764.0000	0.1196
765.0000	0.1201
766.0000	0.1206
767.0000	0.1211
768.0000	0.1216
769.0000	0.1221
770.0000	0.1226
771.0000	0.1231
772.0000	0.1235
773.0000	0.1240
774.0000	0.1245
775.0000	0.1250
776.0000	0.1255
777.0000	0.1259
778.0000	0.1264
779.0000	0.1269
780.0000	0.1273
781.0000	0.1278
782.0000	0.1282
783.0000	0.1286
784.0000	0.1290
785.0000	0.1294
786.0000	0.1299
787.0000	0.1303
788.0000	0.1307
789.0000	0.1311
790.0000	0.1315
791.0000	0.1319
792.0000	0.1323
793.0000	0.1327
794.0000	0.1331
795.0000	0.1335
796.0000	0.1340
797.0000	0.1344
798.0000	0.1348
799.0000	0.1352
800.0000	0.1356
801.0000	0.1359
802.0000	0.1363
803.0000	0.1367
804.0000	0.1371
805.0000	0.1374
806.0000	0.1378
807.0000	0.1382
808.0000	0.1386
809.0000	0.1389
810.0000	0.1393
811.0000	0.1397
812.0000	0.1400
813.0000	0.1404
814.0000	0.1408
815.0000	0.1412
816.0000	0.1415
817.0000	0.1418
818.0000	0.1422
819.0000	0.1425
820.0000	0.1429
821.0000	0.1432
822.0000	0.1436
823.0000	0.1440
824.0000	0.1444
825.0000	0.1448
826.0000	0.1452
827.0000	0.1456
828.0000	0.1460
829.0000	0.1464
830.0000	0.1468
831.0000	0.1473
832.0000	0.1477
833.0000	0.1481
834.0000	0.1485
835.0000	0.1489
836.0000	0.1493
837.0000	0.1497
838.0000	0.1501
839.0000	0.1506
840.0000	0.1510
841.0000	0.1513
842.0000	0.1517
843.0000	0.1520
844.0000	0.1523
845.0000	0.1527
846.0000	0.1530
847.0000	0.1534
848.0000	0.1537
849.0000	0.1541
850.0000	0.1544
851.0000	0.1547
852.0000	0.1551
853.0000	0.1554
854.0000	0.1557
855.0000	0.1561
856.0000	0.1564
857.0000	0.1567
858.0000	0.1571
859.0000	0.1574
860.0000	0.1577
861.0000	0.1581
862.0000	0.1585
863.0000	0.1588
864.0000	0.1592
865.0000	0.1596
866.0000	0.1600
867.0000	0.1603
868.0000	0.1607
869.0000	0.1611
870.0000	0.1615
871.0000	0.1618
872.0000	0.1622
873.0000	0.1626
874.0000	0.1629
875.0000	0.1633
876.0000	0.1636
877.0000	0.1640
878.0000	0.1644
879.0000	0.1647
880.0000	0.1651
881.0000	0.1654
882.0000	0.1657
883.0000	0.1660
884.0000	0.1663
885.0000	0.1666
886.0000	0.1669
887.0000	0.1672
888.0000	0.1675
889.0000	0.1678
890.0000	0.1680
891.0000	0.1683
892.0000	0.1686
893.0000	0.1689
894.0000	0.1692
895.0000	0.1695
896.0000	0.1698
897.0000	0.1701
898.0000	0.1704
899.0000	0.1706
900.0000	0.1709
