# Wavelength(nm) Reflectancia
300.0000	0.4030
301.0000	0.3998
302.0000	0.3967
303.0000	0.3935
304.0000	0.3903
305.0000	0.3871
306.0000	0.3839
307.0000	0.3807
308.0000	0.3775
309.0000	0.3742
310.0000	0.3710
311.0000	0.3677
312.0000	0.3644
313.0000	0.3611
314.0000	0.3578
315.0000	0.3545
316.0000	0.3511
317.0000	0.3478
318.0000	0.3445
319.0000	0.3395
320.0000	0.3345
321.0000	0.3297
322.0000	0.3251
323.0000	0.3206
324.0000	0.3163
325.0000	0.3122
326.0000	0.3084
327.0000	0.3048
328.0000	0.3016
329.0000	0.2987
330.0000	0.2962
331.0000	0.2942
332.0000	0.2926
333.0000	0.2917
334.0000	0.2913
335.0000	0.2917
336.0000	0.2929
337.0000	0.2950
338.0000	0.2981
339.0000	0.3024
340.0000	0.3079
341.0000	0.3149
342.0000	0.3235
343.0000	0.3338
344.0000	0.3463
345.0000	0.3459
346.0000	0.3455
347.0000	0.3453
348.0000	0.3451
349.0000	0.3449
350.0000	0.3448
351.0000	0.3447
352.0000	0.3447
353.0000	0.3448
354.0000	0.3449
355.0000	0.3449
356.0000	0.3451
357.0000	0.3450
358.0000	0.3450
359.0000	0.3447
360.0000	0.3444
361.0000	0.3437
362.0000	0.3429
363.0000	0.3418
364.0000	0.3405
365.0000	0.3390
366.0000	0.3370
367.0000	0.3350
368.0000	0.3329
369.0000	0.3308
370.0000	0.3285
371.0000	0.3262
372.0000	0.3237
373.0000	0.3212
374.0000	0.3190
375.0000	0.3169
376.0000	0.3149
377.0000	0.3131
378.0000	0.3112
379.0000	0.3098
380.0000	0.3083
381.0000	0.3072
382.0000	0.3062
383.0000	0.3053
384.0000	0.3046
385.0000	0.3039
386.0000	0.3036
387.0000	0.3034
388.0000	0.3032
389.0000	0.3022
390.0000	0.3011
391.0000	0.3004
392.0000	0.2997
393.0000	0.2991
394.0000	0.2986
395.0000	0.2980
396.0000	0.2977
397.0000	0.2974
398.0000	0.2974
399.0000	0.2975
400.0000	0.2975
401.0000	0.2917
402.0000	0.2858
403.0000	0.2801
404.0000	0.2747
405.0000	0.2692
406.0000	0.2639
407.0000	0.2588
408.0000	0.2536
409.0000	0.2485
410.0000	0.2434
411.0000	0.2383
412.0000	0.2334
413.0000	0.2285
414.0000	0.2238
415.0000	0.2192
416.0000	0.2146
417.0000	0.2102
418.0000	0.2058
419.0000	0.2014
420.0000	0.1970
421.0000	0.1927
422.0000	0.1885
423.0000	0.1842
424.0000	0.1801
425.0000	0.1760
426.0000	0.1721
427.0000	0.1683
428.0000	0.1645
429.0000	0.1608
430.0000	0.1571
431.0000	0.1535
432.0000	0.1499
433.0000	0.1464
434.0000	0.1430
435.0000	0.1398
436.0000	0.1366
437.0000	0.1334
438.0000	0.1300
439.0000	0.1267
440.0000	0.1235
441.0000	0.1204
442.0000	0.1174
443.0000	0.1144
444.0000	0.1113
445.0000	0.1083
446.0000	0.1054
447.0000	0.1027
448.0000	0.1001
449.0000	0.0975
450.0000	0.0948
451.0000	0.0920
452.0000	0.0893
453.0000	0.0868
454.0000	0.0844
455.0000	0.0821
456.0000	0.0798
457.0000	0.0776
458.0000	0.0754
459.0000	0.0733
460.0000	0.0712
461.0000	0.0692
462.0000	0.0672
463.0000	0.0652
464.0000	0.0634
465.0000	0.0615
466.0000	0.0597
467.0000	0.0577
468.0000	0.0557
469.0000	0.0538
470.0000	0.0520
471.0000	0.0503
472.0000	0.0487
473.0000	0.0471
474.0000	0.0452
475.0000	0.0433
476.0000	0.0415
477.0000	0.0398
478.0000	0.0384
479.0000	0.0371
480.0000	0.0358
481.0000	0.0344
482.0000	0.0330
483.0000	0.0317
484.0000	0.0303
485.0000	0.0291
486.0000	0.0279
487.0000	0.0267
488.0000	0.0256
489.0000	0.0245
490.0000	0.0235
491.0000	0.0224
492.0000	0.0214
493.0000	0.0205
494.0000	0.0195
495.0000	0.0186
496.0000	0.0177
497.0000	0.0168
498.0000	0.0160
499.0000	0.0152
500.0000	0.0144
501.0000	0.0137
502.0000	0.0129
503.0000	0.0121
504.0000	0.0114
505.0000	0.0108
506.0000	0.0102
507.0000	0.0096
508.0000	0.0091
509.0000	0.0085
510.0000	0.0079
511.0000	0.0073
512.0000	0.0068
513.0000	0.0063
514.0000	0.0058
515.0000	0.0054
516.0000	0.0050
517.0000	0.0046
518.0000	0.0042
519.0000	0.0038
520.0000	0.0035
521.0000	0.0032
522.0000	0.0029
523.0000	0.0026
524.0000	0.0023
525.0000	0.0021
526.0000	0.0018
527.0000	0.0016
528.0000	0.0014
529.0000	0.0012
530.0000	0.0010
531.0000	0.0009
532.0000	0.0008
533.0000	0.0006
534.0000	0.0005
535.0000	0.0005
536.0000	0.0004
537.0000	0.0003
538.0000	0.0003
539.0000	0.0003
540.0000	0.0002
541.0000	0.0002
542.0000	0.0003
543.0000	0.0003
544.0000	0.0003
545.0000	0.0004
546.0000	0.0004
547.0000	0.0005
548.0000	0.0006
549.0000	0.0007
550.0000	0.0008
551.0000	0.0009
552.0000	0.0011
553.0000	0.0012
554.0000	0.0014
555.0000	0.0015
556.0000	0.0017
557.0000	0.0018
558.0000	0.0020
559.0000	0.0022
560.0000	0.0024
561.0000	0.0027
562.0000	0.0029
563.0000	0.0031
564.0000	0.0034
565.0000	0.0036
566.0000	0.0039
567.0000	0.0041
568.0000	0.0044
569.0000	0.0047
570.0000	0.0050
571.0000	0.0053
572.0000	0.0056
573.0000	0.0059
574.0000	0.0063
575.0000	0.0066
576.0000	0.0069
577.0000	0.0073
578.0000	0.0076
579.0000	0.0080
580.0000	0.0083
581.0000	0.0087
582.0000	0.0090
583.0000	0.0094
584.0000	0.0097
585.0000	0.0101
586.0000	0.0105
587.0000	0.0109
588.0000	0.0113
589.0000	0.0117
590.0000	0.0121
591.0000	0.0125
592.0000	0.0129
593.0000	0.0134
594.0000	0.0138
595.0000	0.0142
596.0000	0.0147
597.0000	0.0151
598.0000	0.0156
599.0000	0.0160
600.0000	0.0165
601.0000	0.0169
602.0000	0.0174
603.0000	0.0179
604.0000	0.0183
605.0000	0.0188
606.0000	0.0193
607.0000	0.0197
608.0000	0.0202
609.0000	0.0207
610.0000	0.0212
611.0000	0.0216
612.0000	0.0221
613.0000	0.0226
614.0000	0.0231
615.0000	0.0236
616.0000	0.0241
617.0000	0.0246
618.0000	0.0251
619.0000	0.0257
620.0000	0.0262
621.0000	0.0267
622.0000	0.0272
623.0000	0.0277
624.0000	0.0282
625.0000	0.0287
626.0000	0.0292
627.0000	0.0297
628.0000	0.0303
629.0000	0.0308
630.0000	0.0313
631.0000	0.0319
632.0000	0.0324
633.0000	0.0330
634.0000	0.0335
635.0000	0.0340
636.0000	0.0346
637.0000	0.0351
638.0000	0.0356
639.0000	0.0362
640.0000	0.0367
641.0000	0.0372
642.0000	0.0378
643.0000	0.0383
644.0000	0.0388
645.0000	0.0394
646.0000	0.0399
647.0000	0.0405
648.0000	0.0410
649.0000	0.0415
650.0000	0.0421
651.0000	0.0426
652.0000	0.0432
653.0000	0.0437
654.0000	0.0443
655.0000	0.0448
656.0000	0.0453
657.0000	0.0459
658.0000	0.0464
659.0000	0.0470
660.0000	0.0475
661.0000	0.0481
662.0000	0.0486
663.0000	0.0491
664.0000	0.0497
665.0000	0.0502
666.0000	0.0508
667.0000	0.0513
668.0000	0.0519
669.0000	0.0524
670.0000	0.0530
671.0000	0.0535
672.0000	0.0540
673.0000	0.0546
674.0000	0.0551
675.0000	0.0557
676.0000	0.0562
677.0000	0.0568
678.0000	0.0573
679.0000	0.0579
680.0000	0.0584
681.0000	0.0589
682.0000	0.0595
683.0000	0.0600
684.0000	0.0606
685.0000	0.0611
686.0000	0.0616
687.0000	0.0622
688.0000	0.0627
689.0000	0.0632
690.0000	0.0638
691.0000	0.0643
692.0000	0.0648
693.0000	0.0654
694.0000	0.0659
695.0000	0.0664
696.0000	0.0670
697.0000	0.0675
698.0000	0.0680
699.0000	0.0686
700.0000	0.0691
701.0000	0.0696
702.0000	0.0702
703.0000	0.0707
704.0000	0.0712
705.0000	0.0718
706.0000	0.0723
707.0000	0.0728
708.0000	0.0733
709.0000	0.0739
710.0000	0.0744
711.0000	0.0749
712.0000	0.0754
713.0000	0.0759
714.0000	0.0765
715.0000	0.0770
716.0000	0.0775
717.0000	0.0780
718.0000	0.0785
719.0000	0.0791
720.0000	0.0796
721.0000	0.0801
722.0000	0.0806
723.0000	0.0811
724.0000	0.0816
725.0000	0.0821
726.0000	0.0826
727.0000	0.0832
728.0000	0.0837
729.0000	0.0842
730.0000	0.0847
731.0000	0.0852
732.0000	0.0857
733.0000	0.0862
734.0000	0.0867
735.0000	0.0872
736.0000	0.0877
737.0000	0.0882
738.0000	0.0887
739.0000	0.0892
740.0000	0.0897
741.0000	0.0902
742.0000	0.0907
743.0000	0.0911
744.0000	0.0916
745.0000	0.0921
746.0000	0.0926
747.0000	0.0931
748.0000	0.0936
749.0000	0.0941
750.0000	0.0945
751.0000	0.0950
752.0000	0.0955
753.0000	0.0960
754.0000	0.0964
755.0000	0.0969
756.0000	0.0974
757.0000	0.0979
758.0000	0.0983
759.0000	0.0988
760.0000	0.0993
761.0000	0.0998
762.0000	0.1003
763.0000	0.1007
764.0000	0.1012
765.0000	0.1017
766.0000	0.1021
767.0000	0.1026
768.0000	0.1031
769.0000	0.1035
770.0000	0.1040
771.0000	0.1045
772.0000	0.1049
773.0000	0.1054
774.0000	0.1058
775.0000	0.1063
776.0000	0.1067
777.0000	0.1072
778.0000	0.1076
779.0000	0.1081
780.0000	0.1085
781.0000	0.1089
782.0000	0.1094
783.0000	0.1098
784.0000	0.1103
785.0000	0.1107
786.0000	0.1111
787.0000	0.1116
788.0000	0.1120
789.0000	0.1124
790.0000	0.1129
791.0000	0.1133
792.0000	0.1137
793.0000	0.1142
794.0000	0.1146
795.0000	0.1150
796.0000	0.1154
797.0000	0.1159
798.0000	0.1163
799.0000	0.1167
800.0000	0.1171
801.0000	0.1175
802.0000	0.1179
803.0000	0.1184
804.0000	0.1188
805.0000	0.1192
806.0000	0.1196
807.0000	0.1200
808.0000	0.1204
809.0000	0.1208
810.0000	0.1213
811.0000	0.1217
812.0000	0.1221
813.0000	0.1225
814.0000	0.1229
815.0000	0.1233
816.0000	0.1237
817.0000	0.1241
818.0000	0.1244
819.0000	0.1248
820.0000	0.1252
821.0000	0.1255
822.0000	0.1259
823.0000	0.1263
824.0000	0.1266
825.0000	0.1270
826.0000	0.1274
827.0000	0.1277
828.0000	0.1281
829.0000	0.1285
830.0000	0.1289
831.0000	0.1293
832.0000	0.1297
833.0000	0.1301
834.0000	0.1305
835.0000	0.1309
836.0000	0.1313
837.0000	0.1317
838.0000	0.1321
839.0000	0.1325
840.0000	0.1329
841.0000	0.1332
842.0000	0.1336
843.0000	0.1340
844.0000	0.1344
845.0000	0.1348
846.0000	0.1351
847.0000	0.1355
848.0000	0.1359
849.0000	0.1363
850.0000	0.1367
851.0000	0.1370
852.0000	0.1374
853.0000	0.1378
854.0000	0.1381
855.0000	0.1385
856.0000	0.1389
857.0000	0.1392
858.0000	0.1396
859.0000	0.1400
860.0000	0.1403
861.0000	0.1407
862.0000	0.1411
863.0000	0.1414
864.0000	0.1418
865.0000	0.1421
866.0000	0.1425
867.0000	0.1429
868.0000	0.1432
869.0000	0.1436
870.0000	0.1439
871.0000	0.1443
872.0000	0.1446
873.0000	0.1450
874.0000	0.1453
875.0000	0.1457
876.0000	0.1460
877.0000	0.1463
878.0000	0.1467
879.0000	0.1470
880.0000	0.1474
881.0000	0.1477
882.0000	0.1480
883.0000	0.1484
884.0000	0.1487
885.0000	0.1491
886.0000	0.1494
887.0000	0.1497
888.0000	0.1501
889.0000	0.1504
890.0000	0.1507
891.0000	0.1510
892.0000	0.1514
893.0000	0.1517
894.0000	0.1520
895.0000	0.1524
896.0000	0.1527
897.0000	0.1530
898.0000	0.1533
899.0000	0.1536
900.0000	0.1540
