#Lam(nm)  R%(0-100)  T%(0-100)
300.000  11.548  0.000  
301.504  12.008  0.000  
303.008  12.450  0.000  
304.511  12.873  0.000  
306.015  13.271  0.000  
307.519  13.616  0.000  
309.023  13.928  0.000  
310.526  14.199  0.000  
312.030  14.421  0.000  
313.534  14.592  0.000  
315.038  14.707  0.001  
316.541  14.778  0.001  
318.045  14.802  0.001  
319.549  14.419  0.002  
321.053  13.978  0.003  
322.556  13.481  0.004  
324.060  12.934  0.007  
325.564  12.339  0.011  
327.068  11.707  0.016  
328.571  11.048  0.024  
330.075  10.369  0.036  
331.579  9.672  0.055  
333.083  8.970  0.081  
334.586  8.267  0.120  
336.090  7.568  0.178  
337.594  6.885  0.261  
339.098  6.228  0.382  
340.602  5.612  0.556  
342.105  5.062  0.808  
343.609  4.625  1.169  
345.113  4.446  1.366  
346.617  4.323  1.481  
348.120  4.207  1.605  
349.624  4.096  1.739  
351.128  3.995  1.882  
352.632  3.905  2.036  
354.135  3.827  2.201  
355.639  3.764  2.377  
357.143  3.715  2.568  
358.647  3.685  2.773  
360.150  3.675  2.992  
361.654  3.688  3.226  
363.158  3.723  3.489  
364.662  3.781  3.814  
366.165  3.868  4.171  
367.669  3.984  4.551  
369.173  4.134  4.964  
370.677  4.318  5.425  
372.180  4.534  5.945  
373.684  4.790  6.512  
375.188  5.086  7.131  
376.692  5.426  7.804  
378.195  5.812  8.537  
379.699  6.244  9.335  
381.203  6.720  10.235  
382.707  7.229  11.302  
384.211  7.785  12.479  
385.714  8.373  13.814  
387.218  8.888  15.631  
388.722  9.345  17.630  
390.226  9.719  19.789  
391.729  10.082  22.226  
393.233  10.468  24.650  
394.737  10.848  27.202  
396.241  11.258  29.924  
397.744  11.653  32.756  
399.248  12.046  35.807  
400.752  11.941  38.219  
402.256  11.356  39.835  
403.759  10.772  41.270  
405.263  10.203  42.722  
406.767  9.629  44.179  
408.271  9.072  45.699  
409.774  8.564  46.893  
411.278  8.082  47.976  
412.782  7.604  49.051  
414.286  7.121  50.117  
415.789  6.654  51.199  
417.293  6.193  52.271  
418.797  5.787  53.285  
420.301  5.413  54.318  
421.805  5.081  55.368  
423.308  4.847  56.478  
424.812  4.668  57.593  
426.316  4.633  58.500  
427.820  4.633  59.400  
429.323  4.664  60.280  
430.827  4.711  61.167  
432.331  4.747  61.995  
433.835  4.787  62.819  
435.338  4.798  63.516  
436.842  4.809  64.209  
438.346  4.794  64.896  
439.850  4.779  65.573  
441.353  4.745  66.248  
442.857  4.707  66.886  
444.361  4.655  67.552  
445.865  4.608  68.165  
447.368  4.564  68.713  
448.872  4.520  69.267  
450.376  4.474  69.837  
451.880  4.425  70.381  
453.383  4.372  70.914  
454.887  4.318  71.452  
456.391  4.264  71.989  
457.895  4.215  72.334  
459.398  4.163  72.664  
460.902  4.109  72.994  
462.406  4.054  73.335  
463.910  3.997  73.671  
465.414  3.939  73.991  
466.917  3.884  74.340  
468.421  3.831  74.662  
469.925  3.778  75.002  
471.429  3.723  75.352  
472.932  3.666  75.668  
474.436  3.618  76.014  
475.940  3.574  76.356  
477.444  3.526  76.699  
478.947  3.472  77.008  
480.451  3.403  77.436  
481.955  3.334  77.831  
483.459  3.266  78.222  
484.962  3.200  78.613  
486.466  3.137  79.033  
487.970  3.076  79.419  
489.474  3.014  79.819  
490.977  2.953  80.215  
492.481  2.895  80.593  
493.985  2.829  80.971  
495.489  2.760  81.346  
496.992  2.694  81.751  
498.496  2.628  82.104  
500.000  2.565  82.488  
501.504  2.504  82.836  
503.008  2.444  83.182  
504.511  2.386  83.526  
506.015  2.330  83.867  
507.519  2.276  84.206  
509.023  2.223  84.543  
510.526  2.173  84.877  
512.030  2.136  85.028  
513.534  2.103  85.137  
515.038  2.072  85.244  
516.541  2.041  85.350  
518.045  2.011  85.453  
519.549  1.982  85.556  
521.053  1.954  85.658  
522.556  1.927  85.758  
524.060  1.901  85.856  
525.564  1.876  85.954  
527.068  1.851  86.050  
528.571  1.827  86.148  
530.075  1.796  86.272  
531.579  1.767  86.395  
533.083  1.738  86.516  
534.586  1.711  86.635  
536.090  1.685  86.752  
537.594  1.661  86.866  
539.098  1.637  86.980  
540.602  1.614  87.095  
542.105  1.593  87.209  
543.609  1.573  87.322  
545.113  1.553  87.431  
546.617  1.534  87.538  
548.120  1.516  87.644  
549.624  1.500  87.748  
551.128  1.484  87.851  
552.632  1.470  87.967  
554.135  1.458  88.115  
555.639  1.447  88.263  
557.143  1.437  88.410  
558.647  1.427  88.555  
560.150  1.419  88.699  
561.654  1.411  88.841  
563.158  1.403  88.983  
564.662  1.397  89.123  
566.165  1.391  89.263  
567.669  1.386  89.395  
569.173  1.378  89.458  
570.677  1.370  89.519  
572.180  1.363  89.580  
573.684  1.357  89.639  
575.188  1.353  89.695  
576.692  1.349  89.751  
578.195  1.346  89.805  
579.699  1.344  89.858  
581.203  1.342  89.911  
582.707  1.342  89.962  
584.211  1.342  90.013  
585.714  1.343  90.060  
587.218  1.344  90.087  
588.722  1.345  90.112  
590.226  1.347  90.136  
591.729  1.350  90.160  
593.233  1.354  90.184  
594.737  1.359  90.207  
596.241  1.364  90.228  
597.744  1.371  90.247  
599.248  1.379  90.265  
600.752  1.388  90.282  
602.256  1.397  90.298  
603.759  1.408  90.314  
605.263  1.419  90.329  
606.767  1.430  90.343  
608.271  1.443  90.357  
609.774  1.455  90.372  
611.278  1.469  90.385  
612.782  1.484  90.398  
614.286  1.501  90.471  
615.789  1.520  90.547  
617.293  1.539  90.622  
618.797  1.560  90.696  
620.301  1.581  90.770  
621.805  1.602  90.845  
623.308  1.624  90.919  
624.812  1.647  90.991  
626.316  1.670  91.063  
627.820  1.694  91.133  
629.323  1.719  91.202  
630.827  1.745  91.271  
632.331  1.771  91.338  
633.835  1.797  91.405  
635.338  1.824  91.471  
636.842  1.852  91.536  
638.346  1.880  91.601  
639.850  1.909  91.663  
641.353  1.938  91.725  
642.857  1.968  91.785  
644.361  2.004  92.020  
645.865  2.040  92.263  
647.368  2.077  92.505  
648.872  2.115  92.746  
650.376  2.153  92.987  
651.880  2.192  93.226  
653.383  2.231  93.466  
654.887  2.270  93.705  
656.391  2.310  93.943  
657.895  2.351  94.181  
659.398  2.391  94.436  
660.902  2.426  94.750  
662.406  2.461  95.065  
663.910  2.497  95.379  
665.414  2.532  95.693  
666.917  2.569  96.007  
668.421  2.606  96.319  
669.925  2.644  96.631  
671.429  2.680  96.867  
672.932  2.707  96.856  
674.436  2.732  96.845  
675.940  2.758  96.835  
677.444  2.783  96.824  
678.947  2.810  96.814  
680.451  2.835  96.803  
681.955  2.861  96.792  
683.459  2.888  96.780  
684.962  2.914  96.769  
686.466  2.940  96.757  
687.970  2.966  96.746  
689.474  2.992  96.734  
690.977  2.976  96.753  
692.481  2.967  96.763  
693.985  2.978  96.754  
695.489  2.988  96.745  
696.992  2.996  96.738  
698.496  3.002  96.733  
700.000  3.009  96.727  
701.504  3.020  96.718  
703.008  3.033  96.705  
704.511  3.048  96.693  
706.015  3.062  96.680  
707.519  3.076  96.666  
709.023  3.095  96.649  
710.526  3.113  96.631  
712.030  3.132  96.613  
713.534  3.152  96.595  
715.038  3.171  96.576  
716.541  3.189  96.560  
718.045  3.208  96.542  
719.549  3.227  96.524  
721.053  3.246  96.506  
722.556  3.268  96.486  
724.060  3.289  96.467  
725.564  3.311  96.446  
727.068  3.333  96.426  
728.571  3.354  96.406  
730.075  3.375  96.386  
731.579  3.396  96.367  
733.083  3.417  96.347  
734.586  3.438  96.327  
736.090  3.459  96.307  
737.594  3.481  96.286  
739.098  3.501  96.267  
740.602  3.525  96.243  
742.105  3.550  96.220  
743.609  3.573  96.198  
745.113  3.597  96.174  
746.617  3.620  96.153  
748.120  3.641  96.133  
749.624  3.661  96.113  
751.128  3.681  96.094  
752.632  3.702  96.075  
754.135  3.723  96.054  
755.639  3.748  96.031  
757.143  3.772  96.009  
758.647  3.796  95.986  
760.150  3.820  95.963  
761.654  3.845  95.940  
763.158  3.869  95.917  
764.662  3.895  95.893  
766.165  3.919  95.869  
767.669  3.943  95.846  
769.173  3.966  95.823  
770.677  3.991  95.800  
772.180  4.014  95.778  
773.684  4.040  95.753  
775.188  4.064  95.729  
776.692  4.090  95.704  
778.195  4.115  95.680  
779.699  4.140  95.656  
781.203  4.164  95.632  
782.707  4.187  95.611  
784.211  4.209  95.590  
785.714  4.231  95.569  
787.218  4.253  95.549  
788.722  4.276  95.528  
790.226  4.297  95.507  
791.729  4.320  95.486  
793.233  4.345  95.462  
794.737  4.372  95.436  
796.241  4.397  95.411  
797.744  4.423  95.386  
799.248  4.448  95.362  
800.752  4.471  95.340  
802.256  4.496  95.315  
803.759  4.519  95.293  
805.263  4.544  95.269  
806.767  4.568  95.246  
808.271  4.593  95.221  
809.774  4.617  95.198  
811.278  4.642  95.174  
812.782  4.667  95.150  
814.286  4.692  95.126  
815.789  4.717  95.101  
817.293  4.741  95.078  
818.797  4.767  95.053  
820.301  4.791  95.030  
821.805  4.815  95.007  
823.308  4.841  94.983  
824.812  4.864  94.960  
826.316  4.890  94.936  
827.820  4.919  94.908  
829.323  4.950  94.877  
830.827  4.983  94.846  
832.331  5.013  94.817  
833.835  5.046  94.785  
835.338  5.077  94.754  
836.842  5.108  94.724  
838.346  5.141  94.692  
839.850  5.172  94.662  
841.353  5.203  94.631  
842.857  5.237  94.598  
844.361  5.270  94.565  
845.865  5.305  94.531  
847.368  5.339  94.498  
848.872  5.372  94.466  
850.376  5.407  94.432  
851.880  5.440  94.399  
853.383  5.474  94.365  
854.887  5.510  94.331  
856.391  5.544  94.298  
857.895  5.579  94.264  
859.398  5.613  94.231  
860.902  5.647  94.198  
862.406  5.684  94.163  
863.910  5.718  94.129  
865.414  5.753  94.095  
866.917  5.788  94.061  
868.421  5.822  94.028  
869.925  5.856  93.995  
871.429  5.891  93.960  
872.932  5.925  93.927  
874.436  5.959  93.893  
875.940  5.995  93.858  
877.444  6.032  93.821  
878.947  6.070  93.784  
880.451  6.109  93.746  
881.955  6.147  93.709  
883.459  6.186  93.670  
884.962  6.223  93.634  
886.466  6.255  93.603  
887.970  6.283  93.576  
889.474  6.313  93.547  
890.977  6.341  93.519  
892.481  6.370  93.492  
893.985  6.399  93.463  
895.489  6.427  93.437  
896.992  6.454  93.410  
898.496  6.484  93.381  
900.000  6.510  93.355  
