#Lam(nm)  R%(0-100)  T%(0-100)
300.000  4.572  0.000  
301.504  4.539  0.000  
303.008  4.506  0.000  
304.511  4.472  0.000  
306.015  4.438  0.000  
307.519  4.403  0.000  
309.023  4.366  0.000  
310.526  4.330  0.000  
312.030  4.293  0.000  
313.534  4.256  0.000  
315.038  4.218  0.000  
316.541  4.180  0.000  
318.045  4.141  0.000  
319.549  4.102  0.000  
321.053  4.063  0.000  
322.556  4.023  0.000  
324.060  3.983  0.000  
325.564  3.943  0.000  
327.068  3.902  0.000  
328.571  3.862  0.000  
330.075  3.821  0.000  
331.579  3.782  0.000  
333.083  3.742  0.001  
334.586  3.702  0.001  
336.090  3.662  0.003  
337.594  3.623  0.006  
339.098  3.584  0.012  
340.602  3.546  0.024  
342.105  3.508  0.050  
343.609  3.472  0.101  
345.113  3.439  0.165  
346.617  3.411  0.249  
348.120  3.393  0.375  
349.624  3.391  0.565  
351.128  3.384  0.749  
352.632  3.379  0.953  
354.135  3.385  1.210  
355.639  3.409  1.534  
357.143  3.460  1.943  
358.647  3.555  2.456  
360.150  3.701  3.051  
361.654  3.713  3.286  
363.158  3.750  3.552  
364.662  3.809  3.877  
366.165  3.896  4.230  
367.669  4.015  4.612  
369.173  4.168  5.028  
370.677  4.355  5.491  
372.180  4.575  6.013  
373.684  4.834  6.582  
375.188  5.134  7.202  
376.692  5.479  7.878  
378.195  5.869  8.614  
379.699  6.307  9.415  
381.203  6.789  10.321  
382.707  7.304  11.392  
384.211  7.865  12.573  
385.714  8.460  13.915  
387.218  8.979  15.741  
388.722  9.437  17.746  
390.226  9.806  19.907  
391.729  10.170  22.353  
393.233  10.559  24.788  
394.737  10.938  27.345  
396.241  11.343  30.065  
397.744  11.739  32.905  
399.248  12.130  35.961  
400.752  12.020  38.375  
402.256  11.428  39.991  
403.759  10.841  41.434  
405.263  10.269  42.895  
406.767  9.688  44.352  
408.271  9.121  45.860  
409.774  8.608  47.049  
411.278  8.122  48.133  
412.782  7.641  49.210  
414.286  7.154  50.278  
415.789  6.684  51.363  
417.293  6.221  52.437  
418.797  5.812  53.453  
420.301  5.435  54.489  
421.805  5.101  55.540  
423.308  4.866  56.653  
424.812  4.686  57.770  
426.316  4.651  58.680  
427.820  4.650  59.582  
429.323  4.682  60.463  
430.827  4.730  61.352  
432.331  4.766  62.181  
433.835  4.805  63.007  
435.338  4.816  63.704  
436.842  4.827  64.399  
438.346  4.812  65.086  
439.850  4.798  65.764  
441.353  4.763  66.440  
442.857  4.725  67.079  
444.361  4.672  67.746  
445.865  4.625  68.359  
447.368  4.581  68.908  
448.872  4.537  69.462  
450.376  4.491  70.033  
451.880  4.442  70.577  
453.383  4.388  71.110  
454.887  4.334  71.649  
456.391  4.279  72.187  
457.895  4.230  72.531  
459.398  4.178  72.861  
460.902  4.123  73.191  
462.406  4.068  73.532  
463.910  4.010  73.867  
465.414  3.952  74.187  
466.917  3.897  74.536  
468.421  3.844  74.858  
469.925  3.791  75.198  
471.429  3.735  75.547  
472.932  3.678  75.863  
474.436  3.629  76.209  
475.940  3.585  76.550  
477.444  3.537  76.894  
478.947  3.483  77.203  
480.451  3.413  77.630  
481.955  3.344  78.025  
483.459  3.275  78.416  
484.962  3.209  78.807  
486.466  3.146  79.226  
487.970  3.084  79.613  
489.474  3.022  80.012  
490.977  2.961  80.409  
492.481  2.902  80.787  
493.985  2.836  81.164  
495.489  2.767  81.538  
496.992  2.700  81.943  
498.496  2.634  82.296  
500.000  2.571  82.680  
501.504  2.509  83.028  
503.008  2.450  83.374  
504.511  2.391  83.718  
506.015  2.335  84.058  
507.519  2.281  84.397  
509.023  2.227  84.734  
510.526  2.177  85.067  
512.030  2.139  85.218  
513.534  2.107  85.325  
515.038  2.075  85.432  
516.541  2.044  85.537  
518.045  2.014  85.640  
519.549  1.985  85.742  
521.053  1.957  85.843  
522.556  1.930  85.942  
524.060  1.904  86.040  
525.564  1.879  86.136  
527.068  1.854  86.232  
528.571  1.829  86.329  
530.075  1.799  86.452  
531.579  1.769  86.574  
533.083  1.740  86.695  
534.586  1.713  86.813  
536.090  1.687  86.929  
537.594  1.663  87.043  
539.098  1.639  87.156  
540.602  1.616  87.270  
542.105  1.595  87.384  
543.609  1.573  87.496  
545.113  1.553  87.604  
546.617  1.534  87.711  
548.120  1.516  87.816  
549.624  1.499  87.920  
551.128  1.483  88.023  
552.632  1.468  88.138  
554.135  1.456  88.286  
555.639  1.445  88.434  
557.143  1.434  88.580  
558.647  1.424  88.725  
560.150  1.415  88.868  
561.654  1.407  89.011  
563.158  1.399  89.152  
564.662  1.393  89.292  
566.165  1.386  89.432  
567.669  1.381  89.564  
569.173  1.372  89.626  
570.677  1.364  89.687  
572.180  1.356  89.747  
573.684  1.350  89.806  
575.188  1.345  89.862  
576.692  1.341  89.916  
578.195  1.337  89.970  
579.699  1.335  90.023  
581.203  1.333  90.075  
582.707  1.332  90.126  
584.211  1.332  90.176  
585.714  1.333  90.224  
587.218  1.333  90.249  
588.722  1.334  90.274  
590.226  1.336  90.297  
591.729  1.339  90.322  
593.233  1.342  90.345  
594.737  1.346  90.367  
596.241  1.352  90.388  
597.744  1.358  90.407  
599.248  1.366  90.424  
600.752  1.374  90.441  
602.256  1.383  90.456  
603.759  1.393  90.472  
605.263  1.404  90.486  
606.767  1.415  90.500  
608.271  1.428  90.513  
609.774  1.440  90.528  
611.278  1.453  90.541  
612.782  1.468  90.553  
614.286  1.485  90.625  
615.789  1.504  90.701  
617.293  1.523  90.776  
618.797  1.544  90.849  
620.301  1.565  90.922  
621.805  1.586  90.997  
623.308  1.608  91.070  
624.812  1.630  91.142  
626.316  1.654  91.213  
627.820  1.678  91.282  
629.323  1.703  91.351  
630.827  1.729  91.418  
632.331  1.755  91.485  
633.835  1.781  91.551  
635.338  1.809  91.617  
636.842  1.836  91.681  
638.346  1.865  91.745  
639.850  1.894  91.807  
641.353  1.923  91.867  
642.857  1.954  91.927  
644.361  1.990  92.161  
645.865  2.027  92.403  
647.368  2.065  92.644  
648.872  2.103  92.884  
650.376  2.142  93.124  
651.880  2.182  93.362  
653.383  2.222  93.600  
654.887  2.262  93.838  
656.391  2.303  94.076  
657.895  2.344  94.313  
659.398  2.385  94.566  
660.902  2.421  94.880  
662.406  2.457  95.193  
663.910  2.494  95.506  
665.414  2.531  95.819  
666.917  2.568  96.131  
668.421  2.607  96.442  
669.925  2.646  96.753  
671.429  2.682  96.988  
672.932  2.710  96.975  
674.436  2.736  96.963  
675.940  2.762  96.952  
677.444  2.788  96.940  
678.947  2.815  96.928  
680.451  2.842  96.916  
681.955  2.868  96.903  
683.459  2.895  96.891  
684.962  2.922  96.878  
686.466  2.949  96.865  
687.970  2.976  96.852  
689.474  3.003  96.839  
690.977  2.987  96.857  
692.481  2.978  96.866  
693.985  2.989  96.856  
695.489  3.000  96.845  
696.992  3.009  96.837  
698.496  3.015  96.831  
700.000  3.023  96.824  
701.504  3.034  96.813  
703.008  3.048  96.800  
704.511  3.063  96.786  
706.015  3.078  96.772  
707.519  3.093  96.757  
709.023  3.112  96.738  
710.526  3.132  96.719  
712.030  3.151  96.700  
713.534  3.171  96.680  
715.038  3.192  96.660  
716.541  3.210  96.642  
718.045  3.230  96.623  
719.549  3.249  96.604  
721.053  3.269  96.585  
722.556  3.292  96.563  
724.060  3.314  96.542  
725.564  3.337  96.520  
727.068  3.360  96.498  
728.571  3.381  96.478  
730.075  3.404  96.456  
731.579  3.426  96.435  
733.083  3.447  96.414  
734.586  3.469  96.392  
736.090  3.491  96.371  
737.594  3.513  96.349  
739.098  3.535  96.328  
740.602  3.560  96.303  
742.105  3.585  96.278  
743.609  3.609  96.255  
745.113  3.635  96.230  
746.617  3.658  96.206  
748.120  3.680  96.185  
749.624  3.701  96.164  
751.128  3.722  96.144  
752.632  3.743  96.123  
754.135  3.766  96.101  
755.639  3.791  96.076  
757.143  3.816  96.052  
758.647  3.842  96.028  
760.150  3.867  96.003  
761.654  3.893  95.979  
763.158  3.918  95.955  
764.662  3.944  95.928  
766.165  3.969  95.904  
767.669  3.994  95.879  
769.173  4.019  95.855  
770.677  4.044  95.830  
772.180  4.068  95.806  
773.684  4.095  95.780  
775.188  4.121  95.754  
776.692  4.147  95.728  
778.195  4.173  95.703  
779.699  4.199  95.677  
781.203  4.225  95.651  
782.707  4.249  95.628  
784.211  4.271  95.606  
785.714  4.295  95.584  
787.218  4.318  95.562  
788.722  4.341  95.539  
790.226  4.364  95.517  
791.729  4.388  95.494  
793.233  4.414  95.468  
794.737  4.442  95.441  
796.241  4.468  95.414  
797.744  4.495  95.388  
799.248  4.521  95.362  
800.752  4.545  95.338  
802.256  4.571  95.312  
803.759  4.595  95.289  
805.263  4.621  95.264  
806.767  4.645  95.240  
808.271  4.671  95.214  
809.774  4.695  95.190  
811.278  4.720  95.166  
812.782  4.746  95.140  
814.286  4.771  95.115  
815.789  4.796  95.090  
817.293  4.821  95.066  
818.797  4.847  95.040  
820.301  4.871  95.017  
821.805  4.895  94.993  
823.308  4.921  94.968  
824.812  4.945  94.945  
826.316  4.971  94.919  
827.820  5.001  94.890  
829.323  5.033  94.859  
830.827  5.065  94.827  
832.331  5.096  94.797  
833.835  5.129  94.765  
835.338  5.160  94.733  
836.842  5.191  94.703  
838.346  5.224  94.670  
839.850  5.255  94.639  
841.353  5.287  94.607  
842.857  5.322  94.573  
844.361  5.355  94.540  
845.865  5.390  94.505  
847.368  5.424  94.472  
848.872  5.458  94.438  
850.376  5.493  94.403  
851.880  5.527  94.370  
853.383  5.561  94.336  
854.887  5.596  94.301  
856.391  5.630  94.268  
857.895  5.666  94.232  
859.398  5.701  94.199  
860.902  5.735  94.165  
862.406  5.771  94.129  
863.910  5.805  94.096  
865.414  5.841  94.061  
866.917  5.876  94.026  
868.421  5.909  93.993  
869.925  5.943  93.959  
871.429  5.979  93.924  
872.932  6.013  93.890  
874.436  6.047  93.856  
875.940  6.083  93.820  
877.444  6.121  93.783  
878.947  6.159  93.746  
880.451  6.198  93.706  
881.955  6.235  93.669  
883.459  6.274  93.630  
884.962  6.312  93.594  
886.466  6.343  93.563  
887.970  6.371  93.535  
889.474  6.401  93.506  
890.977  6.428  93.479  
892.481  6.457  93.451  
893.985  6.486  93.422  
895.489  6.513  93.396  
896.992  6.540  93.369  
898.496  6.570  93.340  
900.000  6.596  93.314  
