#Lam(nm)  R%(0-100)  T%(0-100)
300.000  40.296  2.014  
301.504  39.823  2.183  
303.008  39.348  2.357  
304.511  38.869  2.538  
306.015  38.387  2.729  
307.519  37.902  2.927  
309.023  37.414  3.133  
310.526  36.923  3.348  
312.030  36.429  3.572  
313.534  35.932  3.806  
315.038  35.434  4.049  
316.541  34.934  4.303  
318.045  34.426  4.573  
319.549  33.674  5.023  
321.053  32.950  5.510  
322.556  32.258  6.037  
324.060  31.605  6.608  
325.564  31.004  7.227  
327.068  30.461  7.897  
328.571  29.991  8.622  
330.075  29.606  9.408  
331.579  29.321  10.259  
333.083  29.163  11.183  
334.586  29.150  12.183  
336.090  29.309  13.268  
337.594  29.676  14.448  
339.098  30.285  15.731  
340.602  31.192  17.125  
342.105  32.446  18.645  
343.609  34.114  20.301  
345.113  34.584  21.116  
346.617  34.536  21.607  
348.120  34.508  22.101  
349.624  34.482  22.593  
351.128  34.473  23.087  
352.632  34.474  23.583  
354.135  34.490  24.076  
355.639  34.501  24.582  
357.143  34.503  25.110  
358.647  34.486  25.674  
360.150  34.434  26.307  
361.654  34.317  27.053  
363.158  34.161  27.898  
364.662  33.972  28.840  
366.165  33.669  29.997  
367.669  33.360  31.248  
369.173  33.037  32.594  
370.677  32.694  34.066  
372.180  32.338  35.630  
373.684  31.978  37.271  
375.188  31.657  38.962  
376.692  31.366  40.694  
378.195  31.092  42.473  
379.699  30.874  44.254  
381.203  30.701  46.047  
382.707  30.550  47.870  
384.211  30.448  49.702  
385.714  30.368  51.560  
387.218  30.333  53.427  
388.722  30.250  55.262  
390.226  30.095  57.046  
391.729  29.988  58.828  
393.233  29.899  60.646  
394.737  29.813  62.484  
396.241  29.771  64.342  
397.744  29.738  66.228  
399.248  29.742  68.113  
400.752  29.309  69.524  
402.256  28.431  70.425  
403.759  27.596  71.278  
405.263  26.781  72.122  
406.767  25.994  72.914  
408.271  25.218  73.714  
409.774  24.448  74.502  
411.278  23.699  75.280  
412.782  22.960  76.038  
414.286  22.244  76.760  
415.789  21.555  77.468  
417.293  20.885  78.151  
418.797  20.233  78.836  
420.301  19.572  79.504  
421.805  18.927  80.172  
423.308  18.293  80.819  
424.812  17.679  81.467  
426.316  17.089  82.063  
427.820  16.520  82.651  
429.323  15.961  83.223  
430.827  15.418  83.799  
432.331  14.877  84.347  
433.835  14.357  84.886  
435.338  13.872  85.383  
436.842  13.392  85.879  
438.346  12.885  86.412  
439.850  12.391  86.925  
441.353  11.934  87.407  
442.857  11.477  87.867  
444.361  11.025  88.348  
445.865  10.575  88.813  
447.368  10.172  89.225  
448.872  9.784  89.628  
450.376  9.376  90.065  
451.880  8.966  90.489  
453.383  8.588  90.876  
454.887  8.236  91.242  
456.391  7.896  91.607  
457.895  7.566  91.956  
459.398  7.243  92.290  
460.902  6.935  92.611  
462.406  6.638  92.929  
463.910  6.352  93.233  
465.414  6.074  93.522  
466.917  5.787  93.838  
468.421  5.491  94.145  
469.925  5.211  94.437  
471.429  4.962  94.705  
472.932  4.718  94.950  
474.436  4.441  95.249  
475.940  4.163  95.547  
477.444  3.915  95.814  
478.947  3.711  96.019  
480.451  3.518  96.239  
481.955  3.308  96.459  
483.459  3.103  96.673  
484.962  2.911  96.875  
486.466  2.735  97.077  
487.970  2.564  97.258  
489.474  2.401  97.438  
490.977  2.246  97.610  
492.481  2.097  97.768  
493.985  1.951  97.923  
495.489  1.813  98.073  
496.992  1.685  98.225  
498.496  1.562  98.349  
500.000  1.445  98.483  
501.504  1.326  98.601  
503.008  1.214  98.714  
504.511  1.111  98.817  
506.015  1.021  98.907  
507.519  0.936  98.993  
509.023  0.847  99.082  
510.526  0.758  99.171  
512.030  0.675  99.255  
513.534  0.603  99.327  
515.038  0.538  99.392  
516.541  0.477  99.453  
518.045  0.419  99.515  
519.549  0.364  99.570  
521.053  0.315  99.620  
522.556  0.269  99.665  
524.060  0.228  99.706  
525.564  0.192  99.743  
527.068  0.157  99.779  
528.571  0.126  99.810  
530.075  0.100  99.836  
531.579  0.080  99.856  
533.083  0.064  99.873  
534.586  0.050  99.887  
536.090  0.039  99.898  
537.594  0.031  99.906  
539.098  0.027  99.911  
540.602  0.025  99.913  
542.105  0.026  99.913  
543.609  0.030  99.912  
545.113  0.037  99.905  
546.617  0.046  99.896  
548.120  0.058  99.884  
549.624  0.074  99.869  
551.128  0.093  99.849  
552.632  0.116  99.827  
554.135  0.139  99.804  
555.639  0.162  99.781  
557.143  0.187  99.757  
558.647  0.214  99.730  
560.150  0.246  99.698  
561.654  0.281  99.663  
563.158  0.318  99.626  
564.662  0.355  99.590  
566.165  0.393  99.552  
567.669  0.432  99.513  
569.173  0.474  99.472  
570.677  0.519  99.429  
572.180  0.566  99.383  
573.684  0.615  99.334  
575.188  0.665  99.284  
576.692  0.716  99.233  
578.195  0.769  99.180  
579.699  0.823  99.127  
581.203  0.875  99.075  
582.707  0.928  99.022  
584.211  0.982  98.968  
585.714  1.039  98.912  
587.218  1.097  98.854  
588.722  1.157  98.794  
590.226  1.217  98.734  
591.729  1.281  98.671  
593.233  1.346  98.606  
594.737  1.412  98.540  
596.241  1.479  98.473  
597.744  1.546  98.406  
599.248  1.614  98.338  
600.752  1.683  98.270  
602.256  1.752  98.202  
603.759  1.821  98.134  
605.263  1.891  98.065  
606.767  1.961  97.995  
608.271  2.032  97.924  
609.774  2.105  97.852  
611.278  2.177  97.779  
612.782  2.251  97.706  
614.286  2.325  97.632  
615.789  2.401  97.556  
617.293  2.477  97.480  
618.797  2.554  97.403  
620.301  2.631  97.327  
621.805  2.707  97.251  
623.308  2.783  97.175  
624.812  2.859  97.099  
626.316  2.936  97.022  
627.820  3.017  96.941  
629.323  3.098  96.861  
630.827  3.179  96.780  
632.331  3.260  96.698  
633.835  3.341  96.618  
635.338  3.420  96.539  
636.842  3.500  96.459  
638.346  3.580  96.382  
639.850  3.661  96.301  
641.353  3.741  96.221  
642.857  3.822  96.140  
644.361  3.903  96.059  
645.865  3.984  95.979  
647.368  4.066  95.897  
648.872  4.147  95.816  
650.376  4.229  95.734  
651.880  4.311  95.652  
653.383  4.392  95.571  
654.887  4.474  95.490  
656.391  4.555  95.408  
657.895  4.637  95.327  
659.398  4.717  95.246  
660.902  4.800  95.164  
662.406  4.882  95.082  
663.910  4.964  95.001  
665.414  5.046  94.919  
666.917  5.128  94.837  
668.421  5.209  94.755  
669.925  5.292  94.672  
671.429  5.374  94.591  
672.932  5.455  94.510  
674.436  5.537  94.428  
675.940  5.618  94.347  
677.444  5.701  94.266  
678.947  5.783  94.185  
680.451  5.864  94.104  
681.955  5.945  94.023  
683.459  6.027  93.941  
684.962  6.107  93.861  
686.466  6.188  93.780  
687.970  6.269  93.699  
689.474  6.349  93.620  
690.977  6.430  93.539  
692.481  6.509  93.459  
693.985  6.590  93.379  
695.489  6.669  93.300  
696.992  6.750  93.219  
698.496  6.830  93.140  
700.000  6.911  93.059  
701.504  6.990  92.979  
703.008  7.071  92.898  
704.511  7.150  92.819  
706.015  7.229  92.741  
707.519  7.309  92.661  
709.023  7.387  92.583  
710.526  7.465  92.505  
712.030  7.543  92.427  
713.534  7.621  92.349  
715.038  7.701  92.270  
716.541  7.778  92.192  
718.045  7.856  92.115  
719.549  7.934  92.037  
721.053  8.012  91.959  
722.556  8.088  91.883  
724.060  8.165  91.808  
725.564  8.243  91.730  
727.068  8.319  91.654  
728.571  8.394  91.579  
730.075  8.470  91.503  
731.579  8.547  91.427  
733.083  8.623  91.351  
734.586  8.698  91.275  
736.090  8.773  91.201  
737.594  8.848  91.126  
739.098  8.922  91.052  
740.602  8.997  90.977  
742.105  9.071  90.903  
743.609  9.145  90.829  
745.113  9.218  90.756  
746.617  9.291  90.684  
748.120  9.363  90.611  
749.624  9.435  90.539  
751.128  9.507  90.468  
752.632  9.579  90.396  
754.135  9.650  90.325  
755.639  9.721  90.254  
757.143  9.793  90.182  
758.647  9.865  90.110  
760.150  9.937  90.038  
761.654  10.009  89.966  
763.158  10.080  89.895  
764.662  10.151  89.824  
766.165  10.222  89.753  
767.669  10.292  89.684  
769.173  10.361  89.614  
770.677  10.430  89.545  
772.180  10.499  89.476  
773.684  10.568  89.408  
775.188  10.636  89.340  
776.692  10.703  89.274  
778.195  10.771  89.207  
779.699  10.837  89.141  
781.203  10.903  89.075  
782.707  10.970  89.008  
784.211  11.036  88.942  
785.714  11.102  88.876  
787.218  11.167  88.811  
788.722  11.233  88.745  
790.226  11.296  88.682  
791.729  11.361  88.617  
793.233  11.425  88.553  
794.737  11.489  88.489  
796.241  11.553  88.425  
797.744  11.616  88.362  
799.248  11.679  88.299  
800.752  11.743  88.236  
802.256  11.806  88.173  
803.759  11.867  88.111  
805.263  11.929  88.049  
806.767  11.992  87.987  
808.271  12.055  87.924  
809.774  12.116  87.863  
811.278  12.177  87.802  
812.782  12.239  87.740  
814.286  12.300  87.679  
815.789  12.360  87.619  
817.293  12.421  87.558  
818.797  12.482  87.497  
820.301  12.541  87.438  
821.805  12.602  87.378  
823.308  12.661  87.318  
824.812  12.720  87.260  
826.316  12.779  87.200  
827.820  12.838  87.142  
829.323  12.897  87.082  
830.827  12.957  87.023  
832.331  13.014  86.965  
833.835  13.073  86.907  
835.338  13.131  86.849  
836.842  13.188  86.793  
838.346  13.246  86.735  
839.850  13.303  86.679  
841.353  13.360  86.622  
842.857  13.416  86.566  
844.361  13.473  86.509  
845.865  13.530  86.452  
847.368  13.585  86.397  
848.872  13.641  86.341  
850.376  13.695  86.287  
851.880  13.751  86.231  
853.383  13.805  86.177  
854.887  13.860  86.122  
856.391  13.914  86.068  
857.895  13.968  86.014  
859.398  14.022  85.960  
860.902  14.075  85.907  
862.406  14.129  85.854  
863.910  14.181  85.801  
865.414  14.234  85.748  
866.917  14.286  85.696  
868.421  14.339  85.644  
869.925  14.390  85.592  
871.429  14.441  85.541  
872.932  14.493  85.489  
874.436  14.544  85.439  
875.940  14.595  85.387  
877.444  14.645  85.337  
878.947  14.696  85.286  
880.451  14.746  85.237  
881.955  14.795  85.188  
883.459  14.846  85.137  
884.962  14.894  85.089  
886.466  14.944  85.039  
887.970  14.992  84.991  
889.474  15.041  84.942  
890.977  15.090  84.894  
892.481  15.137  84.846  
893.985  15.186  84.797  
895.489  15.233  84.750  
896.992  15.280  84.704  
898.496  15.328  84.656  
900.000  15.374  84.609  
