# ========================================================
# RESULTADOS DE AJUSTE ELIPSOMÉTRICO (AUTORANGE + TMM)
# ========================================================
# Archivo de origen: Al2O3_nanotubes.8-med1.txt
# Espesores óptimos (nm): [np.float64(24.451864807278692), np.float64(941.4446879158414)]
# Error mínimo (Chi2 Red / MSE): 2.812875e-01
# Parámetros de dispersión optimizados:
#   Capa 'Al2O3_nanotube': {'model': 'bruggeman_EMA', 'linked_to': 'Al2O3', 'f_air': 0.6895379295966166, 'f_optimized': True}
#   Capa 'Al2O3': {'model': 'cauchy', 'A': 1.8435857360182815, 'B': -9.624392901677835, 'C': -9.866142981514303}
# ========================================================
# Wavelength_nm	Is_exp	Is_fit	Ic_exp	Ic_fit	Psi_exp_deg	Psi_fit_deg	Delta_exp_deg	Delta_fit_deg
829.9594	0.700899	0.714882	-0.003841	0.029263	22.2500	22.8413	90.3140	87.6560
829.5408	0.701325	0.716919	-0.003146	0.032023	22.2670	22.9297	90.2570	87.4424
829.1221	0.700955	0.718940	-0.002288	0.034784	22.2520	23.0182	90.1870	87.2301
828.7034	0.701006	0.720945	-0.002166	0.037546	22.2540	23.1067	90.1770	87.0188
828.2845	0.700459	0.722936	-0.001650	0.040308	22.2320	23.1953	90.1350	86.8087
827.8656	0.701655	0.724910	-0.001151	0.043071	22.2800	23.2839	90.0940	86.5997
827.4465	0.702451	0.726870	-0.000625	0.045836	22.3120	23.3726	90.0510	86.3918
827.0275	0.702774	0.728813	0.000196	0.048599	22.3250	23.4613	89.9840	86.1850
826.6082	0.702600	0.730742	0.000441	0.051339	22.3180	23.5500	89.9640	85.9813
826.1889	0.703022	0.732655	0.000920	0.054076	22.3350	23.6387	89.9250	85.7787
825.7695	0.703369	0.734553	0.001191	0.056804	22.3490	23.7275	89.9030	85.5780
825.3500	0.703765	0.736437	0.001486	0.059524	22.3650	23.8163	89.8790	85.3790
824.9305	0.703418	0.738306	0.001559	0.062244	22.3510	23.9051	89.8730	85.1810
824.5108	0.703193	0.740161	0.002062	0.064963	22.3420	23.9941	89.8320	84.9840
824.0911	0.703439	0.742001	0.002824	0.067682	22.3520	24.0830	89.7700	84.7881
823.6713	0.703313	0.743827	0.003142	0.070401	22.3470	24.1721	89.7440	84.5933
823.2513	0.703536	0.745640	0.003254	0.073119	22.3560	24.2613	89.7350	84.3993
822.8313	0.703957	0.747439	0.003452	0.075836	22.3730	24.3505	89.7190	84.2065
822.4112	0.704552	0.749223	0.003271	0.078553	22.3970	24.4398	89.7340	84.0146
821.9910	0.705446	0.750994	0.002795	0.081269	22.4330	24.5292	89.7730	83.8238
821.5707	0.705000	0.752752	0.002904	0.083983	22.4150	24.6187	89.7640	83.6339
821.1503	0.704777	0.754496	0.002903	0.086697	22.4060	24.7083	89.7640	83.4451
820.7299	0.705321	0.756226	0.003078	0.089408	22.4280	24.7980	89.7500	83.2572
820.3093	0.705792	0.757944	0.002846	0.092119	22.4470	24.8878	89.7690	83.0703
819.8886	0.706804	0.759648	0.003109	0.094829	22.4880	24.9777	89.7480	82.8844
819.4679	0.707493	0.761339	0.003532	0.097536	22.5160	25.0677	89.7140	82.6995
819.0471	0.708233	0.763017	0.003473	0.100242	22.5460	25.1578	89.7190	82.5156
818.6262	0.708798	0.764682	0.003810	0.102946	22.5690	25.2480	89.6920	82.3326
818.2051	0.709116	0.766334	0.004121	0.105649	22.5820	25.3383	89.6670	82.1505
817.7841	0.709411	0.767974	0.004235	0.108349	22.5940	25.4288	89.6580	81.9695
817.3629	0.709313	0.769601	0.004098	0.111047	22.5900	25.5194	89.6690	81.7894
816.9416	0.710003	0.771215	0.003854	0.113743	22.6180	25.6101	89.6890	81.6102
816.5202	0.710247	0.772818	0.004103	0.116437	22.6280	25.7009	89.6690	81.4320
816.0988	0.710469	0.774408	0.003956	0.119128	22.6370	25.7919	89.6810	81.2547
815.6772	0.711276	0.775989	0.004494	0.121833	22.6700	25.8833	89.6380	81.0772
815.2556	0.711375	0.777560	0.004433	0.124540	22.6740	25.9749	89.6430	80.9003
814.8338	0.711915	0.779119	0.004349	0.127249	22.6960	26.0667	89.6500	80.7241
814.4120	0.712330	0.780667	0.004575	0.129959	22.7130	26.1588	89.6320	80.5485
813.9901	0.712431	0.782203	0.004103	0.132667	22.7170	26.2510	89.6700	80.3738
813.5681	0.713044	0.783727	0.003858	0.135372	22.7420	26.3433	89.6900	80.2001
813.1460	0.713165	0.785240	0.004182	0.138074	22.7470	26.4359	89.6640	80.0272
812.7238	0.713189	0.786741	0.004145	0.140773	22.7480	26.5286	89.6670	79.8553
812.3015	0.714261	0.788231	0.004775	0.143468	22.7920	26.6215	89.6170	79.6843
811.8792	0.713409	0.789709	0.004296	0.146160	22.7570	26.7146	89.6550	79.5143
811.4567	0.713751	0.791175	0.004385	0.148849	22.7710	26.8078	89.6480	79.3451
811.0341	0.714238	0.792631	0.004637	0.151535	22.7910	26.9013	89.6280	79.1768
810.6115	0.714194	0.794076	0.003764	0.154216	22.7890	26.9949	89.6980	79.0095
810.1888	0.714192	0.795509	0.004138	0.156894	22.7890	27.0887	89.6680	78.8430
809.7659	0.714921	0.796932	0.004679	0.159569	22.8190	27.1828	89.6250	78.6775
809.3430	0.715505	0.798344	0.004920	0.162239	22.8430	27.2770	89.6060	78.5128
808.9200	0.716035	0.799746	0.005836	0.164906	22.8650	27.3715	89.5330	78.3490
808.4969	0.716613	0.801137	0.006516	0.167569	22.8890	27.4661	89.4790	78.1861
808.0737	0.717024	0.802517	0.006796	0.170227	22.9060	27.5611	89.4570	78.0241
807.6505	0.717172	0.803887	0.006672	0.172882	22.9120	27.6562	89.4670	77.8630
807.2271	0.717244	0.805247	0.006735	0.175532	22.9150	27.7516	89.4620	77.7027
806.8036	0.718016	0.806597	0.007369	0.178179	22.9470	27.8472	89.4120	77.5433
806.3801	0.718692	0.807937	0.007664	0.180821	22.9750	27.9430	89.3890	77.3848
805.9564	0.719343	0.809267	0.008111	0.183459	23.0020	28.0392	89.3540	77.2271
805.5327	0.720016	0.810589	0.008571	0.186091	23.0300	28.1356	89.3180	77.0703
805.1089	0.720854	0.811900	0.009336	0.188719	23.0650	28.2323	89.2580	76.9144
804.6850	0.721336	0.813210	0.009418	0.191340	23.0850	28.3297	89.2520	76.7597
804.2610	0.721477	0.814514	0.009709	0.193955	23.0910	28.4274	89.2290	76.6060
803.8369	0.721981	0.815808	0.010018	0.196565	23.1120	28.5255	89.2050	76.4531
803.4127	0.722773	0.817093	0.010282	0.199171	23.1450	28.6238	89.1850	76.3010
802.9884	0.723208	0.818368	0.010250	0.201772	23.1630	28.7225	89.1880	76.1497
802.5640	0.723616	0.819635	0.010344	0.204368	23.1800	28.8215	89.1810	75.9993
802.1396	0.723662	0.820891	0.010522	0.206959	23.1820	28.9207	89.1670	75.8498
801.7150	0.723763	0.822140	0.010220	0.209546	23.1860	29.0203	89.1910	75.7010
801.2903	0.724454	0.823379	0.010698	0.212127	23.2150	29.1203	89.1540	75.5530
800.8657	0.724624	0.824609	0.010574	0.214703	23.2220	29.2205	89.1640	75.4060
800.4408	0.724548	0.825831	0.010864	0.217275	23.2190	29.3211	89.1410	75.2596
800.0159	0.725005	0.827043	0.010807	0.219841	23.2380	29.4221	89.1460	75.1141
799.5909	0.725382	0.828248	0.011357	0.222402	23.2540	29.5234	89.1030	74.9695
799.1658	0.725765	0.829443	0.011401	0.224957	23.2700	29.6251	89.1000	74.8256
798.7406	0.726261	0.830631	0.011891	0.227508	23.2910	29.7272	89.0620	74.6825
798.3153	0.726931	0.831810	0.012003	0.230053	23.3190	29.8296	89.0540	74.5402
797.8899	0.727878	0.832981	0.012654	0.232593	23.3590	29.9325	89.0040	74.3987
797.4644	0.728045	0.834143	0.012670	0.235128	23.3660	30.0358	89.0030	74.2579
797.0389	0.728705	0.835297	0.013228	0.237657	23.3940	30.1394	88.9600	74.1180
796.6132	0.729007	0.836444	0.013730	0.240181	23.4070	30.2435	88.9210	73.9788
796.1875	0.729047	0.837582	0.014100	0.242699	23.4090	30.3480	88.8920	73.8404
795.7617	0.729471	0.838712	0.014414	0.245212	23.4270	30.4530	88.8680	73.7028
795.3357	0.730105	0.839834	0.014937	0.247719	23.4540	30.5584	88.8280	73.5659
794.9097	0.730810	0.840947	0.015398	0.250221	23.4840	30.6642	88.7930	73.4298
794.4836	0.731413	0.842050	0.016164	0.252715	23.5100	30.7703	88.7340	73.2945
794.0574	0.731702	0.843144	0.015991	0.255204	23.5220	30.8768	88.7480	73.1599
793.6310	0.732195	0.844231	0.016322	0.257687	23.5430	30.9838	88.7230	73.0261
793.2047	0.732846	0.845309	0.016925	0.260164	23.5710	31.0913	88.6770	72.8930
792.7782	0.733125	0.846379	0.017175	0.262636	23.5830	31.1993	88.6580	72.7606
792.3516	0.733480	0.847442	0.017221	0.265102	23.5980	31.3078	88.6550	72.6290
791.9249	0.733503	0.848498	0.017260	0.267563	23.5990	31.4168	88.6520	72.4980
791.4982	0.734300	0.849545	0.017638	0.270017	23.6330	31.5263	88.6240	72.3678
791.0714	0.734626	0.850585	0.017877	0.272466	23.6470	31.6364	88.6060	72.2383
790.6444	0.734953	0.851618	0.018065	0.274909	23.6610	31.7471	88.5920	72.1095
790.2173	0.735278	0.852643	0.018304	0.277347	23.6750	31.8584	88.5740	71.9814
789.7902	0.735789	0.853660	0.018689	0.279779	23.6970	31.9702	88.5450	71.8540
789.3630	0.736139	0.854670	0.018878	0.282204	23.7120	32.0827	88.5310	71.7272
788.9357	0.736588	0.855672	0.018838	0.284625	23.7310	32.1957	88.5350	71.6012
788.5083	0.736934	0.856666	0.019143	0.287039	23.7460	32.3094	88.5120	71.4758
788.0807	0.736939	0.857653	0.018976	0.289448	23.7460	32.4237	88.5250	71.3510
787.6532	0.737382	0.858631	0.019180	0.291851	23.7650	32.5386	88.5100	71.2270
787.2255	0.737473	0.859602	0.019273	0.294248	23.7690	32.6542	88.5030	71.1036
786.7977	0.737505	0.860566	0.019866	0.296639	23.7710	32.7705	88.4570	70.9808
786.3699	0.737878	0.861521	0.020018	0.299025	23.7870	32.8874	88.4460	70.8587
785.9419	0.738278	0.862468	0.020029	0.301405	23.8040	33.0050	88.4460	70.7371
785.5139	0.738603	0.863407	0.020205	0.303778	23.8180	33.1234	88.4330	70.6163
785.0857	0.738922	0.864339	0.020550	0.306147	23.8320	33.2425	88.4070	70.4960
784.6575	0.739402	0.865265	0.021041	0.308509	23.8530	33.3625	88.3700	70.3764
784.2291	0.739545	0.866184	0.020980	0.310865	23.8590	33.4834	88.3750	70.2574
783.8007	0.739656	0.867095	0.021203	0.313215	23.8640	33.6051	88.3580	70.1391
783.3722	0.739957	0.867999	0.021341	0.315559	23.8770	33.7276	88.3480	70.0214
782.9435	0.740626	0.868894	0.021748	0.317898	23.9060	33.8509	88.3180	69.9042
782.5148	0.741066	0.869780	0.021930	0.320230	23.9250	33.9751	88.3050	69.7876
782.0861	0.741120	0.870657	0.021685	0.322556	23.9270	34.1000	88.3240	69.6716
781.6572	0.741101	0.871524	0.021542	0.324877	23.9260	34.2258	88.3350	69.5561
781.2282	0.741355	0.872383	0.021666	0.327192	23.9370	34.3525	88.3260	69.4411
780.7991	0.741709	0.873231	0.021586	0.329502	23.9520	34.4800	88.3330	69.3267
780.3699	0.742058	0.874070	0.021648	0.331806	23.9670	34.6084	88.3290	69.2128
779.9407	0.742384	0.874899	0.021696	0.334103	23.9810	34.7377	88.3260	69.0993
779.5113	0.742618	0.875718	0.021703	0.336395	23.9910	34.8680	88.3260	68.9864
779.0818	0.743425	0.876526	0.022038	0.338682	24.0260	34.9992	88.3020	68.8739
778.6523	0.744135	0.877323	0.022475	0.340962	24.0570	35.1313	88.2700	68.7619
778.2227	0.744754	0.878110	0.022819	0.343237	24.0840	35.2644	88.2450	68.6504
777.7930	0.745124	0.878885	0.022909	0.345506	24.1000	35.3984	88.2390	68.5393
777.3632	0.745703	0.879648	0.023005	0.347770	24.1250	35.5335	88.2330	68.4286
776.9332	0.746231	0.880400	0.023217	0.350029	24.1480	35.6697	88.2180	68.3183
776.5032	0.746686	0.881140	0.023505	0.352281	24.1680	35.8069	88.1970	68.2084
776.0731	0.746938	0.881867	0.023604	0.354528	24.1790	35.9451	88.1900	68.0989
775.6429	0.747342	0.882581	0.024035	0.356770	24.1970	36.0844	88.1580	67.9897
775.2126	0.747870	0.883281	0.024195	0.359006	24.2200	36.2248	88.1470	67.8809
774.7822	0.748513	0.883964	0.024373	0.361239	24.2480	36.3661	88.1350	67.7722
774.3517	0.748754	0.884630	0.024067	0.363470	24.2580	36.5083	88.1590	67.6636
773.9212	0.749188	0.885280	0.024238	0.365695	24.2770	36.6515	88.1470	67.5552
773.4905	0.749489	0.885915	0.024221	0.367917	24.2900	36.7960	88.1490	67.4471
773.0598	0.749951	0.886534	0.024223	0.370132	24.3100	36.9416	88.1500	67.3392
772.6289	0.750451	0.887137	0.024462	0.372344	24.3320	37.0885	88.1330	67.2316
772.1980	0.751154	0.887724	0.024813	0.374549	24.3630	37.2365	88.1080	67.1241
771.7669	0.751404	0.888294	0.024914	0.376750	24.3740	37.3859	88.1010	67.0169
771.3358	0.751633	0.888847	0.024947	0.378946	24.3840	37.5365	88.0990	66.9098
770.9046	0.751977	0.889381	0.024998	0.381136	24.3990	37.6884	88.0960	66.8029
770.4733	0.752412	0.889897	0.025052	0.383322	24.4180	37.8416	88.0930	66.6961
770.0419	0.752758	0.890393	0.024998	0.385503	24.4330	37.9962	88.0980	66.5894
769.6104	0.753310	0.890869	0.024964	0.387679	24.4570	38.1521	88.1020	66.4828
769.1787	0.753682	0.891324	0.024844	0.389850	24.4730	38.3095	88.1120	66.3762
768.7471	0.753845	0.891758	0.024771	0.392016	24.4800	38.4682	88.1180	66.2697
768.3152	0.754511	0.892170	0.024700	0.394179	24.5090	38.6284	88.1250	66.1632
767.8834	0.755031	0.892558	0.024915	0.396335	24.5320	38.7900	88.1100	66.0567
767.4514	0.755540	0.892923	0.025420	0.398487	24.5550	38.9531	88.0730	65.9501
767.0193	0.755992	0.893263	0.025581	0.400635	24.5750	39.1177	88.0620	65.8434
766.5872	0.756463	0.893578	0.025821	0.402778	24.5960	39.2838	88.0450	65.7367
766.1549	0.756885	0.893866	0.026166	0.404916	24.6150	39.4515	88.0200	65.6297
765.7225	0.757303	0.894128	0.025930	0.407051	24.6330	39.6208	88.0390	65.5226
765.2901	0.757784	0.894360	0.025867	0.409182	24.6540	39.7917	88.0450	65.4153
764.8575	0.758243	0.894563	0.025750	0.411310	24.6740	39.9644	88.0550	65.3076
764.4249	0.758649	0.894736	0.025856	0.413435	24.6920	40.1388	88.0480	65.1996
763.9922	0.759082	0.894878	0.025818	0.415555	24.7110	40.3149	88.0520	65.0912
763.5593	0.759775	0.894986	0.026134	0.417672	24.7420	40.4928	88.0300	64.9825
763.1264	0.760211	0.895061	0.026002	0.419783	24.7610	40.6723	88.0410	64.8734
762.6934	0.760652	0.895101	0.026350	0.421891	24.7810	40.8536	88.0160	64.7639
762.2603	0.760900	0.895104	0.026385	0.423994	24.7920	41.0367	88.0140	64.6540
761.8271	0.761281	0.895070	0.026491	0.426092	24.8090	41.2216	88.0070	64.5435
761.3938	0.761661	0.894997	0.026611	0.428187	24.8260	41.4083	87.9990	64.4325
760.9604	0.762192	0.894884	0.026963	0.430277	24.8500	41.5969	87.9740	64.3209
760.5269	0.762713	0.894729	0.026914	0.432363	24.8730	41.7874	87.9790	64.2086
760.0933	0.763359	0.894530	0.027137	0.434444	24.9020	41.9798	87.9640	64.0957
759.6597	0.763934	0.894288	0.027425	0.436521	24.9280	42.1741	87.9440	63.9820
759.2259	0.764276	0.893998	0.027303	0.438594	24.9430	42.3704	87.9540	63.8675
758.7921	0.764619	0.893661	0.027155	0.440663	24.9580	42.5686	87.9660	63.7522
758.3581	0.765127	0.893275	0.027427	0.442727	24.9810	42.7690	87.9470	63.6359
757.9240	0.765396	0.892837	0.027424	0.444788	24.9930	42.9713	87.9480	63.5187
757.4899	0.765819	0.892346	0.027533	0.446844	25.0120	43.1757	87.9410	63.4005
757.0556	0.766225	0.891800	0.027467	0.448895	25.0300	43.3823	87.9470	63.2812
756.6213	0.766784	0.891198	0.027514	0.450942	25.0550	43.5909	87.9450	63.1608
756.1868	0.767306	0.890537	0.027921	0.452986	25.0790	43.8018	87.9160	63.0391
755.7523	0.767536	0.889821	0.027769	0.455013	25.0890	44.0147	87.9280	62.9169
755.3177	0.767916	0.889046	0.027756	0.457028	25.1060	44.2297	87.9300	62.7939
754.8830	0.768299	0.888207	0.027675	0.459038	25.1230	44.4470	87.9370	62.6694
754.4482	0.768569	0.887301	0.027605	0.461043	25.1350	44.6666	87.9430	62.5435
754.0132	0.768977	0.886327	0.027431	0.463044	25.1530	44.8885	87.9570	62.4161
753.5782	0.769372	0.885281	0.027607	0.465040	25.1710	44.8873	87.9450	62.2870
753.1431	0.769814	0.884162	0.027730	0.467030	25.1910	44.6608	87.9370	62.1562
752.7079	0.770129	0.882967	0.027620	0.469016	25.2050	44.4320	87.9460	62.0236
752.2726	0.770619	0.881694	0.027624	0.470996	25.2270	44.2007	87.9470	61.8891
751.8373	0.770864	0.880340	0.027606	0.472971	25.2380	43.9671	87.9490	61.7527
751.4018	0.771381	0.878903	0.028043	0.474941	25.2620	43.7310	87.9180	61.6141
750.9662	0.771779	0.877379	0.028084	0.476906	25.2800	43.4924	87.9160	61.4734
750.5306	0.772115	0.875767	0.028015	0.478864	25.2950	43.2514	87.9220	61.3304
750.0948	0.772525	0.874063	0.028300	0.480817	25.3140	43.0078	87.9020	61.1851
749.6589	0.772925	0.872265	0.028274	0.482765	25.3320	42.7617	87.9050	61.0372
749.2230	0.773190	0.870370	0.028298	0.484706	25.3440	42.5132	87.9040	60.8867
748.7869	0.773476	0.868374	0.028349	0.486641	25.3570	42.2619	87.9010	60.7335
748.3508	0.773932	0.866276	0.028568	0.488569	25.3780	42.0082	87.8860	60.5775
747.9146	0.774292	0.864071	0.028378	0.490491	25.3940	41.7518	87.9010	60.4185
747.4782	0.774632	0.861756	0.028147	0.492406	25.4090	41.4928	87.9190	60.2564
747.0417	0.774984	0.859328	0.028174	0.494315	25.4250	41.2311	87.9180	60.0910
746.6052	0.775331	0.856786	0.028322	0.496208	25.4410	40.9662	87.9080	59.9227
746.1686	0.775805	0.854124	0.028610	0.498092	25.4630	40.6986	87.8880	59.7509
745.7319	0.776322	0.851340	0.028914	0.499968	25.4870	40.4282	87.8670	59.5755
745.2950	0.776758	0.848428	0.029012	0.501835	25.5070	40.1550	87.8610	59.3962
744.8582	0.777230	0.845388	0.029315	0.503693	25.5290	39.8792	87.8400	59.2130
744.4211	0.777560	0.842213	0.029300	0.505542	25.5440	39.6005	87.8420	59.0255
743.9841	0.777847	0.838902	0.029243	0.507381	25.5570	39.3193	87.8470	58.8338
743.5468	0.778299	0.835448	0.029478	0.509212	25.5780	39.0351	87.8310	58.6374
743.1096	0.778606	0.831851	0.029462	0.511032	25.5920	38.7484	87.8330	58.4363
742.6722	0.778877	0.828106	0.029227	0.512841	25.6040	38.4588	87.8510	58.2303
742.2347	0.779120	0.824207	0.029182	0.514640	25.6150	38.1665	87.8550	58.0191
741.7971	0.779459	0.820153	0.029467	0.516428	25.6310	37.8714	87.8350	57.8025
741.3594	0.779654	0.815939	0.029515	0.518203	25.6400	37.5736	87.8320	57.5804
740.9216	0.779897	0.811562	0.029429	0.519967	25.6510	37.2731	87.8390	57.3523
740.4838	0.780204	0.807018	0.029400	0.521718	25.6650	36.9699	87.8420	57.1183
740.0458	0.780410	0.802301	0.029148	0.523456	25.6740	36.6640	87.8610	56.8778
739.6077	0.780613	0.797408	0.028965	0.525180	25.6830	36.3553	87.8750	56.6307
739.1696	0.780896	0.792338	0.028975	0.526890	25.6960	36.0441	87.8750	56.3768
738.7313	0.781141	0.787082	0.028834	0.528585	25.7070	35.7302	87.8860	56.1157
738.2930	0.781441	0.781641	0.028955	0.530265	25.7210	35.4137	87.8780	55.8471
737.8545	0.781659	0.776007	0.028963	0.531938	25.7310	35.0950	87.8780	55.5701
737.4160	0.782051	0.770179	0.028950	0.533611	25.7490	34.7746	87.8800	55.2842
736.9773	0.782355	0.764152	0.028961	0.535268	25.7630	34.4516	87.8800	54.9898
736.5386	0.782640	0.757924	0.028876	0.536908	25.7760	34.1263	87.8870	54.6865
736.0997	0.782926	0.751489	0.028791	0.538530	25.7890	33.7985	87.8940	54.3740
735.6608	0.783255	0.744846	0.028693	0.540133	25.8040	33.4685	87.9020	54.0518
735.2218	0.783518	0.737990	0.028621	0.541717	25.8160	33.1363	87.9080	53.7197
734.7827	0.783659	0.730917	0.028311	0.543281	25.8220	32.8019	87.9310	53.3771
734.3434	0.783871	0.723624	0.028428	0.544825	25.8320	32.4653	87.9230	53.0235
733.9041	0.784192	0.716108	0.028536	0.546347	25.8470	32.1268	87.9160	52.6586
733.4647	0.784260	0.708367	0.028470	0.547846	25.8500	31.7863	87.9210	52.2819
733.0252	0.784397	0.700395	0.028255	0.549323	25.8560	31.4440	87.9370	51.8928
732.5856	0.784822	0.692192	0.028490	0.550775	25.8760	31.1000	87.9210	51.4908
732.1459	0.785039	0.683753	0.028457	0.552202	25.8860	30.7543	87.9240	51.0755
731.7061	0.785167	0.675076	0.028489	0.553604	25.8920	30.4072	87.9220	50.6461
731.2662	0.785370	0.666159	0.028277	0.554979	25.9010	30.0586	87.9380	50.2022
730.8262	0.785545	0.656999	0.028214	0.556327	25.9090	29.7089	87.9430	49.7431
730.3861	0.785685	0.647595	0.027904	0.557646	25.9150	29.3580	87.9660	49.2681
729.9459	0.785941	0.637943	0.027981	0.558934	25.9270	29.0062	87.9610	48.7767
729.5057	0.786134	0.628044	0.028016	0.560181	25.9360	28.6532	87.9590	48.2688
729.0653	0.786553	0.617892	0.028374	0.561397	25.9560	28.2996	87.9340	47.7427
728.6248	0.786641	0.607486	0.028309	0.562555	25.9600	27.9445	87.9390	47.1992
728.1843	0.786774	0.596827	0.028203	0.563674	25.9660	27.5891	87.9470	46.6364
727.7436	0.786992	0.585913	0.028129	0.564758	25.9760	27.2337	87.9530	46.0533
727.3028	0.787147	0.574744	0.028024	0.565806	25.9830	26.8784	87.9610	45.4490
726.8619	0.787505	0.563321	0.028230	0.566817	26.0000	26.5236	87.9470	44.8228
726.4210	0.787657	0.551646	0.028180	0.567789	26.0070	26.1696	87.9510	44.1738
725.9799	0.787978	0.539714	0.028233	0.568723	26.0220	25.8165	87.9480	43.5009
725.5388	0.788292	0.527533	0.028437	0.569616	26.0370	25.4648	87.9340	42.8034
725.0975	0.788690	0.515097	0.028727	0.570468	26.0560	25.1146	87.9140	42.0801
724.6561	0.789030	0.502412	0.028808	0.571278	26.0720	24.7662	87.9090	41.3301
724.2147	0.789182	0.489481	0.028759	0.572046	26.0790	24.4202	87.9130	40.5525
723.7732	0.789377	0.476304	0.028697	0.572769	26.0880	24.0768	87.9180	39.7463
723.3315	0.789595	0.462881	0.028594	0.573448	26.0980	23.7363	87.9260	38.9101
722.8898	0.789884	0.449221	0.028867	0.574080	26.1120	23.3992	87.9070	38.0434
722.4479	0.790181	0.435321	0.028947	0.574667	26.1260	23.0658	87.9020	37.1446
722.0060	0.790413	0.421192	0.029025	0.575205	26.1370	22.7367	87.8970	36.2133
721.5640	0.790868	0.406834	0.029442	0.575696	26.1590	22.4123	87.8680	35.2482
721.1218	0.791143	0.392249	0.029494	0.576137	26.1720	22.0930	87.8650	34.2481
720.6796	0.791399	0.377461	0.029503	0.576552	26.1840	21.7803	87.8650	33.2123
720.2373	0.791693	0.362465	0.029611	0.576925	26.1980	21.4742	87.8580	32.1399
719.7949	0.791870	0.347265	0.029438	0.577252	26.2060	21.1750	87.8710	31.0304
719.3524	0.792186	0.331867	0.029547	0.577532	26.2210	20.8831	87.8640	29.8830
718.9097	0.792438	0.316273	0.029625	0.577760	26.2330	20.5989	87.8590	28.6968
718.4670	0.792731	0.300496	0.029775	0.577936	26.2470	20.3232	87.8490	27.4720
718.0242	0.793269	0.284540	0.030155	0.578059	26.2730	20.0564	87.8230	26.2079
717.5813	0.793621	0.268412	0.030377	0.578128	26.2900	19.7991	87.8080	24.9044
717.1383	0.793998	0.252122	0.030516	0.578144	26.3080	19.5519	87.7990	23.5615
716.6952	0.794330	0.235678	0.030696	0.578106	26.3240	19.3154	87.7870	22.1793
716.2520	0.794705	0.219087	0.030877	0.578013	26.3420	19.0903	87.7750	20.7584
715.8087	0.795089	0.202360	0.031336	0.577866	26.3610	18.8770	87.7430	19.2995
715.3653	0.795502	0.185505	0.031589	0.577664	26.3810	18.6763	87.7260	17.8034
714.9218	0.795801	0.168533	0.031517	0.577407	26.3950	18.4887	87.7320	16.2714
714.4782	0.796173	0.151452	0.031713	0.577094	26.4130	18.3147	87.7190	14.7051
714.0345	0.796620	0.134274	0.032149	0.576727	26.4350	18.1549	87.6890	13.1062
713.5907	0.796971	0.117009	0.032330	0.576304	26.4520	18.0098	87.6770	11.4769
713.1469	0.797358	0.099670	0.032652	0.575827	26.4710	17.8799	87.6550	9.8201
712.7028	0.797683	0.082244	0.032931	0.575260	26.4870	17.7643	87.6360	8.1364
712.2588	0.798135	0.064764	0.033173	0.574622	26.5090	17.6641	87.6200	6.4305
711.8146	0.798525	0.047228	0.033412	0.573914	26.5280	17.5797	87.6040	4.7043
711.3703	0.798952	0.029649	0.033737	0.573132	26.5490	17.5113	87.5820	2.9613
710.9259	0.799415	0.012046	0.034176	0.572296	26.5720	17.4597	87.5520	1.2058
710.4814	0.799740	-0.005570	0.034428	0.571406	26.5880	17.4251	87.5350	-0.5585
710.0369	0.800169	-0.023183	0.034670	0.570464	26.6090	17.4077	87.5190	-2.3271
709.5922	0.800555	-0.040789	0.034925	0.569469	26.6280	17.4075	87.5020	-4.0969
709.1474	0.801005	-0.058375	0.035141	0.568423	26.6500	17.4244	87.4880	-5.8635
708.7026	0.801391	-0.075925	0.035382	0.567327	26.6690	17.4584	87.4720	-7.6226
708.2576	0.801840	-0.093435	0.035612	0.566180	26.6910	17.5092	87.4570	-9.3709
707.8125	0.802169	-0.110892	0.035711	0.564985	26.7070	17.5766	87.4510	-11.1045
707.3674	0.802633	-0.128279	0.036040	0.563741	26.7300	17.6603	87.4290	-12.8194
706.9221	0.803078	-0.145595	0.036313	0.562451	26.7520	17.7601	87.4110	-14.5130
706.4767	0.803520	-0.162825	0.036628	0.561114	26.7740	17.8754	87.3900	-16.1818
706.0313	0.803955	-0.179955	0.037098	0.559732	26.7960	18.0058	87.3580	-17.8227
705.5857	0.804441	-0.196983	0.037346	0.558306	26.8200	18.1509	87.3420	-19.4340
705.1401	0.804890	-0.213891	0.037507	0.556838	26.8420	18.3100	87.3320	-21.0126
704.6943	0.805377	-0.230676	0.037699	0.555336	26.8660	18.4830	87.3200	-22.5571
704.2484	0.805759	-0.247326	0.037928	0.553798	26.8850	18.6690	87.3050	-24.0655
703.8025	0.806142	-0.263828	0.038115	0.552227	26.9040	18.8676	87.2930	-25.5363
703.3564	0.806595	-0.280181	0.038574	0.550623	26.9270	19.0781	87.2620	-26.9690
702.9103	0.807098	-0.296370	0.038824	0.548984	26.9520	19.2998	87.2460	-28.3625
702.4641	0.807633	-0.312390	0.039246	0.547309	26.9790	19.5319	87.2180	-29.7167
702.0177	0.808112	-0.328238	0.039537	0.545599	27.0030	19.7740	87.1990	-31.0316
701.5712	0.808591	-0.343904	0.039815	0.543856	27.0270	20.0254	87.1810	-32.3069
701.1247	0.809093	-0.359376	0.040038	0.542081	27.0520	20.2854	87.1670	-33.5426
700.6780	0.809615	-0.374655	0.040248	0.540276	27.0780	20.5535	87.1540	-34.7394
700.2313	0.810056	-0.389729	0.040426	0.538442	27.1000	20.8291	87.1430	-35.8974
699.7844	0.810493	-0.404599	0.040675	0.536580	27.1220	21.1118	87.1270	-37.0175
699.3375	0.810934	-0.419253	0.040839	0.534691	27.1440	21.4008	87.1170	-38.1001
698.8904	0.811366	-0.433692	0.041159	0.532777	27.1660	21.6957	87.0960	-39.1464
698.4433	0.811820	-0.447906	0.041438	0.530839	27.1890	21.9960	87.0780	-40.1567
697.9961	0.812325	-0.461895	0.041918	0.528878	27.2150	22.3012	87.0460	-41.1323
697.5488	0.812839	-0.475653	0.042187	0.526896	27.2410	22.6107	87.0290	-42.0740
697.1013	0.813230	-0.489182	0.042477	0.524894	27.2610	22.9244	87.0100	-42.9831
696.6537	0.813687	-0.502466	0.042658	0.522869	27.2840	23.2413	86.9990	-43.8600
696.2061	0.814177	-0.515506	0.042954	0.520827	27.3090	23.5611	86.9800	-44.7058
695.7584	0.814655	-0.528299	0.043108	0.518767	27.3330	23.8835	86.9710	-45.5216
695.3105	0.815123	-0.540849	0.043418	0.516689	27.3570	24.2082	86.9510	-46.3087
694.8626	0.815612	-0.553154	0.043715	0.514598	27.3820	24.5348	86.9320	-47.0680
694.4146	0.816080	-0.565214	0.043997	0.512494	27.4060	24.8632	86.9140	-47.8006
693.9664	0.816573	-0.577033	0.044195	0.510377	27.4310	25.1930	86.9020	-48.5077
693.5182	0.817118	-0.588604	0.044525	0.508250	27.4590	25.5239	86.8810	-49.1900
693.0699	0.817652	-0.599931	0.044669	0.506113	27.4860	25.8557	86.8730	-49.8484
692.6215	0.818167	-0.611012	0.044797	0.503967	27.5120	26.1880	86.8660	-50.4839
692.1729	0.818597	-0.621851	0.044993	0.501812	27.5340	26.5207	86.8540	-51.0977
691.7243	0.819067	-0.632443	0.045162	0.499651	27.5580	26.8535	86.8440	-51.6901
691.2756	0.819632	-0.642793	0.045423	0.497484	27.5870	27.1861	86.8280	-52.2622
690.8267	0.820078	-0.652904	0.045663	0.495311	27.6100	27.5185	86.8130	-52.8150
690.3778	0.820583	-0.662771	0.045892	0.493134	27.6360	27.8503	86.7990	-53.3490
689.9288	0.821049	-0.672400	0.046105	0.490953	27.6600	28.1813	86.7860	-53.8649
689.4797	0.821569	-0.681792	0.046408	0.488769	27.6870	28.5115	86.7670	-54.3637
689.0304	0.822016	-0.690951	0.046577	0.486583	27.7100	28.8408	86.7570	-54.8460
688.5811	0.822463	-0.699877	0.046746	0.484393	27.7330	29.1687	86.7470	-55.3124
688.1317	0.822886	-0.708572	0.046957	0.482203	27.7550	29.4954	86.7340	-55.7636
687.6821	0.823276	-0.717041	0.047066	0.480011	27.7750	29.8206	86.7280	-56.2003
687.2325	0.823791	-0.725284	0.047384	0.477820	27.8020	30.1443	86.7080	-56.6229
686.7828	0.824216	-0.733304	0.047553	0.475630	27.8240	30.4662	86.6980	-57.0321
686.3329	0.824660	-0.741107	0.047708	0.473441	27.8470	30.7864	86.6890	-57.4283
685.8830	0.825146	-0.748691	0.047823	0.471255	27.8720	31.1047	86.6830	-57.8121
685.4330	0.825690	-0.756063	0.047942	0.469071	27.9000	31.4211	86.6770	-58.1840
684.9828	0.826169	-0.763227	0.048143	0.466890	27.9250	31.7354	86.6650	-58.5446
684.5327	0.826574	-0.770180	0.048268	0.464713	27.9460	32.0475	86.6580	-58.8940
684.0823	0.827036	-0.776934	0.048411	0.462539	27.9700	32.3575	86.6500	-59.2330
683.6319	0.827499	-0.783487	0.048525	0.460369	27.9940	32.6653	86.6440	-59.5619
683.1813	0.827918	-0.789845	0.048709	0.458204	28.0160	32.9707	86.6330	-59.8812
682.7307	0.828464	-0.796009	0.049060	0.456044	28.0450	33.2738	86.6110	-60.1910
682.2800	0.828924	-0.801983	0.049189	0.453889	28.0690	33.5744	86.6040	-60.4920
681.8292	0.829454	-0.807775	0.049438	0.451737	28.0970	33.8726	86.5890	-60.7845
681.3782	0.829926	-0.813389	0.049670	0.449586	28.1220	34.1684	86.5750	-61.0691
680.9272	0.830324	-0.818826	0.049839	0.447438	28.1430	34.4617	86.5650	-61.3461
680.4761	0.830814	-0.824103	0.050087	0.445273	28.1690	34.7526	86.5500	-61.6171
680.0248	0.831210	-0.829210	0.050257	0.443115	28.1900	35.0410	86.5400	-61.8808
679.5735	0.831645	-0.834148	0.050429	0.440964	28.2130	35.3267	86.5300	-62.1373
679.1221	0.832077	-0.838922	0.050630	0.438820	28.2360	35.6098	86.5180	-62.3870
678.6705	0.832512	-0.843537	0.050773	0.436683	28.2590	35.8903	86.5100	-62.6303
678.2189	0.832925	-0.847994	0.050958	0.434554	28.2810	36.1681	86.4990	-62.8672
677.7672	0.833348	-0.852297	0.051291	0.432432	28.3040	36.4433	86.4780	-63.0980
677.3154	0.833779	-0.856451	0.051478	0.430318	28.3270	36.7157	86.4670	-63.3231
676.8634	0.834229	-0.860460	0.051652	0.428212	28.3510	36.9856	86.4570	-63.5426
676.4114	0.834640	-0.864326	0.051838	0.426113	28.3730	37.2527	86.4460	-63.7567
675.9592	0.835009	-0.868054	0.052066	0.424022	28.3930	37.5172	86.4320	-63.9657
675.5070	0.835416	-0.871645	0.052296	0.421939	28.4150	37.7789	86.4180	-64.1697
675.0547	0.835810	-0.875105	0.052409	0.419864	28.4360	38.0379	86.4120	-64.3689
674.6022	0.836200	-0.878436	0.052595	0.417797	28.4570	38.2944	86.4010	-64.5636
674.1497	0.836625	-0.881642	0.052812	0.415738	28.4800	38.5481	86.3880	-64.7538
673.6971	0.836994	-0.884730	0.052997	0.413673	28.5000	38.7989	86.3770	-64.9406
673.2443	0.837460	-0.887703	0.053158	0.411609	28.5250	39.0471	86.3680	-65.1239
672.7915	0.837829	-0.890561	0.053343	0.409551	28.5450	39.2926	86.3570	-65.3032
672.3386	0.838215	-0.893307	0.053544	0.407499	28.5660	39.5354	86.3450	-65.4790
671.8855	0.838565	-0.895944	0.053699	0.405455	28.5850	39.7756	86.3360	-65.6511
671.4324	0.838916	-0.898474	0.053839	0.403419	28.6040	40.0132	86.3280	-65.8197
670.9791	0.839322	-0.900902	0.054012	0.401392	28.6260	40.2482	86.3180	-65.9849
670.5258	0.839739	-0.903228	0.054289	0.399372	28.6490	40.4806	86.3010	-66.1468
670.0723	0.840139	-0.905457	0.054521	0.397361	28.6710	40.7105	86.2870	-66.3057
669.6188	0.840527	-0.907590	0.054649	0.395358	28.6920	40.9378	86.2800	-66.4614
669.1651	0.840913	-0.909632	0.054807	0.393363	28.7130	41.1627	86.2710	-66.6143
668.7114	0.841317	-0.911584	0.054951	0.391376	28.7350	41.3849	86.2630	-66.7644
668.2575	0.841668	-0.913450	0.055048	0.389396	28.7540	41.6048	86.2580	-66.9119
667.8035	0.842087	-0.915231	0.055252	0.387424	28.7770	41.8221	86.2460	-67.0567
667.3495	0.842429	-0.916930	0.055467	0.385460	28.7960	42.0370	86.2330	-67.1990
666.8953	0.842813	-0.918551	0.055610	0.383503	28.8170	42.2495	86.2250	-67.3390
666.4411	0.843158	-0.920094	0.055766	0.381553	28.8360	42.4595	86.2160	-67.4768
665.9868	0.843524	-0.921564	0.055894	0.379610	28.8560	42.6671	86.2090	-67.6123
665.5323	0.843885	-0.922961	0.056080	0.377673	28.8760	42.8724	86.1980	-67.7458
665.0777	0.844246	-0.924289	0.056267	0.375743	28.8960	43.0754	86.1870	-67.8772
664.6230	0.844604	-0.925549	0.056484	0.373821	28.9160	43.2760	86.1740	-68.0067
664.1683	0.845003	-0.926743	0.056644	0.371906	28.9380	43.4743	86.1650	-68.1342
663.7134	0.845348	-0.927873	0.056770	0.369998	28.9570	43.6703	86.1580	-68.2599
663.2584	0.845670	-0.928942	0.056955	0.368096	28.9750	43.8641	86.1470	-68.3839
662.8034	0.845973	-0.929951	0.057139	0.366202	28.9920	44.0556	86.1360	-68.5061
662.3482	0.846314	-0.930903	0.057295	0.364315	29.0110	44.2450	86.1270	-68.6268
661.8929	0.846631	-0.931799	0.057539	0.362434	29.0290	44.4322	86.1120	-68.7459
661.4376	0.846986	-0.932640	0.057757	0.360560	29.0490	44.6171	86.0990	-68.8634
660.9821	0.847329	-0.933430	0.057884	0.358692	29.0680	44.8000	86.0920	-68.9796
660.5265	0.847652	-0.934169	0.058010	0.356831	29.0860	44.9807	86.0850	-69.0943
660.0708	0.847976	-0.934859	0.058136	0.354976	29.1040	44.8407	86.0780	-69.2077
659.6151	0.848335	-0.935499	0.058265	0.353135	29.1240	44.6643	86.0710	-69.3193
659.1592	0.848694	-0.936093	0.058409	0.351302	29.1440	44.4900	86.0630	-69.4296
658.7032	0.849012	-0.936641	0.058594	0.349480	29.1620	44.3178	86.0520	-69.5384
658.2471	0.849275	-0.937146	0.058776	0.347667	29.1770	44.1477	86.0410	-69.6459
657.7909	0.849561	-0.937610	0.058886	0.345860	29.1930	43.9795	86.0350	-69.7523
657.3346	0.849885	-0.938034	0.058968	0.344059	29.2110	43.8133	86.0310	-69.8576
656.8782	0.850195	-0.938421	0.058989	0.342263	29.2280	43.6491	86.0310	-69.9619
656.4218	0.850516	-0.938770	0.059101	0.340474	29.2460	43.4868	86.0250	-70.0653
655.9651	0.850817	-0.939085	0.059241	0.338689	29.2630	43.3263	86.0170	-70.1677
655.5084	0.851135	-0.939365	0.059398	0.336911	29.2810	43.1677	86.0080	-70.2692
655.0516	0.851415	-0.939612	0.059567	0.335138	29.2970	43.0110	85.9980	-70.3699
654.5947	0.851681	-0.939827	0.059675	0.333370	29.3120	42.8561	85.9920	-70.4697
654.1377	0.851984	-0.940012	0.059771	0.331607	29.3290	42.7031	85.9870	-70.5687
653.6806	0.852248	-0.940167	0.059894	0.329850	29.3440	42.5518	85.9800	-70.6670
653.2234	0.852545	-0.940293	0.060064	0.328098	29.3610	42.4023	85.9700	-70.7645
652.7661	0.852814	-0.940395	0.060113	0.326344	29.3760	42.2544	85.9680	-70.8618
652.3087	0.853095	-0.940472	0.060238	0.324588	29.3920	42.1083	85.9610	-70.9587
651.8511	0.853366	-0.940525	0.060257	0.322834	29.4070	41.9638	85.9610	-71.0553
651.3936	0.853649	-0.940555	0.060352	0.321080	29.4230	41.8209	85.9560	-71.1515
650.9358	0.853952	-0.940561	0.060418	0.319330	29.4400	41.6797	85.9530	-71.2471
650.4780	0.854292	-0.940545	0.060472	0.317586	29.4590	41.5402	85.9510	-71.3422
650.0201	0.854646	-0.940507	0.060572	0.315847	29.4790	41.4024	85.9460	-71.4366
649.5620	0.854962	-0.940447	0.060685	0.314112	29.4970	41.2661	85.9400	-71.5305
649.1039	0.855278	-0.940368	0.060812	0.312384	29.5150	41.1314	85.9330	-71.6239
648.6457	0.855569	-0.940269	0.061013	0.310660	29.5320	40.9984	85.9210	-71.7167
648.1873	0.855938	-0.940151	0.061144	0.308941	29.5530	40.8669	85.9140	-71.8091
647.7289	0.856243	-0.940016	0.061391	0.307228	29.5710	40.7369	85.8990	-71.9009
647.2703	0.856593	-0.939863	0.061522	0.305519	29.5910	40.6085	85.8920	-71.9924
646.8117	0.856863	-0.939695	0.061751	0.303815	29.6070	40.4816	85.8780	-72.0833
646.3530	0.857193	-0.939510	0.061895	0.302117	29.6260	40.3562	85.8700	-72.1738
645.8941	0.857487	-0.939311	0.062022	0.300420	29.6430	40.2324	85.8630	-72.2641
645.4351	0.857814	-0.939103	0.062196	0.298719	29.6620	40.1101	85.8530	-72.3547
644.9761	0.858145	-0.938880	0.062311	0.297023	29.6810	39.9893	85.8470	-72.4448
644.5169	0.858426	-0.938645	0.062617	0.295329	29.6980	39.8700	85.8280	-72.5347
644.0577	0.858743	-0.938398	0.062911	0.293640	29.7170	39.7521	85.8100	-72.6242
643.5983	0.859029	-0.938139	0.063128	0.291956	29.7340	39.6356	85.7970	-72.7134
643.1389	0.859358	-0.937869	0.063243	0.290278	29.7530	39.5205	85.7910	-72.8023
642.6793	0.859632	-0.937587	0.063384	0.288605	29.7690	39.4067	85.7830	-72.8908
642.2196	0.859914	-0.937295	0.063646	0.286937	29.7860	39.2944	85.7670	-72.9790
641.7598	0.860273	-0.936994	0.063824	0.285273	29.8070	39.1833	85.7570	-73.0668
641.2999	0.860626	-0.936683	0.064076	0.283616	29.8280	39.0737	85.7420	-73.1544
640.8400	0.861032	-0.936363	0.064318	0.281963	29.8520	38.9653	85.7280	-73.2416
640.3799	0.861337	-0.936035	0.064492	0.280316	29.8700	38.8583	85.7180	-73.3285
639.9197	0.861704	-0.935699	0.064762	0.278674	29.8920	38.7525	85.7020	-73.4152
639.4594	0.862028	-0.935356	0.064907	0.277036	29.9110	38.6481	85.6940	-73.5016
638.9990	0.862341	-0.935005	0.065188	0.275404	29.9300	38.5449	85.6770	-73.5878
638.5385	0.862625	-0.934650	0.065376	0.273773	29.9470	38.4430	85.6660	-73.6739
638.0779	0.862908	-0.934288	0.065579	0.272147	29.9640	38.3424	85.6540	-73.7598
637.6172	0.863188	-0.933921	0.065813	0.270527	29.9810	38.2431	85.6400	-73.8454
637.1564	0.863545	-0.933548	0.065961	0.268912	30.0020	38.1449	85.6320	-73.9308
636.6954	0.863850	-0.933170	0.066090	0.267302	30.0200	38.0480	85.6250	-74.0159
636.2344	0.864190	-0.932788	0.066435	0.265698	30.0410	37.9522	85.6040	-74.1008
635.7733	0.864522	-0.932401	0.066658	0.264100	30.0610	37.8577	85.5910	-74.1854
635.3121	0.864716	-0.932010	0.066855	0.262507	30.0730	37.7644	85.5790	-74.2698
634.8508	0.865011	-0.931616	0.067091	0.260919	30.0910	37.6722	85.5650	-74.3539
634.3893	0.865361	-0.931218	0.067300	0.259338	30.1120	37.5812	85.5530	-74.4379
633.9278	0.865791	-0.930817	0.067577	0.257762	30.1380	37.4913	85.5370	-74.5215
633.4662	0.866275	-0.930413	0.067812	0.256191	30.1670	37.4026	85.5240	-74.6050
633.0044	0.866662	-0.930007	0.067964	0.254627	30.1900	37.3150	85.5160	-74.6882
632.5425	0.866997	-0.929595	0.068097	0.253064	30.2100	37.2280	85.5090	-74.7714
632.0806	0.867331	-0.929181	0.068245	0.251507	30.2300	37.1421	85.5010	-74.8543
631.6186	0.867500	-0.928762	0.068289	0.249955	30.2400	37.0571	85.4990	-74.9371
631.1564	0.867824	-0.928342	0.068330	0.248407	30.2590	36.9730	85.4980	-75.0197
630.6942	0.868043	-0.927921	0.068621	0.246865	30.2730	36.8901	85.4800	-75.1020
630.2318	0.868204	-0.927498	0.068970	0.245329	30.2840	36.8083	85.4580	-75.1842
629.7693	0.868207	-0.927076	0.069153	0.243799	30.2850	36.7275	85.4460	-75.2661
629.3068	0.868529	-0.926653	0.069423	0.242276	30.3050	36.6479	85.4300	-75.3479
628.8441	0.868654	-0.926229	0.069585	0.240758	30.3130	36.5692	85.4200	-75.4294
628.3813	0.869168	-0.925806	0.069809	0.239247	30.3440	36.4917	85.4080	-75.5106
627.9184	0.869575	-0.925384	0.070071	0.237741	30.3690	36.4152	85.3930	-75.5917
627.4554	0.870063	-0.924962	0.069958	0.236243	30.3970	36.3398	85.4030	-75.6725
626.9923	0.870298	-0.924541	0.070221	0.234750	30.4120	36.2654	85.3870	-75.7531
626.5291	0.870476	-0.924124	0.070343	0.233264	30.4230	36.1923	85.3800	-75.8335
626.0658	0.870608	-0.923709	0.070399	0.231785	30.4310	36.1203	85.3770	-75.9137
625.6024	0.870921	-0.923307	0.070532	0.230311	30.4500	36.0503	85.3700	-75.9939
625.1389	0.871296	-0.922908	0.070103	0.228845	30.4700	35.9816	85.4000	-76.0738
624.6753	0.871985	-0.922512	0.069990	0.227386	30.5100	35.9138	85.4110	-76.1534
624.2115	0.872156	-0.922118	0.069758	0.225933	30.5190	35.8471	85.4270	-76.2328
623.7477	0.872354	-0.921726	0.069606	0.224488	30.5300	35.7813	85.4380	-76.3120
623.2838	0.872748	-0.921337	0.069346	0.223050	30.5520	35.7165	85.4570	-76.3909
622.8198	0.872908	-0.920951	0.069451	0.221620	30.5620	35.6528	85.4510	-76.4695
622.3557	0.872532	-0.920568	0.070769	0.220197	30.5460	35.5900	85.3630	-76.5478
621.8914	0.872417	-0.920187	0.071971	0.218780	30.5450	35.5281	85.2840	-76.6259
621.4271	0.872201	-0.919810	0.073333	0.217372	30.5390	35.4673	85.1940	-76.7037
620.9626	0.872025	-0.919437	0.075004	0.215971	30.5370	35.4074	85.0840	-76.7812
620.4980	0.871918	-0.919067	0.076436	0.214577	30.5380	35.3485	84.9900	-76.8584
620.0334	0.872058	-0.918701	0.077921	0.213192	30.5540	35.2906	84.8940	-76.9353
619.5687	0.872596	-0.918333	0.079643	0.211805	30.5950	35.2329	84.7850	-77.0124
619.1038	0.872782	-0.917969	0.080919	0.210425	30.6130	35.1761	84.7030	-77.0892
618.6388	0.872753	-0.917608	0.082131	0.209052	30.6180	35.1203	84.6240	-77.1657
618.1737	0.872970	-0.917251	0.083396	0.207687	30.6380	35.0653	84.5430	-77.2420
617.7086	0.873066	-0.916899	0.084682	0.206330	30.6510	35.0113	84.4600	-77.3179
617.2433	0.873250	-0.916552	0.085900	0.204981	30.6690	34.9583	84.3820	-77.3936
616.7779	0.873476	-0.916210	0.087015	0.203640	30.6890	34.9062	84.3110	-77.4689
616.3124	0.873652	-0.915872	0.087941	0.202308	30.7050	34.8551	84.2520	-77.5439
615.8468	0.873639	-0.915541	0.088726	0.200983	30.7090	34.8049	84.2010	-77.6186
615.3810	0.873922	-0.915214	0.089741	0.199667	30.7320	34.7556	84.1370	-77.6929
614.9153	0.873974	-0.914893	0.090532	0.198360	30.7400	34.7073	84.0860	-77.7669
614.4493	0.874125	-0.914578	0.091334	0.197061	30.7540	34.6599	84.0350	-77.8406
613.9833	0.874365	-0.914268	0.091915	0.195770	30.7720	34.6135	83.9990	-77.9139
613.5172	0.874580	-0.913972	0.092570	0.194485	30.7890	34.5685	83.9580	-77.9871
613.0510	0.874946	-0.913682	0.093211	0.193208	30.8150	34.5245	83.9190	-78.0600
612.5847	0.875295	-0.913399	0.093697	0.191940	30.8390	34.4815	83.8900	-78.1326
612.1182	0.875678	-0.913124	0.094155	0.190680	30.8650	34.4394	83.8630	-78.2049
611.6517	0.876062	-0.912855	0.094598	0.189429	30.8910	34.3983	83.8370	-78.2767
611.1850	0.876470	-0.912592	0.094967	0.188188	30.9180	34.3581	83.8160	-78.3482
610.7183	0.876866	-0.912337	0.095289	0.186956	30.9440	34.3188	83.7980	-78.4193
610.2514	0.877290	-0.912088	0.095645	0.185732	30.9720	34.2805	83.7780	-78.4900
609.7844	0.877686	-0.911847	0.095952	0.184519	30.9980	34.2431	83.7610	-78.5603
609.3173	0.878180	-0.911613	0.096099	0.183314	31.0290	34.2066	83.7550	-78.6302
608.8502	0.878756	-0.911386	0.096239	0.182119	31.0650	34.1711	83.7500	-78.6996
608.3829	0.879303	-0.911167	0.096191	0.180934	31.0980	34.1365	83.7570	-78.7687
607.9155	0.879857	-0.910956	0.096205	0.179761	31.1320	34.1028	83.7600	-78.8371
607.4480	0.880502	-0.910751	0.096135	0.178609	31.1710	34.0702	83.7690	-78.9045
606.9804	0.881106	-0.910554	0.095968	0.177466	31.2070	34.0385	83.7840	-78.9713
606.5127	0.881754	-0.910365	0.095836	0.176337	31.2460	34.0078	83.7970	-79.0376
606.0449	0.882379	-0.910185	0.095592	0.175218	31.2830	33.9781	83.8170	-79.1034
605.5770	0.883033	-0.910013	0.095226	0.174109	31.3210	33.9492	83.8450	-79.1687
605.1089	0.883724	-0.909849	0.094942	0.173009	31.3620	33.9214	83.8680	-79.2337
604.6408	0.884407	-0.909694	0.094719	0.171920	31.4030	33.8944	83.8870	-79.2981
604.1726	0.885200	-0.909548	0.094335	0.170840	31.4500	33.8684	83.9170	-79.3621
603.7042	0.886002	-0.909411	0.093857	0.169770	31.4970	33.8434	83.9530	-79.4256
603.2358	0.886765	-0.909283	0.093406	0.168711	31.5420	33.8193	83.9870	-79.4887
602.7673	0.887550	-0.909164	0.092878	0.167662	31.5880	33.7961	84.0260	-79.5513
602.2986	0.888230	-0.909055	0.092275	0.166623	31.6270	33.7739	84.0690	-79.6134
601.8298	0.888987	-0.908955	0.091664	0.165584	31.6710	33.7526	84.1130	-79.6757
601.3610	0.889762	-0.908865	0.091006	0.164537	31.7160	33.7320	84.1600	-79.7386
600.8920	0.890533	-0.908785	0.090363	0.163499	31.7610	33.7123	84.2060	-79.8010
600.4229	0.891295	-0.908714	0.089623	0.162470	31.8050	33.6936	84.2580	-79.8632
599.9537	0.892112	-0.908654	0.088919	0.161450	31.8530	33.6758	84.3080	-79.9248
599.4844	0.892901	-0.908604	0.088163	0.160442	31.8990	33.6591	84.3610	-79.9859
599.0150	0.893777	-0.908563	0.087273	0.159444	31.9500	33.6433	84.4230	-80.0465
598.5455	0.894573	-0.908534	0.086532	0.158456	31.9970	33.6285	84.4750	-80.1066
598.0759	0.895422	-0.908514	0.085841	0.157479	32.0480	33.6147	84.5240	-80.1662
597.6062	0.896199	-0.908505	0.084905	0.156512	32.0930	33.6018	84.5880	-80.2253
597.1364	0.897001	-0.908507	0.084002	0.155556	32.1400	33.5900	84.6500	-80.2839
596.6664	0.897891	-0.908519	0.083089	0.154610	32.1930	33.5792	84.7130	-80.3421
596.1964	0.898749	-0.908543	0.082141	0.153674	32.2440	33.5693	84.7780	-80.3997
595.7263	0.899547	-0.908576	0.081153	0.152742	32.2910	33.5603	84.8450	-80.4572
595.2560	0.900253	-0.908620	0.080155	0.151816	32.3320	33.5522	84.9120	-80.5144
594.7857	0.900897	-0.908675	0.079135	0.150900	32.3690	33.5451	84.9800	-80.5711
594.3152	0.901589	-0.908741	0.078213	0.149995	32.4100	33.5391	85.0420	-80.6274
593.8447	0.902265	-0.908819	0.077288	0.149101	32.4500	33.5341	85.1040	-80.6830
593.3740	0.902924	-0.908909	0.076344	0.148217	32.4890	33.5301	85.1670	-80.7382
592.9032	0.903670	-0.909011	0.075566	0.147344	32.5350	33.5272	85.2200	-80.7929
592.4323	0.904353	-0.909124	0.074796	0.146481	32.5770	33.5253	85.2720	-80.8470
591.9613	0.905103	-0.909249	0.073888	0.145628	32.6230	33.5244	85.3330	-80.9006
591.4902	0.905911	-0.909387	0.072952	0.144786	32.6730	33.5246	85.3960	-80.9537
591.0190	0.906820	-0.909536	0.072149	0.143954	32.7310	33.5259	85.4510	-81.0063
590.5477	0.907512	-0.909705	0.071295	0.143138	32.7740	33.5288	85.5080	-81.0581
590.0763	0.908338	-0.909885	0.070531	0.142332	32.8270	33.5327	85.5600	-81.1094
589.6048	0.908788	-0.910087	0.069752	0.141543	32.8540	33.5384	85.6110	-81.1598
589.1331	0.909364	-0.910302	0.068982	0.140765	32.8900	33.5453	85.6620	-81.2096
588.6614	0.909744	-0.910530	0.068707	0.139998	32.9150	33.5533	85.6810	-81.2590
588.1896	0.910230	-0.910772	0.068137	0.139240	32.9460	33.5624	85.7190	-81.3078
587.7176	0.910772	-0.911026	0.067762	0.138492	32.9820	33.5726	85.7450	-81.3562
587.2455	0.911399	-0.911293	0.067569	0.137753	33.0250	33.5839	85.7600	-81.4041
586.7734	0.911818	-0.911573	0.067472	0.137024	33.0540	33.5964	85.7680	-81.4515
586.3011	0.912089	-0.911867	0.068196	0.136304	33.0770	33.6100	85.7240	-81.4985
585.8287	0.911914	-0.912174	0.068839	0.135594	33.0680	33.6247	85.6830	-81.5450
585.3563	0.912173	-0.912495	0.069900	0.134892	33.0920	33.6406	85.6180	-81.5910
584.8837	0.912459	-0.912832	0.071123	0.134204	33.1190	33.6579	85.5430	-81.6363
584.4109	0.912501	-0.913190	0.072745	0.133538	33.1310	33.6770	85.4420	-81.6805
583.9382	0.912682	-0.913561	0.074347	0.132881	33.1530	33.6974	85.3430	-81.7241
583.4652	0.913405	-0.913949	0.074951	0.132236	33.2080	33.7191	85.3090	-81.7672
582.9922	0.913936	-0.914351	0.075637	0.131600	33.2500	33.7420	85.2690	-81.8098
582.5191	0.914558	-0.914767	0.076203	0.130971	33.2980	33.7662	85.2370	-81.8521
582.0458	0.915172	-0.915197	0.076495	0.130350	33.3440	33.7915	85.2220	-81.8940
581.5725	0.915679	-0.915641	0.076892	0.129736	33.3830	33.8181	85.2000	-81.9355
581.0991	0.916096	-0.916100	0.077184	0.129129	33.4150	33.8459	85.1840	-81.9767
580.6255	0.916113	-0.916572	0.077138	0.128529	33.4160	33.8750	85.1870	-82.0176
580.1519	0.916420	-0.917060	0.077421	0.127935	33.4400	33.9053	85.1710	-82.0581
579.6780	0.916927	-0.917557	0.077754	0.127330	33.4790	33.9364	85.1530	-82.0995
579.2042	0.917224	-0.918068	0.077973	0.126722	33.5020	33.9686	85.1410	-82.1411
578.7302	0.917607	-0.918588	0.078134	0.126097	33.5310	34.0014	85.1330	-82.1837
578.2561	0.917915	-0.919119	0.078193	0.125460	33.5540	34.0351	85.1310	-82.2271
577.7819	0.918219	-0.919665	0.078299	0.124829	33.5770	34.0701	85.1260	-82.2703
577.3076	0.918543	-0.920226	0.078489	0.124202	33.6020	34.1065	85.1160	-82.3133
576.8332	0.919059	-0.920802	0.078791	0.123581	33.6420	34.1442	85.1000	-82.3560
576.3586	0.919370	-0.921393	0.078786	0.122963	33.6650	34.1833	85.1020	-82.3986
575.8840	0.919856	-0.921999	0.078940	0.122349	33.7020	34.2237	85.0950	-82.4410
575.4093	0.920334	-0.922620	0.079014	0.121739	33.7380	34.2656	85.0930	-82.4833
574.9344	0.920785	-0.923256	0.079214	0.121131	33.7730	34.3088	85.0830	-82.5255
574.4595	0.921275	-0.923907	0.079273	0.120526	33.8100	34.3535	85.0820	-82.5676
573.9844	0.921653	-0.924574	0.079370	0.119922	33.8390	34.3996	85.0780	-82.6097
573.5092	0.922049	-0.925249	0.079550	0.119319	33.8700	34.4466	85.0690	-82.6517
573.0339	0.922478	-0.925940	0.079652	0.118717	33.9030	34.4951	85.0650	-82.6938
572.5586	0.922893	-0.926646	0.079736	0.118116	33.9350	34.5451	85.0620	-82.7359
572.0831	0.923334	-0.927368	0.079823	0.117514	33.9690	34.5966	85.0590	-82.7781
571.6075	0.923797	-0.928105	0.079944	0.116911	34.0050	34.6496	85.0540	-82.8204
571.1318	0.924257	-0.928858	0.079919	0.116307	34.0400	34.7042	85.0580	-82.8628
570.6559	0.924718	-0.929626	0.079878	0.115701	34.0750	34.7604	85.0630	-82.9055
570.1801	0.925200	-0.930410	0.079871	0.115093	34.1120	34.8181	85.0660	-82.9483
569.7040	0.925582	-0.931210	0.079806	0.114481	34.1410	34.8774	85.0720	-82.9914
569.2278	0.926049	-0.932025	0.079797	0.113864	34.1770	34.9383	85.0750	-83.0348
568.7516	0.926472	-0.932866	0.079834	0.113252	34.2100	35.0019	85.0750	-83.0781
568.2753	0.926882	-0.933733	0.079853	0.112641	34.2420	35.0680	85.0760	-83.1214
567.7988	0.927297	-0.934618	0.079954	0.112025	34.2750	35.1362	85.0720	-83.1650
567.3222	0.927702	-0.935524	0.080005	0.111406	34.3070	35.2066	85.0710	-83.2090
566.8455	0.928142	-0.936445	0.080076	0.110777	34.3420	35.2786	85.0690	-83.2535
566.3687	0.928554	-0.937381	0.080160	0.110139	34.3750	35.3525	85.0660	-83.2987
565.8918	0.929002	-0.938332	0.080117	0.109490	34.4100	35.4281	85.0710	-83.3445
565.4149	0.929446	-0.939297	0.080090	0.108829	34.4450	35.5055	85.0750	-83.3910
564.9377	0.929824	-0.940278	0.080090	0.108155	34.4750	35.5847	85.0770	-83.4384
564.4605	0.930236	-0.941272	0.080126	0.107467	34.5080	35.6658	85.0770	-83.4866
563.9832	0.930622	-0.942281	0.080159	0.106763	34.5390	35.7488	85.0770	-83.5358
563.5057	0.931021	-0.943288	0.080160	0.106010	34.5710	35.8319	85.0790	-83.5878
563.0282	0.931429	-0.944310	0.080196	0.105240	34.6040	35.9169	85.0790	-83.6409
562.5505	0.931898	-0.945336	0.080236	0.104430	34.6420	36.0028	85.0790	-83.6962
562.0728	0.932293	-0.946375	0.080237	0.103601	34.6740	36.0906	85.0810	-83.7526
561.5948	0.932734	-0.947429	0.080275	0.102750	34.7100	36.1805	85.0810	-83.8104
561.1169	0.933157	-0.948496	0.080361	0.101877	34.7450	36.2724	85.0780	-83.8694
560.6388	0.933580	-0.949578	0.080430	0.100981	34.7800	36.3665	85.0760	-83.9298
560.1606	0.934029	-0.950673	0.080469	0.100059	34.8170	36.4627	85.0760	-83.9917
559.6823	0.934422	-0.951781	0.080568	0.099111	34.8500	36.5612	85.0720	-84.0551
559.2039	0.934842	-0.952902	0.080621	0.098134	34.8850	36.6619	85.0710	-84.1202
558.7253	0.935238	-0.954046	0.080655	0.097149	34.9180	36.7662	85.0710	-84.1857
558.2467	0.935676	-0.955211	0.080611	0.096149	34.9540	36.8738	85.0760	-84.2521
557.7679	0.936106	-0.956396	0.080648	0.095132	34.9900	36.9849	85.0760	-84.3195
557.2891	0.936531	-0.957602	0.080717	0.094098	35.0260	37.0996	85.0740	-84.3879
556.8102	0.936938	-0.958817	0.080703	0.093024	35.0600	37.2167	85.0770	-84.4585
556.3311	0.937363	-0.960043	0.080739	0.091907	35.0960	37.3364	85.0770	-84.5316
555.8519	0.937797	-0.961278	0.080645	0.090747	35.1320	37.4587	85.0850	-84.6071
555.3726	0.938209	-0.962521	0.080664	0.089539	35.1670	37.5836	85.0860	-84.6853
554.8932	0.938591	-0.963772	0.080746	0.088283	35.2000	37.7111	85.0830	-84.7662
554.4137	0.938993	-0.965031	0.080847	0.086974	35.2350	37.8414	85.0790	-84.8501
553.9341	0.939412	-0.966292	0.080866	0.085603	35.2710	37.9741	85.0800	-84.9374
553.4543	0.939831	-0.967541	0.080869	0.084117	35.3070	38.1067	85.0820	-85.0313
552.9745	0.940196	-0.968793	0.080950	0.082570	35.3390	38.2421	85.0790	-85.1285
552.4946	0.940616	-0.970029	0.080904	0.080900	35.3750	38.3772	85.0840	-85.2326
552.0145	0.941039	-0.971269	0.080808	0.079169	35.4110	38.5154	85.0920	-85.3401
551.5344	0.941454	-0.972512	0.080794	0.077372	35.4470	38.6566	85.0950	-85.4512
551.0541	0.941848	-0.973757	0.080745	0.075506	35.4810	38.8011	85.1000	-85.5661
550.5737	0.942274	-0.975003	0.080699	0.073568	35.5180	38.9488	85.1050	-85.6850
550.0933	0.942692	-0.976247	0.080718	0.071555	35.5550	39.0998	85.1060	-85.8080
549.6127	0.943108	-0.977489	0.080753	0.069463	35.5920	39.2542	85.1060	-85.9353
549.1320	0.943528	-0.978727	0.080723	0.067288	35.6290	39.4122	85.1100	-86.0671
548.6511	0.943930	-0.979972	0.080757	0.065050	35.6650	39.5758	85.1100	-86.2023
548.1702	0.944330	-0.981213	0.080792	0.062730	35.7010	39.7440	85.1100	-86.3420
547.6891	0.944711	-0.982451	0.080774	0.060327	35.7350	39.9172	85.1130	-86.4862
547.2080	0.945112	-0.983680	0.080759	0.057830	35.7710	40.0950	85.1160	-86.6355
546.7267	0.945516	-0.984893	0.080694	0.055225	35.8070	40.2768	85.1220	-86.7907
546.2454	0.945930	-0.986087	0.080629	0.052509	35.8440	40.4627	85.1280	-86.9519
545.7639	0.946331	-0.987260	0.080563	0.049676	35.8800	40.6529	85.1340	-87.1195
545.2823	0.946704	-0.988409	0.080545	0.046721	35.9140	40.8474	85.1370	-87.2937
544.8007	0.947101	-0.989530	0.080496	0.043639	35.9500	41.0463	85.1420	-87.4748
544.3188	0.947476	-0.990620	0.080561	0.040423	35.9850	41.2498	85.1400	-87.6633
543.8369	0.947872	-0.991673	0.080478	0.037062	36.0210	41.4576	85.1470	-87.8597
543.3549	0.948262	-0.992683	0.080461	0.033543	36.0570	41.6694	85.1500	-88.0647
542.8728	0.948632	-0.993650	0.080409	0.029873	36.0910	41.8861	85.1550	-88.2780
542.3905	0.948993	-0.994567	0.080306	0.026042	36.1240	42.1077	85.1630	-88.5001
541.9082	0.949377	-0.995431	0.080305	0.022049	36.1600	42.3346	85.1650	-88.7311
541.4257	0.949753	-0.996235	0.080254	0.017886	36.1950	42.5669	85.1700	-88.9715
540.9431	0.950146	-0.996974	0.080237	0.013545	36.2320	42.8048	85.1730	-89.2216
540.4604	0.950532	-0.997640	0.080153	0.009019	36.2680	43.0485	85.1800	-89.4820
539.9777	0.950918	-0.998227	0.080185	0.004302	36.3050	43.2981	85.1800	-89.7531
539.4948	0.951285	-0.998727	0.080166	-0.000614	36.3400	43.5542	85.1830	-90.0352
539.0118	0.951673	-0.999130	0.080132	-0.005738	36.3770	43.8166	85.1870	-90.3290
538.5286	0.952055	-0.999432	0.080030	-0.011061	36.4130	44.0883	85.1950	-90.6341
538.0454	0.952448	-0.999618	0.079896	-0.016612	36.4500	44.3669	85.2050	-90.9521
537.5621	0.952825	-0.999675	0.079810	-0.022400	36.4860	44.6524	85.2120	-91.2836
537.0786	0.953184	-0.999594	0.079807	-0.028437	36.5210	44.9451	85.2140	-91.6295
536.5950	0.953580	-0.999360	0.079706	-0.034730	36.5590	44.7547	85.2220	-91.9904
536.1114	0.953948	-0.998961	0.079552	-0.041289	36.5940	44.4470	85.2330	-92.3668
535.6276	0.954314	-0.998381	0.079398	-0.048126	36.6290	44.1313	85.2440	-92.7597
535.1437	0.954685	-0.997605	0.079295	-0.055250	36.6650	43.8075	85.2520	-93.1699
534.6597	0.955080	-0.996615	0.079126	-0.062685	36.7030	43.4754	85.2640	-93.5990
534.1756	0.955460	-0.995392	0.079006	-0.070435	36.7400	43.1348	85.2730	-94.0475
533.6913	0.955816	-0.993916	0.078902	-0.078524	36.7750	42.7854	85.2810	-94.5173
533.2070	0.956219	-0.992167	0.078817	-0.086953	36.8150	42.4271	85.2880	-95.0086
532.7226	0.956657	-0.990120	0.078635	-0.095724	36.8580	42.0595	85.3010	-95.5221
532.2380	0.957034	-0.987752	0.078582	-0.104849	36.8960	41.6822	85.3060	-96.0592
531.7534	0.957439	-0.985036	0.078396	-0.114335	36.9360	41.2952	85.3190	-96.6208
531.2686	0.957854	-0.981943	0.078195	-0.124197	36.9770	40.8979	85.3330	-97.2085
530.7837	0.958269	-0.978442	0.078077	-0.134444	37.0190	40.4904	85.3420	-97.8238
530.2987	0.958681	-0.974502	0.077976	-0.145085	37.0610	40.0723	85.3500	-98.4681
529.8136	0.959044	-0.970103	0.077854	-0.156119	37.0980	39.6456	85.3590	-99.1422
529.3284	0.959440	-0.965225	0.077667	-0.167540	37.1380	39.2117	85.3720	-99.8471
528.8430	0.959839	-0.959804	0.077530	-0.179379	37.1790	38.7668	85.3820	-100.5859
528.3576	0.960284	-0.953805	0.077381	-0.191634	37.2250	38.3111	85.3930	-101.3603
527.8720	0.960687	-0.947177	0.077261	-0.204319	37.2670	37.8440	85.4020	-102.1730
527.3864	0.961092	-0.939875	0.077091	-0.217436	37.3090	37.3653	85.4140	-103.0260
526.9006	0.961513	-0.931847	0.076922	-0.230992	37.3530	36.8750	85.4260	-103.9222
526.4147	0.961954	-0.923042	0.076704	-0.244987	37.3990	36.3730	85.4410	-104.8643
525.9287	0.962404	-0.913401	0.076571	-0.259422	37.4470	35.8592	85.4510	-105.8555
525.4426	0.962854	-0.902848	0.076404	-0.274310	37.4950	35.3326	85.4630	-106.9003
524.9564	0.963290	-0.891337	0.076269	-0.289633	37.5420	34.7943	85.4730	-108.0012
524.4700	0.963780	-0.878765	0.076088	-0.305411	37.5950	34.2428	85.4860	-109.1647
523.9836	0.964233	-0.865108	0.075887	-0.321598	37.6440	33.6807	85.5000	-110.3923
523.4971	0.964674	-0.850296	0.075684	-0.338182	37.6920	33.1085	85.5140	-111.6888
523.0104	0.965103	-0.834256	0.075498	-0.355145	37.7390	32.5268	85.5270	-113.0596
522.5236	0.965567	-0.816921	0.075263	-0.372457	37.7900	31.9366	85.5430	-114.5096
522.0367	0.966075	-0.798222	0.075099	-0.390088	37.8470	31.3390	85.5550	-116.0446
521.5497	0.966548	-0.778090	0.074898	-0.408001	37.9000	30.7353	85.5690	-117.6708
521.0626	0.967010	-0.756456	0.074560	-0.426151	37.9510	30.1270	85.5910	-119.3948
520.5754	0.967481	-0.733267	0.074291	-0.444498	38.0040	29.5170	85.6090	-121.2238
520.0881	0.967927	-0.708452	0.074087	-0.462976	38.0550	28.9066	85.6230	-123.1648
519.6006	0.968408	-0.681948	0.073818	-0.481524	38.1100	28.2984	85.6410	-125.2259
519.1131	0.968846	-0.653715	0.073528	-0.500061	38.1600	27.6954	85.6600	-127.4143
518.6254	0.969307	-0.623698	0.073206	-0.518513	38.2130	27.1009	85.6810	-129.7385
518.1377	0.969759	-0.591875	0.072968	-0.536785	38.2660	26.5189	85.6970	-132.2056
517.6498	0.970215	-0.558212	0.072729	-0.554788	38.3200	25.9537	85.7130	-134.8237
517.1618	0.970619	-0.522707	0.072402	-0.572417	38.3670	25.4101	85.7340	-137.5990
516.6737	0.971028	-0.485322	0.072058	-0.589578	38.4150	24.8929	85.7560	-140.5398
516.1855	0.971442	-0.446100	0.071833	-0.606146	38.4650	24.4084	85.7710	-143.6484
515.6971	0.971894	-0.405067	0.071593	-0.622006	38.5200	23.9627	85.7870	-146.9268
515.2087	0.972323	-0.362309	0.071386	-0.637022	38.5730	23.5628	85.8010	-150.3708
514.7202	0.972775	-0.317918	0.071044	-0.651065	38.6280	23.2153	85.8230	-153.9735
514.2314	0.973184	-0.271981	0.070698	-0.664017	38.6780	22.9267	85.8450	-157.7260
513.7427	0.973604	-0.224662	0.070387	-0.675744	38.7300	22.7035	85.8650	-161.6097
513.2538	0.974033	-0.176083	0.070093	-0.686137	38.7840	22.5512	85.8840	-165.6068
512.7648	0.974453	-0.126475	0.069781	-0.695083	38.8370	22.4752	85.9040	-169.6875
512.2757	0.974871	-0.076033	0.069452	-0.702485	38.8900	22.4790	85.9250	-173.8227
511.7864	0.975314	-0.025008	0.069244	-0.708263	38.9480	22.5648	85.9390	-177.9778
511.2971	0.975741	0.026328	0.069086	-0.712352	39.0050	22.7331	85.9500	177.8834
510.8076	0.976182	0.077908	0.068792	-0.714692	39.0630	22.9829	85.9690	173.7788
510.3181	0.976559	0.129474	0.068527	-0.715242	39.1130	23.3122	85.9860	169.7394
509.8284	0.976905	0.180802	0.068260	-0.713982	39.1590	23.7179	86.0030	165.7897
509.3386	0.977241	0.231640	0.067890	-0.710910	39.2030	24.1956	86.0260	161.9525
508.8488	0.977649	0.281753	0.067558	-0.706044	39.2580	24.7403	86.0470	158.2451
508.3587	0.978052	0.330955	0.067243	-0.699416	39.3130	25.3467	86.0670	154.6771
507.8686	0.978430	0.379067	0.066943	-0.691074	39.3650	26.0093	86.0860	151.2544
507.3784	0.978820	0.426054	0.066712	-0.681058	39.4200	26.7253	86.1010	147.9709
506.8880	0.979157	0.471430	0.066512	-0.669493	39.4680	27.4835	86.1140	144.8484
506.3976	0.979520	0.515011	0.066382	-0.656495	39.5210	28.2767	86.1230	141.8863
505.9070	0.979826	0.556672	0.066265	-0.642179	39.5660	29.0987	86.1310	139.0797
505.4163	0.980202	0.596288	0.066050	-0.626681	39.6210	29.9434	86.1450	136.4236
504.9255	0.980539	0.633766	0.065866	-0.610140	39.6710	30.8051	86.1570	133.9118
504.4346	0.980860	0.669043	0.065785	-0.592698	39.7200	31.6785	86.1630	131.5374
503.9436	0.981193	0.702057	0.065480	-0.574510	39.7690	32.5581	86.1820	129.2943
503.4525	0.981485	0.732672	0.065276	-0.555779	39.8130	33.4352	86.1950	127.1827
502.9612	0.981768	0.761073	0.065071	-0.536570	39.8560	34.3116	86.2080	125.1845
502.4698	0.982073	0.787276	0.064885	-0.517023	39.9030	35.1839	86.2200	123.2938
501.9784	0.982404	0.811318	0.064717	-0.497269	39.9550	36.0491	86.2310	121.5048
501.4868	0.982735	0.833262	0.064326	-0.477425	40.0050	36.9052	86.2550	119.8110
500.9951	0.983045	0.853171	0.064019	-0.457610	40.0530	37.7499	86.2740	118.2075
500.5033	0.983325	0.871124	0.063761	-0.437929	40.0970	38.5816	86.2900	116.6895
500.0114	0.983646	0.887205	0.063472	-0.418481	40.1480	39.3989	86.3080	115.2525
499.5193	0.983939	0.901529	0.063197	-0.399343	40.1950	40.2036	86.3250	113.8915
499.0272	0.984214	0.914156	0.062905	-0.380616	40.2390	40.9916	86.3430	112.6048
498.5349	0.984508	0.925192	0.062544	-0.362363	40.2860	41.7630	86.3650	111.3884
498.0426	0.984772	0.934729	0.062336	-0.344654	40.3300	42.5168	86.3780	110.2400
497.5501	0.985058	0.942871	0.062095	-0.327538	40.3780	43.2531	86.3930	109.1564
497.0575	0.985341	0.949711	0.061854	-0.311064	40.4260	43.9717	86.4080	108.1355
496.5648	0.985640	0.955345	0.061597	-0.295273	40.4770	44.6728	86.4240	107.1750
496.0720	0.985893	0.959862	0.061388	-0.280197	40.5210	44.6434	86.4370	106.2733
495.5790	0.986178	0.963347	0.060991	-0.265873	40.5690	43.9775	86.4610	105.4289
495.0860	0.986446	0.965886	0.060818	-0.252315	40.6170	43.3283	86.4720	104.6400
494.5928	0.986700	0.967556	0.060574	-0.239534	40.6620	42.6951	86.4870	103.9049
494.0995	0.986979	0.968427	0.060383	-0.227545	40.7130	42.0772	86.4990	103.2226
493.6062	0.987242	0.968565	0.060227	-0.216360	40.7620	41.4742	86.5090	102.5921
493.1127	0.987524	0.968029	0.059811	-0.205981	40.8120	40.8850	86.5340	102.0125
492.6190	0.987753	0.966874	0.059548	-0.196413	40.8540	40.3089	86.5500	101.4829
492.1253	0.988007	0.965150	0.059235	-0.187662	40.9010	39.7454	86.5690	101.0032
491.6315	0.988271	0.962895	0.058887	-0.179741	40.9500	39.1932	86.5900	100.5736
491.1375	0.988497	0.960150	0.058624	-0.172639	40.9930	38.6517	86.6060	100.1931
490.6435	0.988737	0.956952	0.058343	-0.166351	41.0390	38.1203	86.6230	99.8614
490.1493	0.988989	0.953328	0.057960	-0.160871	41.0870	37.5981	86.6460	99.5782
489.6550	0.989235	0.949303	0.057559	-0.156195	41.1340	37.0842	86.6700	99.3435
489.1606	0.989483	0.944897	0.057157	-0.152319	41.1820	36.5778	86.6940	99.1574
488.6661	0.989719	0.940124	0.056824	-0.149235	41.2290	36.0781	86.7140	99.0199
488.1714	0.989951	0.934995	0.056595	-0.146938	41.2770	35.5841	86.7280	98.9312
487.6767	0.990148	0.929524	0.056294	-0.145415	41.3170	35.0956	86.7460	98.8913
487.1818	0.990394	0.923708	0.055892	-0.144662	41.3670	34.6114	86.7700	98.9008
486.6869	0.990598	0.917545	0.055539	-0.144674	41.4090	34.1305	86.7910	98.9603
486.1918	0.990835	0.911028	0.055188	-0.145444	41.4590	33.6520	86.8120	99.0706
485.6966	0.991046	0.904149	0.054783	-0.146966	41.5030	33.1751	86.8360	99.2324
485.2013	0.991258	0.896893	0.054396	-0.149230	41.5480	32.6991	86.8590	99.4466
484.7058	0.991481	0.889252	0.053888	-0.152220	41.5950	32.2235	86.8890	99.7136
484.2103	0.991662	0.881208	0.053516	-0.155926	41.6340	31.7476	86.9110	100.0344
483.7146	0.991847	0.872749	0.053039	-0.160325	41.6730	31.2712	86.9390	100.4092
483.2189	0.992050	0.863850	0.052616	-0.165408	41.7180	30.7937	86.9640	100.8397
482.7230	0.992249	0.854460	0.052158	-0.171184	41.7620	30.3131	86.9910	101.3288
482.2270	0.992427	0.844548	0.051750	-0.177641	41.8020	29.8291	87.0150	101.8783
481.7309	0.992588	0.834076	0.051342	-0.184763	41.8380	29.3410	87.0390	102.4904
481.2346	0.992732	0.823001	0.050776	-0.192539	41.8680	28.8479	87.0720	103.1674
480.7383	0.992892	0.811242	0.050159	-0.201010	41.9020	28.3483	87.1080	103.9165
480.2419	0.993060	0.798747	0.049733	-0.210155	41.9410	27.8415	87.1330	104.7408
479.7453	0.993229	0.785468	0.049237	-0.219938	41.9800	27.3273	87.1620	105.6427
479.2486	0.993403	0.771353	0.048672	-0.230331	42.0200	26.8055	87.1950	106.6260
478.7518	0.993566	0.756374	0.048072	-0.241264	42.0570	26.2767	87.2300	107.6914
478.2549	0.993726	0.740473	0.047471	-0.252703	42.0940	25.7407	87.2650	108.8433
477.7579	0.993878	0.723592	0.047009	-0.264609	42.1310	25.1974	87.2920	110.0869
477.2608	0.994031	0.705670	0.046495	-0.276939	42.1680	24.6470	87.3220	111.4274
476.7635	0.994176	0.686850	0.045893	-0.289446	42.2020	24.0944	87.3570	112.8511
476.2662	0.994328	0.667133	0.045378	-0.302053	42.2400	23.5409	87.3870	114.3593
475.7687	0.994499	0.646264	0.044829	-0.314913	42.2840	22.9822	87.4190	115.9792
475.2711	0.994680	0.624199	0.044246	-0.327959	42.3310	22.4193	87.4530	117.7178
474.7734	0.994832	0.600860	0.043714	-0.341147	42.3710	21.8528	87.4840	119.5864
474.2756	0.994967	0.576200	0.043093	-0.354405	42.4050	21.2841	87.5200	121.5946
473.7776	0.995119	0.550120	0.042491	-0.367696	42.4450	20.7144	87.5550	123.7584
473.2796	0.995287	0.522579	0.042080	-0.380933	42.4940	20.1460	87.5790	126.0901
472.7814	0.995452	0.493383	0.041548	-0.394128	42.5410	19.5796	87.6100	128.6188
472.2831	0.995623	0.462435	0.040789	-0.407204	42.5880	19.0184	87.6540	131.3661
471.7848	0.995797	0.429990	0.040135	-0.419854	42.6390	18.4698	87.6920	134.3167
471.2863	0.995972	0.396046	0.039550	-0.431972	42.6920	17.9385	87.7260	137.4844
470.7876	0.996149	0.360625	0.038930	-0.443441	42.7470	17.4298	87.7620	140.8806
470.2889	0.996339	0.323781	0.037945	-0.454143	42.8030	16.9500	87.8190	144.5130
469.7900	0.996516	0.285654	0.037237	-0.463938	42.8600	16.5064	87.8600	148.3788
469.2911	0.996701	0.246377	0.036391	-0.472713	42.9200	16.1064	87.9090	152.4715
468.7920	0.996920	0.205972	0.035632	-0.480398	42.9970	15.7565	87.9530	156.7926
468.2928	0.997133	0.164589	0.034890	-0.486897	43.0750	15.4641	87.9960	161.3229
467.7935	0.997318	0.122273	0.034147	-0.492150	43.1440	15.2358	88.0390	166.0475
467.2941	0.997508	0.079176	0.033248	-0.496087	43.2160	15.0783	88.0910	170.9320
466.7945	0.997714	0.035435	0.032470	-0.498655	43.3010	14.9971	88.1360	175.9353
466.2949	0.997900	-0.008760	0.031709	-0.499817	43.3810	14.9965	88.1800	-178.9959
465.7951	0.998091	-0.053386	0.030704	-0.499567	43.4640	15.0798	88.2380	-173.9003
465.2952	0.998266	-0.098309	0.029680	-0.497891	43.5430	15.2489	88.2970	-168.8306
464.7952	0.998447	-0.143053	0.028534	-0.494786	43.6290	15.5004	88.3630	-163.8743
464.2951	0.998602	-0.187406	0.027545	-0.490307	43.7070	15.8308	88.4200	-159.0821
463.7949	0.998777	-0.231155	0.026503	-0.484539	43.8040	16.2348	88.4800	-154.4960
463.2946	0.998918	-0.274097	0.025198	-0.477591	43.8800	16.7060	88.5550	-150.1478
462.7941	0.999074	-0.316033	0.024103	-0.469598	43.9790	17.2372	88.6180	-146.0600
462.2935	0.999212	-0.356772	0.023094	-0.460725	44.0750	17.8208	88.6760	-142.2468
461.7928	0.999345	-0.396163	0.021771	-0.451149	44.1720	18.4493	88.7520	-138.7130
461.2921	0.999460	-0.434053	0.020517	-0.441075	44.2650	19.1153	88.8240	-135.4597
460.7911	0.999567	-0.470353	0.019315	-0.430710	44.3640	19.8127	88.8930	-132.4808
460.2901	0.999653	-0.504940	0.018304	-0.420294	44.4570	20.5346	88.9510	-129.7728
459.7889	0.999732	-0.537743	0.017171	-0.410075	44.5560	21.2761	89.0160	-127.3286
459.2877	0.999803	-0.568687	0.015968	-0.400316	44.6630	22.0318	89.0850	-125.1429
458.7863	0.999860	-0.597734	0.014764	-0.391296	44.7730	22.7979	89.1540	-123.2100
458.2848	0.999899	-0.624843	0.013561	-0.383295	44.8780	23.5708	89.2230	-121.5260
457.7832	0.999926	-0.650002	0.012147	-0.376568	44.9910	24.3473	89.3040	-120.0852
457.2815	0.999933	-0.673188	0.010873	-0.371403	45.1130	25.1251	89.3770	-118.8858
456.7796	0.999923	-0.694382	0.009494	-0.368091	45.2290	25.9025	89.4560	-117.9280
456.2777	0.999893	-0.713544	0.007993	-0.366932	45.3520	26.6781	89.5420	-117.2140
455.7756	0.999838	-0.730627	0.006527	-0.368245	45.4800	27.4516	89.6260	-116.7486
455.2734	0.999765	-0.745550	0.004973	-0.372337	45.6050	28.2224	89.7150	-116.5381
454.7711	0.999670	-0.758197	0.003612	-0.379502	45.7290	28.9904	89.7930	-116.5895
454.2687	0.999554	-0.768399	0.002233	-0.390048	45.8530	29.7556	89.8720	-116.9129
453.7662	0.999438	-0.775927	0.000855	-0.404270	45.9600	30.5182	89.9510	-117.5202
453.2635	0.999306	-0.780472	-0.000558	-0.422455	46.0670	31.2786	90.0320	-118.4258
452.7608	0.999161	-0.781598	-0.001936	-0.444885	46.1720	32.0359	90.1110	-119.6485
452.2579	0.999000	-0.778794	-0.003348	-0.471768	46.2780	32.7901	90.1920	-121.2061
451.7549	0.998825	-0.771435	-0.004742	-0.503208	46.3820	33.5399	90.2720	-123.1165
451.2518	0.998636	-0.758767	-0.006170	-0.539202	46.4860	34.2831	90.3540	-125.3987
450.7485	0.998433	-0.739941	-0.007598	-0.579555	46.5890	35.0167	90.4360	-128.0697
450.2452	0.998218	-0.713990	-0.009008	-0.623865	46.6910	35.7344	90.5170	-131.1461
449.7417	0.997987	-0.679891	-0.010469	-0.671466	46.7930	36.4286	90.6010	-134.6428
449.2382	0.997749	-0.636656	-0.011877	-0.721319	46.8920	37.0874	90.6820	-138.5675
448.7345	0.997494	-0.583449	-0.013337	-0.772014	46.9920	37.6975	90.7660	-142.9199
448.2307	0.997228	-0.519714	-0.014778	-0.821737	47.0910	38.2407	90.8490	-147.6884
447.7267	0.996953	-0.445326	-0.016236	-0.868354	47.1880	38.6960	90.9330	-152.8495
447.2227	0.996664	-0.360901	-0.017675	-0.909463	47.2850	39.0423	91.0160	-158.3554
446.7186	0.996361	-0.267791	-0.019149	-0.942698	47.3820	39.2603	91.1010	-164.1418
446.2143	0.996054	-0.168143	-0.020621	-0.965979	47.4760	39.3337	91.1860	-170.1257
445.7099	0.995734	-0.064781	-0.022092	-0.977798	47.5700	39.2525	91.2710	-176.2096
445.2054	0.995404	0.039000	-0.023562	-0.977477	47.6630	39.0147	91.3560	177.7152
444.7008	0.995065	0.139797	-0.025031	-0.965284	47.7550	38.6266	91.4410	171.7595
444.1960	0.994717	0.234543	-0.026499	-0.942395	47.8460	38.1010	91.5260	166.0242
443.6912	0.994359	0.320702	-0.027983	-0.910713	47.9360	37.4563	91.6120	160.6006
443.1862	0.993990	0.396568	-0.029466	-0.872560	48.0260	36.7129	91.6980	155.5588
442.6812	0.993621	0.461125	-0.030931	-0.830444	48.1130	35.8916	91.7830	150.9576
442.1759	0.993239	0.514172	-0.032428	-0.786693	48.2000	35.0105	91.8700	146.8319
441.6706	0.992850	0.555975	-0.033908	-0.743385	48.2860	34.0852	91.9560	143.2073
441.1652	0.992454	0.587200	-0.035386	-0.702169	48.3710	33.1269	92.0420	140.0954
440.6596	0.992051	0.608686	-0.036880	-0.664275	48.4550	32.1434	92.1290	137.5004
440.1540	0.991637	0.621306	-0.038372	-0.630564	48.5390	31.1399	92.2160	135.4237
