# ========================================================
# RESULTADOS DE AJUSTE ELIPSOMÉTRICO (AUTORANGE + TMM)
# ========================================================
# Archivo de origen: Al2O3_nanotubes.9-med1.txt
# Espesores óptimos (nm): [np.float64(70.2808083585434), np.float64(2.6804695546248336)]
# Error mínimo (Chi2 Red / MSE): 5.896458e-04
# Parámetros de dispersión optimizados:
#   Capa 'Al2O3_nanotube': {'model': 'bruggeman_EMA', 'linked_to': 'Al2O3', 'f_air': 0.01881833363246079, 'f_optimized': True}
#   Capa 'Al2O3': {'model': 'cauchy', 'A': 1.4342961301134478, 'B': 1.5110355780767541, 'C': -5.035740406449282}
# ========================================================
# Wavelength_nm	Is_exp	Is_fit	Ic_exp	Ic_fit	Psi_exp_deg	Psi_fit_deg	Delta_exp_deg	Delta_fit_deg
829.9594	0.687973	0.728820	0.001465	-0.016552	21.7350	23.4017	89.8780	91.3010
829.5408	0.688453	0.729057	0.002139	-0.016379	21.7540	23.4114	89.8220	91.2870
829.1221	0.688273	0.729294	0.002859	-0.016206	21.7470	23.4212	89.7620	91.2730
828.7034	0.688424	0.729531	0.002968	-0.016032	21.7530	23.4309	89.7530	91.2589
828.2845	0.687916	0.729768	0.003410	-0.015858	21.7330	23.4407	89.7160	91.2449
827.8656	0.689102	0.730005	0.003969	-0.015685	21.7800	23.4505	89.6700	91.2308
827.4465	0.690034	0.730242	0.004552	-0.015511	21.8170	23.4603	89.6220	91.2168
827.0275	0.690281	0.730480	0.005397	-0.015336	21.8270	23.4701	89.5520	91.2027
826.6082	0.690303	0.730713	0.005735	-0.015186	21.8280	23.4797	89.5240	91.1906
826.1889	0.690802	0.730946	0.006439	-0.015037	21.8480	23.4894	89.4660	91.1785
825.7695	0.691304	0.731178	0.006721	-0.014897	21.8680	23.4990	89.4430	91.1672
825.3500	0.691805	0.731408	0.007003	-0.014765	21.8880	23.5086	89.4200	91.1565
824.9305	0.691453	0.731639	0.006927	-0.014633	21.8740	23.5181	89.4260	91.1458
824.5108	0.691272	0.731870	0.007384	-0.014500	21.8670	23.5277	89.3880	91.1350
824.0911	0.691392	0.732101	0.007965	-0.014368	21.8720	23.5373	89.3400	91.1243
823.6713	0.691462	0.732332	0.008424	-0.014235	21.8750	23.5469	89.3020	91.1135
823.2513	0.691739	0.732563	0.008464	-0.014101	21.8860	23.5566	89.2990	91.1028
822.8313	0.692091	0.732795	0.008528	-0.013968	21.9000	23.5662	89.2940	91.0920
822.4112	0.692646	0.733026	0.008402	-0.013834	21.9220	23.5758	89.3050	91.0812
821.9910	0.693458	0.733258	0.007867	-0.013700	21.9540	23.5855	89.3500	91.0704
821.5707	0.693054	0.733490	0.007984	-0.013566	21.9380	23.5952	89.3400	91.0596
821.1503	0.693004	0.733722	0.007959	-0.013432	21.9360	23.6048	89.3420	91.0488
820.7299	0.693581	0.733954	0.008050	-0.013297	21.9590	23.6145	89.3350	91.0379
820.3093	0.694186	0.734186	0.007912	-0.013163	21.9830	23.6242	89.3470	91.0271
819.8886	0.695188	0.734419	0.008130	-0.013028	22.0230	23.6339	89.3300	91.0162
819.4679	0.695636	0.734651	0.008426	-0.012892	22.0410	23.6437	89.3060	91.0054
819.0471	0.696339	0.734884	0.008338	-0.012757	22.0690	23.6534	89.3140	90.9945
818.6262	0.696837	0.735117	0.008550	-0.012621	22.0890	23.6631	89.2970	90.9836
818.2051	0.697083	0.735350	0.008943	-0.012485	22.0990	23.6729	89.2650	90.9727
817.7841	0.697356	0.735583	0.009092	-0.012349	22.1100	23.6826	89.2530	90.9618
817.3629	0.697184	0.735816	0.008883	-0.012213	22.1030	23.6924	89.2700	90.9509
816.9416	0.697837	0.736050	0.008611	-0.012077	22.1290	23.7022	89.2930	90.9400
816.5202	0.697985	0.736283	0.008808	-0.011940	22.1350	23.7120	89.2770	90.9290
816.0988	0.698262	0.736517	0.008617	-0.011803	22.1460	23.7218	89.2930	90.9181
815.6772	0.699005	0.736758	0.009089	-0.011651	22.1760	23.7319	89.2550	90.9060
815.2556	0.699180	0.737002	0.009092	-0.011494	22.1830	23.7421	89.2550	90.8935
814.8338	0.699781	0.737247	0.008904	-0.011333	22.2070	23.7524	89.2710	90.8807
814.4120	0.700252	0.737495	0.009130	-0.011168	22.2260	23.7628	89.2530	90.8675
813.9901	0.700382	0.737743	0.008667	-0.011002	22.2310	23.7732	89.2910	90.8544
813.5681	0.701032	0.737991	0.008479	-0.010835	22.2570	23.7837	89.3070	90.8412
813.1460	0.701027	0.738239	0.008920	-0.010669	22.2570	23.7941	89.2710	90.8280
812.7238	0.701103	0.738487	0.008835	-0.010502	22.2600	23.8045	89.2780	90.8148
812.3015	0.702214	0.738736	0.009401	-0.010335	22.3050	23.8150	89.2330	90.8016
811.8792	0.701351	0.738984	0.008900	-0.010168	22.2700	23.8255	89.2730	90.7883
811.4567	0.701550	0.739233	0.008902	-0.010001	22.2780	23.8359	89.2730	90.7751
811.0341	0.701971	0.739482	0.009005	-0.009834	22.2950	23.8464	89.2650	90.7619
810.6115	0.701980	0.739731	0.008258	-0.009666	22.2950	23.8569	89.3260	90.7486
810.1888	0.702026	0.739980	0.008602	-0.009498	22.2970	23.8674	89.2980	90.7354
809.7659	0.702740	0.740229	0.009089	-0.009330	22.3260	23.8780	89.2590	90.7221
809.3430	0.703235	0.740478	0.009243	-0.009162	22.3460	23.8885	89.2470	90.7089
808.9200	0.703768	0.740727	0.010183	-0.008993	22.3680	23.8990	89.1710	90.6956
808.4969	0.704279	0.740977	0.010769	-0.008824	22.3890	23.9096	89.1240	90.6823
808.0737	0.704622	0.741226	0.011069	-0.008655	22.4030	23.9202	89.1000	90.6690
807.6505	0.704820	0.741476	0.011060	-0.008486	22.4110	23.9307	89.1010	90.6557
807.2271	0.704696	0.741726	0.011046	-0.008317	22.4060	23.9413	89.1020	90.6424
806.8036	0.705453	0.741976	0.011698	-0.008147	22.4370	23.9519	89.0500	90.6291
806.3801	0.706215	0.742226	0.011994	-0.007977	22.4680	23.9625	89.0270	90.6158
805.9564	0.706947	0.742476	0.012513	-0.007807	22.4980	23.9731	88.9860	90.6024
805.5327	0.707483	0.742728	0.012905	-0.007637	22.5200	23.9838	88.9550	90.5892
805.1089	0.708282	0.742980	0.013637	-0.007468	22.5530	23.9945	88.8970	90.5759
804.6850	0.708846	0.743240	0.013771	-0.007303	22.5760	24.0056	88.8870	90.5630
804.2610	0.709014	0.743504	0.014022	-0.007140	22.5830	24.0169	88.8670	90.5502
803.8369	0.709547	0.743768	0.014429	-0.006977	22.6050	24.0281	88.8350	90.5374
803.4127	0.710304	0.744032	0.014656	-0.006813	22.6360	24.0393	88.8180	90.5247
802.9884	0.710745	0.744296	0.014751	-0.006650	22.6540	24.0506	88.8110	90.5119
802.5640	0.711135	0.744560	0.014846	-0.006486	22.6700	24.0619	88.8040	90.4991
802.1396	0.711205	0.744825	0.015047	-0.006322	22.6730	24.0732	88.7880	90.4863
801.7150	0.711528	0.745089	0.014867	-0.006157	22.6860	24.0845	88.8030	90.4735
801.2903	0.712300	0.745354	0.015430	-0.005993	22.7180	24.0958	88.7590	90.4606
800.8657	0.712475	0.745618	0.015273	-0.005828	22.7250	24.1071	88.7720	90.4478
800.4408	0.712372	0.745883	0.015494	-0.005663	22.7210	24.1184	88.7540	90.4350
800.0159	0.712793	0.746148	0.015304	-0.005498	22.7380	24.1298	88.7700	90.4221
799.5909	0.713147	0.746413	0.015872	-0.005332	22.7530	24.1411	88.7250	90.4093
799.1658	0.713611	0.746678	0.015907	-0.005166	22.7720	24.1525	88.7230	90.3964
798.7406	0.714258	0.746943	0.016471	-0.005000	22.7990	24.1638	88.6790	90.3836
798.3153	0.715013	0.747208	0.016563	-0.004834	22.8300	24.1752	88.6730	90.3707
797.8899	0.715976	0.747474	0.017098	-0.004668	22.8700	24.1866	88.6320	90.3578
797.4644	0.716247	0.747739	0.016967	-0.004501	22.8810	24.1980	88.6430	90.3449
797.0389	0.716942	0.748004	0.017434	-0.004334	22.9100	24.2094	88.6070	90.3320
796.6132	0.717371	0.748270	0.017783	-0.004167	22.9280	24.2209	88.5800	90.3191
796.1875	0.717608	0.748536	0.018039	-0.004000	22.9380	24.2323	88.5600	90.3062
795.7617	0.718205	0.748802	0.018443	-0.003832	22.9630	24.2438	88.5290	90.2932
795.3357	0.718871	0.749068	0.018975	-0.003665	22.9910	24.2552	88.4880	90.2803
794.9097	0.719466	0.749332	0.019393	-0.003497	23.0160	24.2666	88.4560	90.2674
794.4836	0.719957	0.749592	0.020060	-0.003329	23.0370	24.2779	88.4040	90.2545
794.0574	0.720347	0.749853	0.019958	-0.003161	23.0530	24.2891	88.4130	90.2416
793.6310	0.720847	0.750112	0.020274	-0.002993	23.0740	24.3003	88.3890	90.2286
793.2047	0.721386	0.750371	0.020881	-0.002825	23.0970	24.3115	88.3420	90.2157
792.7782	0.721717	0.750630	0.021117	-0.002657	23.1110	24.3227	88.3240	90.2028
792.3516	0.721983	0.750889	0.021100	-0.002488	23.1220	24.3339	88.3260	90.1899
791.9249	0.721983	0.751148	0.021100	-0.002320	23.1220	24.3451	88.3260	90.1769
791.4982	0.722772	0.751407	0.021376	-0.002151	23.1550	24.3563	88.3060	90.1640
791.0714	0.723106	0.751667	0.021487	-0.001981	23.1690	24.3676	88.2980	90.1510
790.6444	0.723416	0.751926	0.021609	-0.001812	23.1820	24.3788	88.2890	90.1381
790.2173	0.723749	0.752186	0.021759	-0.001642	23.1960	24.3901	88.2780	90.1251
789.7902	0.724243	0.752446	0.022115	-0.001472	23.2170	24.4014	88.2510	90.1121
789.3630	0.724598	0.752706	0.022316	-0.001302	23.2320	24.4127	88.2360	90.0991
788.9357	0.725151	0.752966	0.022307	-0.001132	23.2550	24.4240	88.2380	90.0861
788.5083	0.725459	0.753226	0.022469	-0.000961	23.2680	24.4353	88.2260	90.0731
788.0807	0.725489	0.753486	0.022280	-0.000791	23.2690	24.4466	88.2410	90.0601
787.6532	0.725915	0.753746	0.022483	-0.000620	23.2870	24.4580	88.2260	90.0471
787.2255	0.725963	0.754007	0.022472	-0.000448	23.2890	24.4693	88.2270	90.0341
786.7977	0.725968	0.754267	0.023081	-0.000277	23.2900	24.4807	88.1790	90.0210
786.3699	0.726277	0.754528	0.023179	-0.000105	23.3030	24.4921	88.1720	90.0080
785.9419	0.726542	0.754789	0.023124	0.000067	23.3140	24.5035	88.1770	89.9949
785.5139	0.726896	0.755050	0.023301	0.000239	23.3290	24.5149	88.1640	89.9819
785.0857	0.727176	0.755311	0.023551	0.000411	23.3410	24.5263	88.1450	89.9688
784.6575	0.727637	0.755577	0.024087	0.000583	23.3610	24.5379	88.1040	89.9558
784.2291	0.727761	0.755845	0.023977	0.000754	23.3660	24.5497	88.1130	89.9428
783.8007	0.727803	0.756114	0.024156	0.000926	23.3680	24.5614	88.0990	89.9299
783.3722	0.728085	0.756385	0.024293	0.001097	23.3800	24.5733	88.0890	89.9169
782.9435	0.728767	0.756656	0.024647	0.001269	23.4090	24.5852	88.0630	89.9039
782.5148	0.729148	0.756928	0.024698	0.001441	23.4250	24.5971	88.0600	89.8909
782.0861	0.729085	0.757199	0.024416	0.001613	23.4220	24.6090	88.0820	89.8780
781.6572	0.729161	0.757470	0.024303	0.001785	23.4250	24.6209	88.0910	89.8650
781.2282	0.729396	0.757742	0.024413	0.001958	23.4350	24.6329	88.0830	89.8520
780.7991	0.729756	0.758013	0.024349	0.002131	23.4500	24.6448	88.0890	89.8390
780.3699	0.730113	0.758285	0.024386	0.002304	23.4650	24.6568	88.0870	89.8259
779.9407	0.730375	0.758557	0.024382	0.002477	23.4760	24.6687	88.0880	89.8129
779.5113	0.730520	0.758828	0.024336	0.002650	23.4820	24.6807	88.0920	89.7999
779.0818	0.731246	0.759100	0.024692	0.002824	23.5130	24.6927	88.0660	89.7869
778.6523	0.731897	0.759372	0.025162	0.002998	23.5410	24.7047	88.0310	89.7738
778.2227	0.732386	0.759645	0.025435	0.003172	23.5620	24.7167	88.0110	89.7608
777.7930	0.732815	0.759917	0.025411	0.003346	23.5800	24.7288	88.0140	89.7477
777.3632	0.733360	0.760189	0.025443	0.003521	23.6030	24.7408	88.0130	89.7346
776.9332	0.733777	0.760462	0.025714	0.003696	23.6210	24.7528	87.9930	89.7216
776.5032	0.734102	0.760734	0.025905	0.003871	23.6350	24.7649	87.9790	89.7085
776.0731	0.734384	0.761007	0.025992	0.004046	23.6470	24.7770	87.9730	89.6954
775.6429	0.734676	0.761279	0.026439	0.004221	23.6600	24.7891	87.9390	89.6823
775.2126	0.735123	0.761552	0.026506	0.004397	23.6790	24.8012	87.9350	89.6692
774.7822	0.735638	0.761820	0.026653	0.004576	23.7010	24.8130	87.9250	89.6559
774.3517	0.735909	0.762082	0.026342	0.004757	23.7120	24.8247	87.9500	89.6424
773.9212	0.736234	0.762344	0.026508	0.004939	23.7260	24.8364	87.9380	89.6288
773.4905	0.736518	0.762605	0.026479	0.005121	23.7380	24.8480	87.9410	89.6153
773.0598	0.736964	0.762867	0.026547	0.005304	23.7570	24.8596	87.9370	89.6017
772.6289	0.737524	0.763128	0.026734	0.005486	23.7810	24.8713	87.9240	89.5881
772.1980	0.738174	0.763390	0.026990	0.005669	23.8090	24.8829	87.9060	89.5745
771.7669	0.738424	0.763652	0.027232	0.005852	23.8200	24.8946	87.8880	89.5609
771.3358	0.738683	0.763914	0.027228	0.006036	23.8310	24.9063	87.8890	89.5473
770.9046	0.739077	0.764176	0.027385	0.006219	23.8480	24.9180	87.8780	89.5337
770.4733	0.739498	0.764438	0.027439	0.006403	23.8660	24.9297	87.8750	89.5201
770.0419	0.739875	0.764700	0.027402	0.006587	23.8820	24.9414	87.8790	89.5065
769.6104	0.740369	0.764962	0.027368	0.006772	23.9030	24.9531	87.8830	89.4928
769.1787	0.740817	0.765225	0.027307	0.006956	23.9220	24.9649	87.8890	89.4792
768.7471	0.740914	0.765487	0.027233	0.007141	23.9260	24.9767	87.8950	89.4655
768.3152	0.741666	0.765750	0.027157	0.007326	23.9580	24.9884	87.9030	89.4519
767.8834	0.742265	0.766012	0.027399	0.007511	23.9840	25.0002	87.8860	89.4382
767.4514	0.742763	0.766275	0.027859	0.007696	24.0060	25.0120	87.8520	89.4246
767.0193	0.743247	0.766538	0.028020	0.007881	24.0270	25.0238	87.8410	89.4109
766.5872	0.743821	0.766801	0.028276	0.008067	24.0520	25.0357	87.8230	89.3972
766.1549	0.744161	0.767065	0.028523	0.008253	24.0670	25.0475	87.8050	89.3836
765.7225	0.744592	0.767329	0.028227	0.008440	24.0850	25.0594	87.8290	89.3698
765.2901	0.745129	0.767594	0.028182	0.008628	24.1080	25.0713	87.8340	89.3560
764.8575	0.745624	0.767861	0.028018	0.008818	24.1290	25.0833	87.8480	89.3421
764.4249	0.746062	0.768129	0.028113	0.009010	24.1480	25.0955	87.8420	89.3280
763.9922	0.746621	0.768399	0.028082	0.009202	24.1720	25.1076	87.8460	89.3139
763.5593	0.747306	0.768668	0.028382	0.009394	24.2020	25.1198	87.8250	89.2998
763.1264	0.747778	0.768937	0.028165	0.009587	24.2220	25.1319	87.8430	89.2857
762.6934	0.748230	0.769206	0.028443	0.009780	24.2420	25.1441	87.8230	89.2716
762.2603	0.748550	0.769476	0.028560	0.009973	24.2560	25.1563	87.8150	89.2575
761.8271	0.748940	0.769745	0.028640	0.010166	24.2730	25.1685	87.8100	89.2434
761.3938	0.749283	0.770015	0.028732	0.010359	24.2880	25.1808	87.8040	89.2292
760.9604	0.749824	0.770285	0.029094	0.010553	24.3120	25.1930	87.7780	89.2151
760.5269	0.750354	0.770555	0.029101	0.010747	24.3350	25.2052	87.7790	89.2010
760.0933	0.750972	0.770825	0.029230	0.010941	24.3620	25.2175	87.7710	89.1868
759.6597	0.751538	0.771095	0.029489	0.011135	24.3870	25.2298	87.7530	89.1727
759.2259	0.751911	0.771365	0.029346	0.011330	24.4030	25.2421	87.7650	89.1585
758.7921	0.752285	0.771635	0.029202	0.011524	24.4190	25.2544	87.7770	89.1444
758.3581	0.752849	0.771906	0.029461	0.011719	24.4440	25.2667	87.7590	89.1302
757.9240	0.753102	0.772176	0.029471	0.011914	24.4550	25.2790	87.7590	89.1160
757.4899	0.753559	0.772447	0.029515	0.012109	24.4750	25.2913	87.7570	89.1019
757.0556	0.753974	0.772718	0.029466	0.012305	24.4930	25.3037	87.7620	89.0877
756.6213	0.754590	0.772988	0.029516	0.012501	24.5200	25.3161	87.7600	89.0735
756.1868	0.755146	0.773259	0.029934	0.012696	24.5450	25.3285	87.7300	89.0593
755.7523	0.755403	0.773531	0.029812	0.012884	24.5560	25.3409	87.7400	89.0458
755.3177	0.755816	0.773803	0.029762	0.013066	24.5740	25.3533	87.7450	89.0327
754.8830	0.756232	0.774075	0.029633	0.013247	24.5920	25.3657	87.7560	89.0195
754.4482	0.756554	0.774347	0.029566	0.013429	24.6060	25.3782	87.7620	89.0064
754.0132	0.756948	0.774619	0.029410	0.013612	24.6230	25.3907	87.7750	88.9933
753.5782	0.757244	0.774892	0.029435	0.013794	24.6360	25.4032	87.7740	88.9802
753.1431	0.757628	0.775164	0.029516	0.013977	24.6530	25.4157	87.7690	88.9670
752.7079	0.757883	0.775437	0.029406	0.014159	24.6640	25.4282	87.7780	88.9539
752.2726	0.758315	0.775710	0.029397	0.014342	24.6830	25.4407	87.7800	88.9408
751.8373	0.758545	0.775982	0.029339	0.014526	24.6930	25.4533	87.7850	88.9276
751.4018	0.759075	0.776255	0.029731	0.014709	24.7170	25.4658	87.7570	88.9145
750.9662	0.759509	0.776528	0.029682	0.014893	24.7360	25.4784	87.7620	88.9013
750.5306	0.759852	0.776801	0.029616	0.015076	24.7510	25.4910	87.7680	88.8881
750.0948	0.760295	0.777075	0.029885	0.015261	24.7710	25.5036	87.7490	88.8749
749.6589	0.760681	0.777348	0.029861	0.015445	24.7880	25.5162	87.7520	88.8618
749.2230	0.760931	0.777621	0.029831	0.015629	24.7990	25.5288	87.7550	88.8486
748.7869	0.761184	0.777895	0.029721	0.015814	24.8100	25.5415	87.7640	88.8354
748.3508	0.761607	0.778169	0.029910	0.015999	24.8290	25.5541	87.7510	88.8222
747.9146	0.761977	0.778442	0.029685	0.016184	24.8450	25.5668	87.7690	88.8090
747.4782	0.762258	0.778716	0.029430	0.016369	24.8570	25.5795	87.7890	88.7958
747.0417	0.762530	0.778990	0.029413	0.016555	24.8690	25.5921	87.7910	88.7826
746.6052	0.762840	0.779272	0.029559	0.016739	24.8830	25.6052	87.7810	88.7694
746.1686	0.763348	0.779555	0.029845	0.016924	24.9060	25.6183	87.7610	88.7563
745.7319	0.763857	0.779839	0.030092	0.017109	24.9290	25.6315	87.7440	88.7432
745.2950	0.764260	0.780123	0.030148	0.017294	24.9470	25.6447	87.7410	88.7301
744.8582	0.764723	0.780407	0.030380	0.017479	24.9680	25.6579	87.7250	88.7169
744.4211	0.764995	0.780691	0.030324	0.017664	24.9800	25.6711	87.7300	88.7038
743.9841	0.765290	0.780975	0.030242	0.017850	24.9930	25.6843	87.7370	88.6907
743.5468	0.765685	0.781259	0.030472	0.018036	25.0110	25.6976	87.7210	88.6775
743.1096	0.765955	0.781544	0.030456	0.018222	25.0230	25.7108	87.7230	88.6644
742.6722	0.766234	0.781828	0.030199	0.018408	25.0350	25.7241	87.7430	88.6512
742.2347	0.766528	0.782113	0.030130	0.018594	25.0480	25.7374	87.7490	88.6381
741.7971	0.766766	0.782398	0.030368	0.018781	25.0590	25.7507	87.7320	88.6249
741.3594	0.766967	0.782682	0.030362	0.018968	25.0680	25.7640	87.7330	88.6117
740.9216	0.767221	0.782967	0.030184	0.019155	25.0790	25.7773	87.7470	88.5986
740.4838	0.767537	0.783252	0.030103	0.019342	25.0930	25.7907	87.7540	88.5854
740.0458	0.767749	0.783537	0.029829	0.019530	25.1020	25.8040	87.7750	88.5722
739.6077	0.767960	0.783823	0.029583	0.019717	25.1110	25.8174	87.7940	88.5590
739.1696	0.768295	0.784108	0.029569	0.019905	25.1260	25.8308	87.7960	88.5458
738.7313	0.768543	0.784393	0.029524	0.020093	25.1370	25.8442	87.8000	88.5326
738.2930	0.768873	0.784678	0.029631	0.020281	25.1520	25.8576	87.7930	88.5194
737.8545	0.769141	0.784960	0.029642	0.020472	25.1640	25.8708	87.7930	88.5061
737.4160	0.769520	0.785233	0.029629	0.020666	25.1810	25.8837	87.7950	88.4924
736.9773	0.769792	0.785506	0.029505	0.020861	25.1930	25.8966	87.8050	88.4787
736.5386	0.770037	0.785780	0.029501	0.021056	25.2040	25.9095	87.8060	88.4651
736.0997	0.770352	0.786053	0.029432	0.021251	25.2180	25.9224	87.8120	88.4514
735.6608	0.770692	0.786327	0.029257	0.021446	25.2330	25.9354	87.8260	88.4377
735.2218	0.770960	0.786601	0.029227	0.021642	25.2450	25.9483	87.8290	88.4240
734.7827	0.771107	0.786875	0.028868	0.021837	25.2510	25.9613	87.8560	88.4103
734.3434	0.771348	0.787149	0.028945	0.022033	25.2620	25.9742	87.8510	88.3966
733.9041	0.771719	0.787423	0.029120	0.022229	25.2790	25.9872	87.8390	88.3829
733.4647	0.771877	0.787697	0.029045	0.022426	25.2860	26.0002	87.8450	88.3692
733.0252	0.772019	0.787971	0.028794	0.022622	25.2920	26.0133	87.8640	88.3555
732.5856	0.772455	0.788246	0.029000	0.022819	25.3120	26.0263	87.8500	88.3418
732.1459	0.772700	0.788520	0.028982	0.023015	25.3230	26.0394	87.8520	88.3281
731.7061	0.772791	0.788795	0.028918	0.023212	25.3270	26.0524	87.8570	88.3144
731.2662	0.773042	0.789069	0.028711	0.023409	25.3380	26.0655	87.8730	88.3007
730.8262	0.773244	0.789344	0.028637	0.023607	25.3470	26.0786	87.8790	88.2870
730.3861	0.773366	0.789619	0.028318	0.023804	25.3520	26.0917	87.9030	88.2733
729.9459	0.773696	0.789895	0.028370	0.024002	25.3670	26.1049	87.9000	88.2596
729.5057	0.773919	0.790174	0.028324	0.024197	25.3770	26.1182	87.9040	88.2460
729.0653	0.774306	0.790454	0.028596	0.024392	25.3950	26.1316	87.8850	88.2325
728.6248	0.774419	0.790742	0.028532	0.024583	25.4000	26.1453	87.8900	88.2193
728.1843	0.774557	0.791032	0.028388	0.024773	25.4060	26.1592	87.9010	88.2062
727.7436	0.774802	0.791322	0.028316	0.024963	25.4170	26.1730	87.9070	88.1932
727.3028	0.774942	0.791611	0.028118	0.025153	25.4230	26.1869	87.9220	88.1801
726.8619	0.775264	0.791902	0.028346	0.025344	25.4380	26.2008	87.9060	88.1670
726.4210	0.775400	0.792192	0.028243	0.025534	25.4440	26.2147	87.9140	88.1539
725.9799	0.775666	0.792482	0.028198	0.025725	25.4560	26.2286	87.9180	88.1407
725.5388	0.775988	0.792772	0.028427	0.025916	25.4710	26.2426	87.9020	88.1276
725.0975	0.776417	0.793062	0.028714	0.026107	25.4910	26.2565	87.8820	88.1145
724.6561	0.776768	0.793353	0.028754	0.026299	25.5070	26.2705	87.8800	88.1014
724.2147	0.776837	0.793643	0.028662	0.026490	25.5100	26.2845	87.8870	88.0883
723.7732	0.777014	0.793934	0.028641	0.026682	25.5180	26.2985	87.8890	88.0752
723.3315	0.777215	0.794225	0.028540	0.026874	25.5270	26.3125	87.8970	88.0620
722.8898	0.777557	0.794515	0.028784	0.027066	25.5430	26.3265	87.8800	88.0489
722.4479	0.777819	0.794806	0.028807	0.027258	25.5550	26.3405	87.8790	88.0358
722.0060	0.778013	0.795097	0.028923	0.027451	25.5640	26.3546	87.8710	88.0226
721.5640	0.778505	0.795388	0.029240	0.027643	25.5870	26.3687	87.8490	88.0095
721.1218	0.778810	0.795679	0.029265	0.027836	25.6010	26.3828	87.8480	87.9964
720.6796	0.779053	0.795963	0.029207	0.028032	25.6120	26.3965	87.8530	87.9830
720.2373	0.779333	0.796245	0.029312	0.028230	25.6250	26.4102	87.8460	87.9695
719.7949	0.779494	0.796525	0.029114	0.028428	25.6320	26.4238	87.8610	87.9560
719.3524	0.779795	0.796805	0.029234	0.028627	25.6460	26.4374	87.8530	87.9424
718.9097	0.780033	0.797084	0.029311	0.028826	25.6570	26.4510	87.8480	87.9289
718.4670	0.780248	0.797364	0.029401	0.029025	25.6670	26.4646	87.8420	87.9153
718.0242	0.780761	0.797643	0.029680	0.029224	25.6910	26.4783	87.8230	87.9017
717.5813	0.781124	0.797923	0.029871	0.029424	25.7080	26.4919	87.8100	87.8881
717.1383	0.781509	0.798203	0.030050	0.029624	25.7260	26.5056	87.7980	87.8746
716.6952	0.781831	0.798483	0.030158	0.029823	25.7410	26.5192	87.7910	87.8610
716.2520	0.782196	0.798763	0.030295	0.030023	25.7580	26.5329	87.7820	87.8474
715.8087	0.782571	0.799043	0.030693	0.030223	25.7760	26.5467	87.7540	87.8338
715.3653	0.782975	0.799323	0.030914	0.030424	25.7950	26.5604	87.7390	87.8203
714.9218	0.783236	0.799604	0.030897	0.030624	25.8070	26.5741	87.7410	87.8067
714.4782	0.783598	0.799884	0.031075	0.030825	25.8240	26.5879	87.7290	87.7931
714.0345	0.784057	0.800165	0.031505	0.031026	25.8460	26.6017	87.6990	87.7795
713.5907	0.784439	0.800446	0.031698	0.031227	25.8640	26.6155	87.6860	87.7659
713.1469	0.784773	0.800726	0.032000	0.031428	25.8800	26.6293	87.6650	87.7524
712.7028	0.785088	0.801015	0.032232	0.031623	25.8950	26.6435	87.6490	87.7392
712.2588	0.785593	0.801307	0.032542	0.031815	25.9190	26.6578	87.6280	87.7264
711.8146	0.786036	0.801603	0.032780	0.032004	25.9400	26.6723	87.6120	87.7137
711.3703	0.786475	0.801903	0.033114	0.032190	25.9610	26.6871	87.5890	87.7013
710.9259	0.786951	0.802203	0.033561	0.032376	25.9840	26.7019	87.5580	87.6889
710.4814	0.787308	0.802504	0.033769	0.032562	26.0010	26.7167	87.5440	87.6764
710.0369	0.787773	0.802804	0.033954	0.032749	26.0230	26.7315	87.5320	87.6640
709.5922	0.788151	0.803104	0.034163	0.032936	26.0410	26.7463	87.5180	87.6516
709.1474	0.788616	0.803405	0.034335	0.033122	26.0630	26.7611	87.5070	87.6392
708.7026	0.788995	0.803705	0.034490	0.033309	26.0810	26.7759	87.4970	87.6268
708.2576	0.789416	0.804006	0.034646	0.033496	26.1010	26.7908	87.4870	87.6143
707.8125	0.789774	0.804307	0.034786	0.033684	26.1180	26.8057	87.4780	87.6019
707.3674	0.790272	0.804607	0.035126	0.033871	26.1420	26.8206	87.4550	87.5895
706.9221	0.790732	0.804908	0.035368	0.034059	26.1640	26.8355	87.4390	87.5771
706.4767	0.791231	0.805209	0.035653	0.034246	26.1880	26.8504	87.4200	87.5646
706.0313	0.791679	0.805510	0.036116	0.034434	26.2100	26.8654	87.3880	87.5522
705.5857	0.792139	0.805811	0.036317	0.034622	26.2320	26.8803	87.3750	87.5398
705.1401	0.792598	0.806112	0.036505	0.034810	26.2540	26.8953	87.3630	87.5273
704.6943	0.793058	0.806412	0.036664	0.035001	26.2760	26.9102	87.3530	87.5147
704.2484	0.793472	0.806711	0.036906	0.035193	26.2960	26.9252	87.3370	87.5020
703.8025	0.793845	0.807010	0.037104	0.035386	26.3140	26.9400	87.3240	87.4893
703.3564	0.794291	0.807307	0.037527	0.035582	26.3360	26.9549	87.2950	87.4763
702.9103	0.794769	0.807604	0.037731	0.035778	26.3590	26.9698	87.2820	87.4634
702.4641	0.795278	0.807902	0.038144	0.035973	26.3840	26.9847	87.2540	87.4505
702.0177	0.795795	0.808199	0.038378	0.036169	26.4090	26.9996	87.2390	87.4375
701.5712	0.796248	0.808497	0.038623	0.036366	26.4310	27.0145	87.2230	87.4246
701.1247	0.796706	0.808795	0.038742	0.036562	26.4530	27.0294	87.2160	87.4117
700.6780	0.797183	0.809093	0.038891	0.036758	26.4760	27.0444	87.2070	87.3988
700.2313	0.797616	0.809390	0.039080	0.036955	26.4970	27.0594	87.1950	87.3858
699.7844	0.798047	0.809688	0.039282	0.037151	26.5180	27.0744	87.1820	87.3729
699.3375	0.798479	0.809986	0.039471	0.037348	26.5390	27.0894	87.1700	87.3600
698.8904	0.798905	0.810284	0.039772	0.037545	26.5600	27.1044	87.1500	87.3471
698.4433	0.799400	0.810583	0.039936	0.037742	26.5840	27.1195	87.1400	87.3342
697.9961	0.799923	0.810881	0.040354	0.037939	26.6100	27.1345	87.1120	87.3212
697.5488	0.800372	0.811179	0.040587	0.038136	26.6320	27.1496	87.0970	87.3083
697.1013	0.800761	0.811478	0.040733	0.038334	26.6510	27.1647	87.0880	87.2954
696.6537	0.801193	0.811775	0.040867	0.038527	26.6720	27.1797	87.0800	87.2828
696.2061	0.801721	0.812072	0.041147	0.038720	26.6980	27.1948	87.0620	87.2702
695.7584	0.802234	0.812369	0.041299	0.038910	26.7230	27.2098	87.0530	87.2578
695.3105	0.802700	0.812665	0.041534	0.039097	26.7460	27.2248	87.0380	87.2456
694.8626	0.803187	0.812962	0.041770	0.039285	26.7700	27.2399	87.0230	87.2334
694.4146	0.803634	0.813258	0.041948	0.039473	26.7920	27.2549	87.0120	87.2212
693.9664	0.804125	0.813555	0.042086	0.039661	26.8160	27.2700	87.0040	87.2090
693.5182	0.804690	0.813851	0.042369	0.039849	26.8440	27.2851	86.9860	87.1968
693.0699	0.805202	0.814148	0.042467	0.040037	26.8690	27.3002	86.9810	87.1846
692.6215	0.805691	0.814444	0.042591	0.040226	26.8930	27.3153	86.9740	87.1724
692.1729	0.806160	0.814741	0.042701	0.040414	26.9160	27.3304	86.9680	87.1603
691.7243	0.806607	0.815038	0.042823	0.040603	26.9380	27.3456	86.9610	87.1481
691.2756	0.807172	0.815335	0.043051	0.040791	26.9660	27.3608	86.9470	87.1359
690.8267	0.807594	0.815632	0.043229	0.040980	26.9870	27.3760	86.9360	87.1237
690.3778	0.808096	0.815929	0.043440	0.041169	27.0120	27.3912	86.9230	87.1115
689.9288	0.808561	0.816227	0.043578	0.041358	27.0350	27.4064	86.9150	87.0993
689.4797	0.809079	0.816524	0.043861	0.041547	27.0610	27.4217	86.8970	87.0871
689.0304	0.809581	0.816822	0.044044	0.041737	27.0860	27.4369	86.8860	87.0749
688.5811	0.810062	0.817119	0.044212	0.041925	27.1100	27.4522	86.8760	87.0628
688.1317	0.810483	0.817418	0.044362	0.042114	27.1310	27.4675	86.8670	87.0507
687.6821	0.810907	0.817716	0.044457	0.042303	27.1520	27.4829	86.8620	87.0386
687.2325	0.811420	0.818014	0.044755	0.042492	27.1780	27.4982	86.8430	87.0264
686.7828	0.811882	0.818313	0.044865	0.042681	27.2010	27.5136	86.8370	87.0143
686.3329	0.812345	0.818611	0.044962	0.042870	27.2240	27.5290	86.8320	87.0022
685.8830	0.812804	0.818910	0.045101	0.043059	27.2470	27.5444	86.8240	86.9901
685.4330	0.813385	0.819208	0.045247	0.043248	27.2760	27.5599	86.8160	86.9780
684.9828	0.813905	0.819507	0.045362	0.043437	27.3020	27.5753	86.8100	86.9659
684.5327	0.814322	0.819806	0.045499	0.043626	27.3230	27.5908	86.8020	86.9538
684.0823	0.814762	0.820105	0.045595	0.043816	27.3450	27.6063	86.7970	86.9418
683.6319	0.815241	0.820404	0.045693	0.044005	27.3690	27.6218	86.7920	86.9297
683.1813	0.815659	0.820703	0.045802	0.044195	27.3900	27.6373	86.7860	86.9176
682.7307	0.816187	0.821002	0.046089	0.044385	27.4170	27.6529	86.7680	86.9055
682.2800	0.816685	0.821302	0.046175	0.044575	27.4420	27.6684	86.7640	86.8934
681.8292	0.817178	0.821602	0.046345	0.044764	27.4670	27.6841	86.7540	86.8814
681.3782	0.817650	0.821903	0.046515	0.044954	27.4910	27.6998	86.7440	86.8693
680.9272	0.818081	0.822206	0.046683	0.045143	27.5130	27.7156	86.7340	86.8573
680.4761	0.818551	0.822516	0.046882	0.045332	27.5370	27.7317	86.7220	86.8454
680.0248	0.818963	0.822826	0.047020	0.045520	27.5580	27.7479	86.7140	86.8335
679.5735	0.819434	0.823136	0.047176	0.045709	27.5820	27.7641	86.7050	86.8216
679.1221	0.819864	0.823447	0.047330	0.045897	27.6040	27.7803	86.6960	86.8098
678.6705	0.820298	0.823757	0.047413	0.046086	27.6260	27.7965	86.6920	86.7979
678.2189	0.820728	0.824067	0.047553	0.046274	27.6480	27.8128	86.6840	86.7860
677.7672	0.821171	0.824377	0.047794	0.046463	27.6710	27.8290	86.6690	86.7741
677.3154	0.821599	0.824688	0.047963	0.046652	27.6930	27.8453	86.6590	86.7623
676.8634	0.822027	0.824998	0.048103	0.046841	27.7150	27.8616	86.6510	86.7504
676.4114	0.822416	0.825309	0.048241	0.047030	27.7350	27.8779	86.6430	86.7385
675.9592	0.822783	0.825619	0.048392	0.047219	27.7540	27.8943	86.6340	86.7267
675.5070	0.823207	0.825930	0.048590	0.047408	27.7760	27.9106	86.6220	86.7149
675.0547	0.823581	0.826240	0.048612	0.047597	27.7950	27.9270	86.6220	86.7030
674.6022	0.823969	0.826551	0.048736	0.047786	27.8150	27.9434	86.6150	86.6912
674.1497	0.824356	0.826862	0.048860	0.047976	27.8350	27.9598	86.6080	86.6793
673.6971	0.824744	0.827176	0.048970	0.048159	27.8550	27.9764	86.6020	86.6679
673.2443	0.825171	0.827492	0.049068	0.048341	27.8770	27.9931	86.5970	86.6567
672.7915	0.825557	0.827809	0.049206	0.048521	27.8970	28.0099	86.5890	86.6455
672.3386	0.825941	0.828126	0.049345	0.048700	27.9170	28.0266	86.5810	86.6344
671.8855	0.826287	0.828444	0.049467	0.048880	27.9350	28.0434	86.5740	86.6234
671.4324	0.826653	0.828761	0.049590	0.049059	27.9540	28.0603	86.5670	86.6123
670.9791	0.827036	0.829079	0.049729	0.049238	27.9740	28.0771	86.5590	86.6012
670.5258	0.827456	0.829397	0.049899	0.049418	27.9960	28.0940	86.5490	86.5902
670.0723	0.827816	0.829714	0.050095	0.049597	28.0150	28.1109	86.5370	86.5791
669.6188	0.828200	0.830032	0.050205	0.049777	28.0350	28.1278	86.5310	86.5681
669.1651	0.828563	0.830350	0.050329	0.049957	28.0540	28.1447	86.5240	86.5570
668.7114	0.828967	0.830667	0.050411	0.050136	28.0750	28.1616	86.5200	86.5460
668.2575	0.829334	0.830985	0.050463	0.050316	28.0940	28.1786	86.5180	86.5350
667.8035	0.829733	0.831303	0.050618	0.050496	28.1150	28.1956	86.5090	86.5240
667.3495	0.830053	0.831621	0.050783	0.050675	28.1320	28.2125	86.4990	86.5129
666.8953	0.830415	0.831939	0.050892	0.050855	28.1510	28.2296	86.4930	86.5020
666.4411	0.830797	0.832258	0.051003	0.051034	28.1710	28.2466	86.4870	86.4910
665.9868	0.831161	0.832576	0.051069	0.051213	28.1900	28.2637	86.4840	86.4801
665.5323	0.831519	0.832895	0.051222	0.051392	28.2090	28.2808	86.4750	86.4692
665.0777	0.831880	0.833214	0.051317	0.051571	28.2280	28.2979	86.4700	86.4583
664.6230	0.832220	0.833533	0.051440	0.051750	28.2460	28.3151	86.4630	86.4474
664.1683	0.832600	0.833852	0.051537	0.051929	28.2660	28.3323	86.4580	86.4365
663.7134	0.832960	0.834171	0.051646	0.052107	28.2850	28.3494	86.4520	86.4256
663.2584	0.833277	0.834490	0.051812	0.052286	28.3020	28.3667	86.4420	86.4147
662.8034	0.833597	0.834809	0.051934	0.052465	28.3190	28.3839	86.4350	86.4039
662.3482	0.833954	0.835128	0.052059	0.052644	28.3380	28.4011	86.4280	86.3930
661.8929	0.834292	0.835448	0.052182	0.052823	28.3560	28.4184	86.4210	86.3822
661.4376	0.834631	0.835767	0.052291	0.053002	28.3740	28.4357	86.4150	86.3713
660.9821	0.834969	0.836086	0.052400	0.053181	28.3920	28.4530	86.4090	86.3605
660.5265	0.835309	0.836405	0.052465	0.053360	28.4100	28.4703	86.4060	86.3497
660.0708	0.835649	0.836725	0.052545	0.053538	28.4280	28.4877	86.4020	86.3389
659.6151	0.836060	0.837041	0.052688	0.053716	28.4500	28.5048	86.3940	86.3281
659.1592	0.836455	0.837357	0.052787	0.053894	28.4710	28.5220	86.3890	86.3174
658.7032	0.836771	0.837670	0.052909	0.054071	28.4880	28.5391	86.3820	86.3067
658.2471	0.837031	0.837982	0.053028	0.054247	28.5020	28.5561	86.3750	86.2961
657.7909	0.837349	0.838294	0.053107	0.054424	28.5190	28.5732	86.3710	86.2855
657.3346	0.837687	0.838606	0.053173	0.054600	28.5370	28.5902	86.3680	86.2748
656.8782	0.838027	0.838918	0.053209	0.054777	28.5550	28.6073	86.3670	86.2642
656.4218	0.838364	0.839231	0.053289	0.054953	28.5730	28.6244	86.3630	86.2536
655.9651	0.838662	0.839543	0.053367	0.055129	28.5890	28.6415	86.3590	86.2430
655.5084	0.839012	0.839855	0.053521	0.055306	28.6080	28.6587	86.3500	86.2324
655.0516	0.839307	0.840168	0.053658	0.055482	28.6240	28.6758	86.3420	86.2218
654.5947	0.839582	0.840480	0.053793	0.055658	28.6390	28.6930	86.3340	86.2113
654.1377	0.839897	0.840793	0.053887	0.055835	28.6560	28.7102	86.3290	86.2007
653.6806	0.840173	0.841105	0.053993	0.056011	28.6710	28.7275	86.3230	86.1902
653.2234	0.840489	0.841418	0.054072	0.056187	28.6880	28.7447	86.3190	86.1797
652.7661	0.840804	0.841734	0.054151	0.056363	28.7050	28.7621	86.3150	86.1692
652.3087	0.841099	0.842053	0.054259	0.056538	28.7210	28.7797	86.3090	86.1587
651.8511	0.841381	0.842373	0.054262	0.056713	28.7360	28.7974	86.3100	86.1483
651.3936	0.841659	0.842696	0.054324	0.056888	28.7510	28.8153	86.3070	86.1380
650.9358	0.841979	0.843019	0.054316	0.057063	28.7680	28.8332	86.3090	86.1276
650.4780	0.842334	0.843341	0.054338	0.057238	28.7870	28.8511	86.3090	86.1173
650.0201	0.842687	0.843664	0.054391	0.057412	28.8060	28.8690	86.3070	86.1070
649.5620	0.843040	0.843987	0.054428	0.057587	28.8250	28.8869	86.3060	86.0966
649.1039	0.843371	0.844310	0.054524	0.057762	28.8430	28.9049	86.3010	86.0863
648.6457	0.843677	0.844633	0.054706	0.057936	28.8600	28.9228	86.2900	86.0761
648.1873	0.844065	0.844956	0.054761	0.058110	28.8810	28.9408	86.2880	86.0658
647.7289	0.844355	0.845279	0.054898	0.058285	28.8970	28.9589	86.2800	86.0555
647.2703	0.844702	0.845602	0.054995	0.058459	28.9160	28.9769	86.2750	86.0453
646.8117	0.845008	0.845925	0.055163	0.058633	28.9330	28.9950	86.2650	86.0350
646.3530	0.845354	0.846249	0.055274	0.058807	28.9520	29.0131	86.2590	86.0248
645.8941	0.845645	0.846573	0.055367	0.058979	28.9680	29.0312	86.2540	86.0147
645.4351	0.845971	0.846901	0.055492	0.059145	28.9860	29.0496	86.2470	86.0051
644.9761	0.846337	0.847229	0.055561	0.059311	29.0060	29.0679	86.2440	85.9955
644.5169	0.846617	0.847558	0.055817	0.059475	29.0220	29.0864	86.2280	85.9860
644.0577	0.846951	0.847887	0.056076	0.059639	29.0410	29.1048	86.2120	85.9765
643.5983	0.847252	0.848216	0.056274	0.059803	29.0580	29.1233	86.2000	85.9671
643.1389	0.847561	0.848545	0.056354	0.059966	29.0750	29.1418	86.1960	85.9577
642.6793	0.847835	0.848874	0.056402	0.060130	29.0900	29.1604	86.1940	85.9482
642.2196	0.848133	0.849204	0.056630	0.060293	29.1070	29.1789	86.1800	85.9388
641.7598	0.848510	0.849533	0.056774	0.060456	29.1280	29.1975	86.1720	85.9294
641.2999	0.848864	0.849862	0.056977	0.060620	29.1480	29.2161	86.1600	85.9201
640.8400	0.849274	0.850191	0.057168	0.060783	29.1710	29.2347	86.1490	85.9107
640.3799	0.849579	0.850520	0.057278	0.060946	29.1880	29.2533	86.1430	85.9014
639.9197	0.849949	0.850850	0.057497	0.061108	29.2090	29.2720	86.1300	85.8920
639.4594	0.850291	0.851179	0.057579	0.061271	29.2280	29.2907	86.1260	85.8827
638.9990	0.850590	0.851509	0.057764	0.061433	29.2450	29.3094	86.1150	85.8735
638.5385	0.850928	0.851840	0.057891	0.061593	29.2640	29.3282	86.1080	85.8644
638.0779	0.851230	0.852171	0.058016	0.061752	29.2810	29.3471	86.1010	85.8553
637.6172	0.851511	0.852502	0.058185	0.061912	29.2970	29.3659	86.0910	85.8463
637.1564	0.851886	0.852834	0.058285	0.062071	29.3180	29.3848	86.0860	85.8372
636.6954	0.852226	0.853165	0.058383	0.062230	29.3370	29.4037	86.0810	85.8282
636.2344	0.852604	0.853496	0.058693	0.062389	29.3590	29.4226	86.0620	85.8192
635.7733	0.852938	0.853827	0.058850	0.062548	29.3780	29.4416	86.0530	85.8103
635.3121	0.853181	0.854159	0.059017	0.062706	29.3920	29.4605	86.0430	85.8013
634.8508	0.853472	0.854490	0.059261	0.062865	29.4090	29.4795	86.0280	85.7923
634.3893	0.853824	0.854821	0.059406	0.063023	29.4290	29.4985	86.0200	85.7834
633.9278	0.854277	0.855152	0.059647	0.063181	29.4550	29.5176	86.0060	85.7745
633.4662	0.854804	0.855484	0.059864	0.063339	29.4850	29.5366	85.9940	85.7656
633.0044	0.855191	0.855815	0.059996	0.063497	29.5070	29.5557	85.9870	85.7567
632.5425	0.855562	0.856149	0.060097	0.063669	29.5280	29.5750	85.9820	85.7469
632.0806	0.855916	0.856483	0.060182	0.063842	29.5480	29.5943	85.9780	85.7371
631.6186	0.856117	0.856818	0.060136	0.064022	29.5590	29.6138	85.9820	85.7268
631.1564	0.856460	0.857153	0.060100	0.064204	29.5780	29.6333	85.9860	85.7163
630.6942	0.856676	0.857488	0.060355	0.064386	29.5910	29.6528	85.9700	85.7059
630.2318	0.856835	0.857824	0.060637	0.064567	29.6010	29.6723	85.9520	85.6955
629.7693	0.856846	0.858159	0.060728	0.064748	29.6020	29.6919	85.9460	85.6852
629.3068	0.857189	0.858494	0.060948	0.064929	29.6220	29.7115	85.9330	85.6749
628.8441	0.857290	0.858830	0.061030	0.065110	29.6280	29.7311	85.9280	85.6646
628.3813	0.857835	0.859165	0.061159	0.065290	29.6590	29.7507	85.9220	85.6543
627.9184	0.858251	0.859500	0.061339	0.065471	29.6830	29.7704	85.9120	85.6440
627.4554	0.858776	0.859836	0.061211	0.065651	29.7120	29.7901	85.9230	85.6338
626.9923	0.859011	0.860171	0.061409	0.065830	29.7260	29.8098	85.9110	85.6236
626.5291	0.859199	0.860506	0.061528	0.066000	29.7370	29.8295	85.9040	85.6140
626.0658	0.859322	0.860841	0.061537	0.066170	29.7440	29.8491	85.9040	85.6045
625.6024	0.859639	0.861175	0.061574	0.066309	29.7620	29.8687	85.9030	85.5970
625.1389	0.860026	0.861509	0.061119	0.066442	29.7820	29.8882	85.9350	85.5899
624.6753	0.860762	0.861844	0.060990	0.066575	29.8230	29.9078	85.9470	85.5828
624.2115	0.860907	0.862178	0.060684	0.066708	29.8300	29.9273	85.9680	85.5758
623.7477	0.861117	0.862512	0.060457	0.066840	29.8410	29.9469	85.9840	85.5687
623.2838	0.861595	0.862846	0.060188	0.066972	29.8670	29.9666	86.0040	85.5617
622.8198	0.861802	0.863180	0.060248	0.067104	29.8790	29.9862	86.0010	85.5547
622.3557	0.861482	0.863514	0.061540	0.067236	29.8660	30.0059	85.9140	85.5477
621.8914	0.861400	0.863848	0.062683	0.067368	29.8660	30.0256	85.8380	85.5408
621.4271	0.861199	0.864183	0.063968	0.067499	29.8600	30.0453	85.7520	85.5339
620.9626	0.861044	0.864517	0.065558	0.067630	29.8580	30.0650	85.6460	85.5270
620.4980	0.860905	0.864851	0.066908	0.067761	29.8560	30.0848	85.5560	85.5201
620.0334	0.861076	0.865185	0.068328	0.067891	29.8720	30.1046	85.4630	85.5132
619.5687	0.861650	0.865523	0.069962	0.068041	29.9120	30.1247	85.3580	85.5051
619.1038	0.861848	0.865862	0.071190	0.068192	29.9290	30.1449	85.2780	85.4969
618.6388	0.861806	0.866201	0.072338	0.068344	29.9320	30.1651	85.2020	85.4887
618.1737	0.862053	0.866540	0.073571	0.068497	29.9520	30.1854	85.1220	85.4804
617.7086	0.862176	0.866879	0.074794	0.068649	29.9650	30.2057	85.0420	85.4721
617.2433	0.862357	0.867219	0.075932	0.068801	29.9810	30.2260	84.9680	85.4639
616.7779	0.862616	0.867558	0.076971	0.068953	30.0010	30.2464	84.9010	85.4557
616.3124	0.862821	0.867897	0.077809	0.069104	30.0170	30.2668	84.8470	85.4476
615.8468	0.862806	0.868236	0.078552	0.069255	30.0200	30.2871	84.7980	85.4394
615.3810	0.863108	0.868575	0.079460	0.069406	30.0420	30.3076	84.7400	85.4313
614.9153	0.863174	0.868914	0.080257	0.069556	30.0500	30.3280	84.6880	85.4233
614.4493	0.863349	0.869253	0.081002	0.069706	30.0640	30.3485	84.6400	85.4152
613.9833	0.863597	0.869592	0.081512	0.069855	30.0810	30.3690	84.6080	85.4073
613.5172	0.863840	0.869932	0.082083	0.069988	30.0980	30.3895	84.5720	85.4004
613.0510	0.864221	0.870273	0.082652	0.070121	30.1230	30.4100	84.5370	85.3935
612.5847	0.864597	0.870614	0.083084	0.070249	30.1470	30.4306	84.5110	85.3868
612.1182	0.865009	0.870955	0.083489	0.070378	30.1730	30.4512	84.4870	85.3802
611.6517	0.865434	0.871295	0.083942	0.070505	30.2000	30.4719	84.4600	85.3737
611.1850	0.865854	0.871636	0.084242	0.070633	30.2260	30.4925	84.4430	85.3672
610.7183	0.866265	0.871977	0.084465	0.070760	30.2510	30.5132	84.4310	85.3607
610.2514	0.866721	0.872318	0.084738	0.070886	30.2790	30.5339	84.4160	85.3542
609.7844	0.867146	0.872658	0.084979	0.071012	30.3050	30.5547	84.4030	85.3478
609.3173	0.867703	0.872999	0.085079	0.071138	30.3380	30.5754	84.4000	85.3414
608.8502	0.868280	0.873340	0.085151	0.071264	30.3720	30.5962	84.3990	85.3351
608.3829	0.868853	0.873680	0.085069	0.071389	30.4050	30.6170	84.4080	85.3287
607.9155	0.869422	0.874020	0.085018	0.071513	30.4380	30.6377	84.4150	85.3224
607.4480	0.870096	0.874354	0.084915	0.071636	30.4770	30.6582	84.4260	85.3162
606.9804	0.870744	0.874688	0.084733	0.071758	30.5140	30.6787	84.4420	85.3100
606.5127	0.871420	0.875021	0.084584	0.071880	30.5530	30.6991	84.4560	85.3039
606.0449	0.872060	0.875354	0.084262	0.072001	30.5890	30.7196	84.4810	85.2978
605.5770	0.872757	0.875687	0.083868	0.072122	30.6280	30.7401	84.5110	85.2917
605.1089	0.873515	0.876019	0.083510	0.072243	30.6710	30.7606	84.5390	85.2857
604.6408	0.874228	0.876352	0.083255	0.072363	30.7120	30.7811	84.5600	85.2797
604.1726	0.875070	0.876685	0.082857	0.072482	30.7600	30.8016	84.5910	85.2737
603.7042	0.875919	0.877017	0.082351	0.072601	30.8080	30.8222	84.6290	85.2677
603.2358	0.876732	0.877350	0.081841	0.072720	30.8540	30.8428	84.6670	85.2618
602.7673	0.877539	0.877683	0.081191	0.072838	30.8990	30.8635	84.7140	85.2560
602.2986	0.878275	0.878015	0.080563	0.072955	30.9400	30.8841	84.7590	85.2501
601.8298	0.879110	0.878353	0.079912	0.073075	30.9870	30.9051	84.8060	85.2442
601.3610	0.879894	0.878698	0.079241	0.073197	31.0310	30.9266	84.8540	85.2381
600.8920	0.880725	0.879043	0.078572	0.073320	31.0780	30.9481	84.9020	85.2321
600.4229	0.881528	0.879389	0.077806	0.073442	31.1230	30.9697	84.9560	85.2260
599.9537	0.882364	0.879735	0.077011	0.073564	31.1700	30.9914	85.0120	85.2200
599.4844	0.883227	0.880082	0.076232	0.073685	31.2190	31.0130	85.0670	85.2140
599.0150	0.884150	0.880428	0.075285	0.073806	31.2710	31.0347	85.1330	85.2081
598.5455	0.884973	0.880774	0.074515	0.073926	31.3180	31.0564	85.1870	85.2022
598.0759	0.885841	0.881120	0.073748	0.074046	31.3680	31.0782	85.2410	85.1964
597.6062	0.886641	0.881466	0.072786	0.074165	31.4130	31.0999	85.3070	85.1906
597.1364	0.887483	0.881811	0.071857	0.074283	31.4610	31.1217	85.3710	85.1848
596.6664	0.888418	0.882158	0.070919	0.074402	31.5150	31.1436	85.4360	85.1791
596.1964	0.889309	0.882504	0.069881	0.074520	31.5660	31.1655	85.5070	85.1733
595.7263	0.890146	0.882852	0.068868	0.074641	31.6140	31.1875	85.5760	85.1674
595.2560	0.890891	0.883203	0.067784	0.074764	31.6560	31.2098	85.6490	85.1614
594.7857	0.891541	0.883554	0.066660	0.074887	31.6920	31.2321	85.7240	85.1554
594.3152	0.892271	0.883904	0.065681	0.075009	31.7340	31.2543	85.7900	85.1495
593.8447	0.892966	0.884254	0.064714	0.075130	31.7740	31.2767	85.8550	85.1436
593.3740	0.893644	0.884604	0.063728	0.075251	31.8130	31.2990	85.9210	85.1377
592.9032	0.894416	0.884955	0.062904	0.075371	31.8590	31.3214	85.9770	85.1319
592.4323	0.895137	0.885305	0.062107	0.075490	31.9020	31.3438	86.0310	85.1262
591.9613	0.895913	0.885655	0.061140	0.075608	31.9480	31.3662	86.0960	85.1205
591.4902	0.896762	0.886004	0.060176	0.075726	31.9990	31.3886	86.1610	85.1148
591.0190	0.897737	0.886354	0.059329	0.075844	32.0590	31.4111	86.2190	85.1092
590.5477	0.898453	0.886702	0.058400	0.075945	32.1020	31.4334	86.2810	85.1046
590.0763	0.899339	0.887049	0.057622	0.076045	32.1570	31.4557	86.3340	85.1001
589.6048	0.899814	0.887394	0.056816	0.076125	32.1850	31.4777	86.3870	85.0969
589.1331	0.900407	0.887738	0.056034	0.076201	32.2210	31.4997	86.4390	85.0939
588.6614	0.900804	0.888082	0.055711	0.076275	32.2460	31.5218	86.4610	85.0910
588.1896	0.901336	0.888426	0.055128	0.076350	32.2790	31.5438	86.5000	85.0882
587.7176	0.901888	0.888770	0.054688	0.076423	32.3140	31.5659	86.5300	85.0854
587.2455	0.902577	0.889113	0.054429	0.076496	32.3590	31.5881	86.5490	85.0826
586.7734	0.903029	0.889457	0.054362	0.076568	32.3890	31.6102	86.5550	85.0799
586.3011	0.903348	0.889801	0.054998	0.076639	32.4130	31.6324	86.5160	85.0772
585.8287	0.903209	0.890144	0.055559	0.076710	32.4060	31.6546	86.4800	85.0746
585.3563	0.903547	0.890488	0.056577	0.076780	32.4330	31.6768	86.4170	85.0720
584.8837	0.903887	0.890829	0.057771	0.076843	32.4610	31.6989	86.3430	85.0699
584.4109	0.903951	0.891165	0.059311	0.076885	32.4720	31.7206	86.2460	85.0691
583.9382	0.904188	0.891501	0.060865	0.076925	32.4950	31.7423	86.1490	85.0683
583.4652	0.904922	0.891835	0.061358	0.076959	32.5470	31.7638	86.1210	85.0680
582.9922	0.905482	0.892169	0.061999	0.076992	32.5880	31.7854	86.0830	85.0677
582.5191	0.906150	0.892503	0.062522	0.077025	32.6360	31.8070	86.0530	85.0675
582.0458	0.906790	0.892838	0.062773	0.077057	32.6810	31.8287	86.0400	85.0673
581.5725	0.907361	0.893172	0.063146	0.077088	32.7220	31.8504	86.0190	85.0671
581.0991	0.907794	0.893506	0.063399	0.077119	32.7530	31.8721	86.0050	85.0670
580.6255	0.907827	0.893840	0.063338	0.077148	32.7550	31.8938	86.0090	85.0670
580.1519	0.908172	0.894173	0.063585	0.077177	32.7800	31.9155	85.9950	85.0669
579.6780	0.908716	0.894515	0.063862	0.077218	32.8190	31.9379	85.9800	85.0662
579.2042	0.909051	0.894860	0.064029	0.077264	32.8430	31.9605	85.9710	85.0652
578.7302	0.909460	0.895214	0.064138	0.077324	32.8720	31.9839	85.9660	85.0633
578.2561	0.909817	0.895574	0.064163	0.077396	32.8970	32.0077	85.9660	85.0607
577.7819	0.910128	0.895935	0.064233	0.077466	32.9190	32.0317	85.9630	85.0583
577.3076	0.910476	0.896296	0.064369	0.077536	32.9440	32.0556	85.9560	85.0558
576.8332	0.911044	0.896656	0.064617	0.077604	32.9850	32.0796	85.9430	85.0535
576.3586	0.911390	0.897016	0.064546	0.077672	33.0090	32.1035	85.9490	85.0511
575.8840	0.911900	0.897376	0.064566	0.077739	33.0450	32.1276	85.9500	85.0489
575.4093	0.912423	0.897736	0.064587	0.077804	33.0820	32.1516	85.9510	85.0467
574.9344	0.912893	0.898095	0.064732	0.077869	33.1160	32.1757	85.9440	85.0446
574.4595	0.913426	0.898455	0.064754	0.077933	33.1540	32.1997	85.9450	85.0425
573.9844	0.913843	0.898814	0.064816	0.077996	33.1840	32.2238	85.9430	85.0405
573.5092	0.914285	0.899174	0.064911	0.078075	33.2160	32.2481	85.9390	85.0375
573.0339	0.914755	0.899533	0.064977	0.078152	33.2500	32.2724	85.9370	85.0346
572.5586	0.915199	0.899892	0.065008	0.078229	33.2820	32.2967	85.9370	85.0317
572.0831	0.915654	0.900251	0.065057	0.078304	33.3150	32.3211	85.9360	85.0289
571.6075	0.916159	0.900610	0.065173	0.078379	33.3520	32.3454	85.9310	85.0262
571.1318	0.916672	0.900969	0.065145	0.078452	33.3890	32.3698	85.9350	85.0235
570.6559	0.917184	0.901327	0.065117	0.078524	33.4260	32.3942	85.9390	85.0209
570.1801	0.917694	0.901685	0.065089	0.078595	33.4630	32.4187	85.9430	85.0184
569.7040	0.918125	0.902043	0.065007	0.078665	33.4940	32.4431	85.9500	85.0160
569.2278	0.918644	0.902401	0.064995	0.078733	33.5320	32.4676	85.9530	85.0136
568.7516	0.919122	0.902755	0.064981	0.078771	33.5670	32.4917	85.9560	85.0132
568.2753	0.919561	0.903106	0.064915	0.078780	33.5990	32.5154	85.9620	85.0146
567.7988	0.920031	0.903455	0.064980	0.078778	33.6340	32.5391	85.9600	85.0166
567.3222	0.920463	0.903802	0.064979	0.078761	33.6660	32.5625	85.9620	85.0196
566.8455	0.920960	0.904149	0.064997	0.078743	33.7030	32.5860	85.9630	85.0227
566.3687	0.921428	0.904496	0.065014	0.078723	33.7380	32.6095	85.9640	85.0258
565.8918	0.921913	0.904843	0.064968	0.078703	33.7740	32.6330	85.9690	85.0289
565.4149	0.922414	0.905190	0.064874	0.078682	33.8110	32.6565	85.9770	85.0322
564.9377	0.922830	0.905537	0.064822	0.078659	33.8420	32.6801	85.9820	85.0355
564.4605	0.923271	0.905883	0.064772	0.078636	33.8750	32.7037	85.9870	85.0388
563.9832	0.923696	0.906230	0.064753	0.078613	33.9070	32.7273	85.9900	85.0421
563.5057	0.924132	0.906591	0.064751	0.078639	33.9400	32.7523	85.9920	85.0425
563.0282	0.924566	0.906951	0.064749	0.078663	33.9730	32.7773	85.9940	85.0430
562.5505	0.925064	0.907321	0.064752	0.078718	34.0110	32.8031	85.9960	85.0415
562.0728	0.925513	0.907691	0.064686	0.078773	34.0450	32.8291	86.0020	85.0401
561.5948	0.925973	0.908060	0.064637	0.078827	34.0800	32.8550	86.0070	85.0387
561.1169	0.926463	0.908429	0.064687	0.078879	34.1180	32.8810	86.0060	85.0374
560.6388	0.926926	0.908798	0.064736	0.078930	34.1540	32.9070	86.0050	85.0363
560.1606	0.927405	0.909167	0.064720	0.078980	34.1910	32.9330	86.0080	85.0352
559.6823	0.927863	0.909536	0.064801	0.079028	34.2270	32.9590	86.0050	85.0342
559.2039	0.928325	0.909904	0.064801	0.079074	34.2630	32.9851	86.0070	85.0333
558.7253	0.928760	0.910261	0.064799	0.079084	34.2970	33.0102	86.0090	85.0346
558.2467	0.929264	0.910610	0.064703	0.079065	34.3360	33.0346	86.0170	85.0376
557.7679	0.929721	0.910950	0.064703	0.079016	34.3720	33.0582	86.0190	85.0426
557.2891	0.930191	0.911280	0.064686	0.078933	34.4090	33.0810	86.0220	85.0495
556.8102	0.930647	0.911610	0.064669	0.078849	34.4450	33.1038	86.0250	85.0565
556.3311	0.931100	0.911940	0.064668	0.078764	34.4810	33.1267	86.0270	85.0636
555.8519	0.931571	0.912270	0.064554	0.078678	34.5180	33.1496	86.0360	85.0707
555.3726	0.932020	0.912600	0.064568	0.078591	34.5540	33.1725	86.0370	85.0780
554.8932	0.932443	0.912929	0.064581	0.078503	34.5880	33.1954	86.0380	85.0852
554.4137	0.932886	0.913259	0.064645	0.078413	34.6240	33.2184	86.0360	85.0926
553.9341	0.933357	0.913593	0.064628	0.078334	34.6620	33.2417	86.0390	85.0993
553.4543	0.933802	0.913955	0.064610	0.078324	34.6980	33.2676	86.0420	85.1019
552.9745	0.934230	0.914319	0.064656	0.078316	34.7330	33.2937	86.0410	85.1043
552.4946	0.934687	0.914713	0.064589	0.078384	34.7700	33.3224	86.0470	85.1021
552.0145	0.935146	0.915107	0.064490	0.078451	34.8070	33.3512	86.0550	85.1001
551.5344	0.935601	0.915500	0.064423	0.078515	34.8440	33.3801	86.0610	85.0982
551.0541	0.936053	0.915893	0.064372	0.078577	34.8810	33.4089	86.0660	85.0964
550.5737	0.936517	0.916285	0.064305	0.078638	34.9190	33.4378	86.0720	85.0948
550.0933	0.936965	0.916677	0.064270	0.078696	34.9560	33.4666	86.0760	85.0932
549.6127	0.937423	0.917069	0.064236	0.078752	34.9940	33.4955	86.0800	85.0918
549.1320	0.937881	0.917459	0.064169	0.078806	35.0320	33.5244	86.0860	85.0906
548.6511	0.938332	0.917834	0.064199	0.078805	35.0700	33.5519	86.0860	85.0927
548.1702	0.938781	0.918202	0.064230	0.078781	35.1080	33.5788	86.0860	85.0961
547.6891	0.939208	0.918561	0.064210	0.078723	35.1440	33.6048	86.0890	85.1016
547.2080	0.939646	0.918914	0.064174	0.078647	35.1810	33.6304	86.0930	85.1082
546.7267	0.940097	0.919267	0.064106	0.078569	35.2190	33.6560	86.0990	85.1149
546.2454	0.940546	0.919620	0.064038	0.078489	35.2570	33.6816	86.1050	85.1216
545.7639	0.940994	0.919972	0.063953	0.078408	35.2950	33.7073	86.1120	85.1285
545.2823	0.941404	0.920325	0.063898	0.078325	35.3300	33.7329	86.1170	85.1355
544.8007	0.941847	0.920676	0.063845	0.078241	35.3680	33.7586	86.1220	85.1426
544.3188	0.942260	0.921028	0.063873	0.078155	35.4040	33.7844	86.1220	85.1497
543.8369	0.942701	0.921383	0.063804	0.078076	35.4420	33.8105	86.1280	85.1564
543.3549	0.943125	0.921747	0.063783	0.078013	35.4790	33.8373	86.1310	85.1622
542.8728	0.943544	0.922110	0.063663	0.077950	35.5150	33.8643	86.1400	85.1680
542.3905	0.943958	0.922476	0.063575	0.077890	35.5510	33.8915	86.1470	85.1736
541.9082	0.944398	0.922841	0.063588	0.077828	35.5900	33.9187	86.1480	85.1793
541.4257	0.944817	0.923206	0.063566	0.077765	35.6270	33.9460	86.1510	85.1852
540.9431	0.945255	0.923571	0.063563	0.077699	35.6660	33.9732	86.1530	85.1911
540.4604	0.945674	0.923935	0.063475	0.077631	35.7030	34.0005	86.1600	85.1971
539.9777	0.946100	0.924298	0.063437	0.077561	35.7410	34.0278	86.1640	85.2033
539.4948	0.946500	0.924659	0.063414	0.077483	35.7770	34.0549	86.1670	85.2100
539.0118	0.946923	0.925019	0.063376	0.077404	35.8150	34.0820	86.1710	85.2168
538.5286	0.947348	0.925358	0.063272	0.077266	35.8530	34.1071	86.1790	85.2270
538.0454	0.947764	0.925696	0.063117	0.077125	35.8900	34.1323	86.1900	85.2374
537.5621	0.948194	0.926034	0.063045	0.076983	35.9290	34.1574	86.1960	85.2478
537.0786	0.948588	0.926371	0.063005	0.076838	35.9650	34.1826	86.2000	85.2584
536.5950	0.949026	0.926709	0.062934	0.076692	36.0050	34.2078	86.2060	85.2691
536.1114	0.949432	0.927045	0.062828	0.076544	36.0420	34.2330	86.2140	85.2799
535.6276	0.949829	0.927382	0.062671	0.076395	36.0780	34.2583	86.2250	85.2908
535.1437	0.950229	0.927718	0.062614	0.076243	36.1150	34.2835	86.2300	85.3018
534.6597	0.950664	0.928058	0.062476	0.076083	36.1550	34.3091	86.2400	85.3133
534.1756	0.951074	0.928400	0.062370	0.075919	36.1930	34.3348	86.2480	85.3251
533.6913	0.951479	0.928747	0.062313	0.075744	36.2310	34.3610	86.2530	85.3376
533.2070	0.951915	0.929096	0.062242	0.075562	36.2720	34.3873	86.2590	85.3505
532.7226	0.952388	0.929445	0.062056	0.075378	36.3160	34.4137	86.2720	85.3635
532.2380	0.952827	0.929794	0.062034	0.075192	36.3580	34.4401	86.2750	85.3766
531.7534	0.953274	0.930142	0.061846	0.075005	36.4000	34.4665	86.2880	85.3898
531.2686	0.953738	0.930489	0.061692	0.074815	36.4440	34.4929	86.2990	85.4031
530.7837	0.954190	0.930837	0.061537	0.074623	36.4870	34.5194	86.3100	85.4165
530.2987	0.954648	0.931183	0.061400	0.074430	36.5310	34.5459	86.3200	85.4300
529.8136	0.955073	0.931542	0.061276	0.074276	36.5720	34.5737	86.3290	85.4412
529.3284	0.955519	0.931921	0.061104	0.074187	36.6150	34.6035	86.3410	85.4485
528.8430	0.955960	0.932300	0.060981	0.074098	36.6580	34.6335	86.3500	85.4557
528.3576	0.956448	0.932681	0.060862	0.074016	36.7060	34.6638	86.3590	85.4626
527.8720	0.956894	0.933062	0.060739	0.073930	36.7500	34.6940	86.3680	85.4697
527.3864	0.957327	0.933442	0.060632	0.073842	36.7930	34.7243	86.3760	85.4769
526.9006	0.957798	0.933821	0.060511	0.073751	36.8400	34.7546	86.3850	85.4843
526.4147	0.958289	0.934199	0.060341	0.073657	36.8890	34.7849	86.3970	85.4918
525.9287	0.958785	0.934576	0.060187	0.073556	36.9390	34.8151	86.4080	85.4998
525.4426	0.959268	0.934945	0.060050	0.073428	36.9880	34.8446	86.4180	85.5094
524.9564	0.959757	0.935312	0.059929	0.073292	37.0380	34.8740	86.4270	85.5194
524.4700	0.960273	0.935669	0.059793	0.073114	37.0910	34.9023	86.4370	85.5319
523.9836	0.960776	0.936025	0.059639	0.072934	37.1430	34.9307	86.4480	85.5446
523.4971	0.961268	0.936380	0.059484	0.072751	37.1940	34.9590	86.4590	85.5574
523.0104	0.961739	0.936735	0.059294	0.072566	37.2430	34.9874	86.4720	85.5703
522.5236	0.962246	0.937089	0.059089	0.072378	37.2960	35.0157	86.4860	85.5834
522.0367	0.962794	0.937443	0.058904	0.072187	37.3540	35.0441	86.4990	85.5967
521.5497	0.963309	0.937796	0.058750	0.071994	37.4090	35.0725	86.5100	85.6100
521.0626	0.963819	0.938148	0.058460	0.071798	37.4630	35.1009	86.5290	85.6236
520.5754	0.964350	0.938505	0.058222	0.071600	37.5200	35.1298	86.5450	85.6372
520.0881	0.964849	0.938863	0.058015	0.071400	37.5740	35.1588	86.5590	85.6511
519.6006	0.965362	0.939220	0.057793	0.071196	37.6300	35.1878	86.5740	85.6651
519.1131	0.965846	0.939577	0.057551	0.070990	37.6830	35.2169	86.5900	85.6792
518.6254	0.966354	0.939933	0.057294	0.070781	37.7390	35.2459	86.6070	85.6935
518.1377	0.966824	0.940288	0.057034	0.070569	37.7910	35.2750	86.6240	85.7080
517.6498	0.967333	0.940643	0.056792	0.070355	37.8480	35.3041	86.6400	85.7226
517.1618	0.967770	0.940997	0.056530	0.070137	37.8970	35.3332	86.6570	85.7373
516.6737	0.968210	0.941346	0.056166	0.069898	37.9460	35.3619	86.6800	85.7534
516.1855	0.968699	0.941693	0.055940	0.069647	38.0020	35.3903	86.6950	85.7701
515.6971	0.969189	0.942038	0.055764	0.069381	38.0590	35.4185	86.7070	85.7877
515.2087	0.969662	0.942379	0.055537	0.069106	38.1140	35.4466	86.7220	85.8059
514.7202	0.970167	0.942721	0.055243	0.068828	38.1730	35.4746	86.7410	85.8242
514.2314	0.970604	0.943061	0.054945	0.068548	38.2240	35.5027	86.7600	85.8427
513.7427	0.971067	0.943401	0.054682	0.068264	38.2790	35.5308	86.7770	85.8613
513.2538	0.971543	0.943740	0.054420	0.067978	38.3360	35.5589	86.7940	85.8801
512.7648	0.972016	0.944085	0.054140	0.067703	38.3930	35.5876	86.8120	85.8982
512.2757	0.972469	0.944435	0.053876	0.067441	38.4480	35.6169	86.8290	85.9155
511.7864	0.972960	0.944796	0.053699	0.067206	38.5090	35.6476	86.8410	85.9312
511.2971	0.973453	0.945173	0.053538	0.067008	38.5710	35.6800	86.8520	85.9448
510.8076	0.973945	0.945549	0.053327	0.066805	38.6330	35.7123	86.8660	85.9587
510.3181	0.974338	0.945923	0.053161	0.066599	38.6830	35.7447	86.8770	85.9727
509.8284	0.974699	0.946297	0.052958	0.066389	38.7290	35.7770	86.8900	85.9869
509.3386	0.975080	0.946669	0.052638	0.066175	38.7770	35.8094	86.9100	86.0014
508.8488	0.975511	0.947039	0.052439	0.065952	38.8330	35.8416	86.9230	86.0164
508.3587	0.975954	0.947405	0.052207	0.065712	38.8910	35.8734	86.9380	86.0323
507.8686	0.976376	0.947758	0.051887	0.065425	38.9460	35.9038	86.9580	86.0511
507.3784	0.976799	0.948078	0.051756	0.065013	39.0030	35.9306	86.9670	86.0771
506.8880	0.977191	0.948398	0.051589	0.064600	39.0560	35.9573	86.9780	86.1034
506.3976	0.977599	0.948717	0.051473	0.064183	39.1120	35.9841	86.9860	86.1297
505.9070	0.977943	0.949035	0.051406	0.063763	39.1600	36.0109	86.9910	86.1562
505.4163	0.978353	0.949352	0.051256	0.063341	39.2170	36.0377	87.0010	86.1829
504.9255	0.978739	0.949668	0.051071	0.062916	39.2710	36.0645	87.0130	86.2096
504.4346	0.979104	0.949984	0.050970	0.062488	39.3230	36.0914	87.0200	86.2366
503.9436	0.979465	0.950303	0.050749	0.062072	39.3740	36.1187	87.0340	86.2629
503.4525	0.979784	0.950655	0.050611	0.061760	39.4200	36.1498	87.0430	86.2830
502.9612	0.980143	0.951005	0.050441	0.061444	39.4720	36.1808	87.0540	86.3033
502.4698	0.980491	0.951355	0.050287	0.061125	39.5230	36.2119	87.0640	86.3238
501.9784	0.980864	0.951703	0.050100	0.060802	39.5780	36.2430	87.0760	86.3445
501.4868	0.981211	0.952050	0.049843	0.060475	39.6290	36.2741	87.0920	86.3654
500.9951	0.981536	0.952397	0.049585	0.060145	39.6770	36.3051	87.1080	86.3865
500.5033	0.981843	0.952742	0.049360	0.059811	39.7230	36.3362	87.1220	86.4078
500.0114	0.982192	0.953086	0.049137	0.059472	39.7760	36.3673	87.1360	86.4294
499.5193	0.982525	0.953415	0.048896	0.059064	39.8270	36.3965	87.1510	86.4551
499.0272	0.982855	0.953742	0.048671	0.058650	39.8780	36.4257	87.1650	86.4810
498.5349	0.983161	0.954067	0.048497	0.058226	39.9260	36.4548	87.1760	86.5076
498.0426	0.983456	0.954390	0.048340	0.057798	39.9730	36.4837	87.1860	86.5344
497.5501	0.983770	0.954713	0.048132	0.057367	40.0230	36.5127	87.1990	86.5614
497.0575	0.984099	0.955034	0.048044	0.056931	40.0770	36.5417	87.2050	86.5885
496.5648	0.984443	0.955355	0.047803	0.056493	40.1330	36.5707	87.2200	86.6159
496.0720	0.984734	0.955674	0.047627	0.056051	40.1810	36.5997	87.2310	86.6434
495.5790	0.985017	0.956006	0.047434	0.055616	40.2280	36.6301	87.2430	86.6706
495.0860	0.985316	0.956339	0.047449	0.055179	40.2800	36.6607	87.2430	86.6978
494.5928	0.985591	0.956672	0.047307	0.054740	40.3270	36.6914	87.2520	86.7252
494.0995	0.985898	0.957004	0.047132	0.054297	40.3800	36.7221	87.2630	86.7527
493.6062	0.986203	0.957334	0.046939	0.053850	40.4330	36.7528	87.2750	86.7805
493.1127	0.986484	0.957664	0.046728	0.053399	40.4820	36.7835	87.2880	86.8085
492.6190	0.986761	0.957992	0.046517	0.052945	40.5310	36.8142	87.3010	86.8367
492.1253	0.987026	0.958319	0.046392	0.052486	40.5790	36.8449	87.3090	86.8651
491.6315	0.987287	0.958642	0.046179	0.052002	40.6260	36.8752	87.3220	86.8950
491.1375	0.987555	0.958964	0.046002	0.051507	40.6750	36.9054	87.3330	86.9256
490.6435	0.987815	0.959284	0.045789	0.051008	40.7230	36.9355	87.3460	86.9563
490.1493	0.988090	0.959602	0.045560	0.050505	40.7740	36.9656	87.3600	86.9873
489.6550	0.988315	0.959920	0.045329	0.049997	40.8160	36.9958	87.3740	87.0184
489.1606	0.988571	0.960236	0.045150	0.049486	40.8650	37.0259	87.3850	87.0498
488.6661	0.988811	0.960551	0.044919	0.048972	40.9110	37.0560	87.3990	87.0814
488.1714	0.989083	0.960865	0.044810	0.048454	40.9650	37.0862	87.4060	87.1132
487.6767	0.989301	0.961183	0.044630	0.047937	41.0080	37.1168	87.4170	87.1449
487.1818	0.989569	0.961501	0.044348	0.047418	41.0610	37.1477	87.4340	87.1767
486.6869	0.989790	0.961818	0.044098	0.046895	41.1050	37.1786	87.4490	87.2087
486.1918	0.990031	0.962134	0.043745	0.046368	41.1530	37.2094	87.4700	87.2409
485.6966	0.990262	0.962448	0.043565	0.045836	41.2010	37.2402	87.4810	87.2734
485.2013	0.990502	0.962761	0.043333	0.045301	41.2510	37.2710	87.4950	87.3061
484.7058	0.990724	0.963077	0.043031	0.044767	41.2970	37.3023	87.5130	87.3386
484.2103	0.990920	0.963394	0.042745	0.044233	41.3380	37.3339	87.5300	87.3712
483.7146	0.991117	0.963720	0.042476	0.043709	41.3800	37.3667	87.5460	87.4032
483.2189	0.991339	0.964052	0.042208	0.043191	41.4280	37.4003	87.5620	87.4348
482.7230	0.991558	0.964383	0.041923	0.042668	41.4760	37.4339	87.5790	87.4667
482.2270	0.991741	0.964711	0.041618	0.042139	41.5160	37.4674	87.5970	87.4989
481.7309	0.991918	0.965038	0.041331	0.041606	41.5550	37.5009	87.6140	87.5313
481.2346	0.992082	0.965362	0.040991	0.041067	41.5910	37.5344	87.6340	87.5641
480.7383	0.992263	0.965672	0.040599	0.040483	41.6310	37.5661	87.6570	87.5994
480.2419	0.992442	0.965969	0.040294	0.039858	41.6720	37.5964	87.6750	87.6372
479.7453	0.992616	0.966256	0.039972	0.039203	41.7120	37.6255	87.6940	87.6767
479.2486	0.992811	0.966533	0.039684	0.038518	41.7580	37.6537	87.7110	87.7179
478.7518	0.992951	0.966809	0.039412	0.037830	41.7910	37.6818	87.7270	87.7592
478.2549	0.993127	0.967083	0.039072	0.037137	41.8330	37.7098	87.7470	87.8009
477.7579	0.993287	0.967355	0.038714	0.036440	41.8710	37.7379	87.7680	87.8427
477.2608	0.993452	0.967626	0.038373	0.035739	41.9110	37.7659	87.7880	87.8847
476.7635	0.993616	0.967935	0.037980	0.035153	41.9510	37.7988	87.8110	87.9201
476.2662	0.993782	0.968284	0.037674	0.034692	41.9930	37.8372	87.8290	87.9481
475.7687	0.993975	0.968635	0.037368	0.034236	42.0430	37.8761	87.8470	87.9758
475.2711	0.994170	0.968989	0.036941	0.033787	42.0930	37.9155	87.8720	88.0030
474.7734	0.994354	0.969341	0.036427	0.033330	42.1400	37.9549	87.9020	88.0307
474.2756	0.994521	0.969690	0.035929	0.032866	42.1830	37.9942	87.9310	88.0588
473.7776	0.994681	0.970030	0.035535	0.032369	42.2260	38.0326	87.9540	88.0888
473.2796	0.994878	0.970361	0.035072	0.031833	42.2800	38.0698	87.9810	88.1210
472.7814	0.995067	0.970664	0.034627	0.031193	42.3330	38.1037	88.0070	88.1594
472.2831	0.995280	0.970935	0.034147	0.030421	42.3940	38.1333	88.0350	88.2054
471.7848	0.995455	0.971203	0.033718	0.029645	42.4450	38.1629	88.0600	88.2516
471.2863	0.995652	0.971470	0.033238	0.028865	42.5040	38.1924	88.0880	88.2981
470.7876	0.995852	0.971734	0.032653	0.028080	42.5640	38.2218	88.1220	88.3448
470.2889	0.996035	0.971997	0.032067	0.027290	42.6200	38.2512	88.1560	88.3918
469.7900	0.996235	0.972267	0.031430	0.026524	42.6830	38.2818	88.1930	88.4373
469.2911	0.996439	0.972547	0.030775	0.025794	42.7490	38.3140	88.2310	88.4808
468.7920	0.996670	0.972831	0.030207	0.025076	42.8280	38.3469	88.2640	88.5234
468.2928	0.996887	0.973121	0.029726	0.024380	42.9060	38.3809	88.2920	88.5649
467.7935	0.997095	0.973409	0.029018	0.023677	42.9810	38.4149	88.3330	88.6066
467.2941	0.997305	0.973695	0.028258	0.022968	43.0590	38.4487	88.3770	88.6487
466.7945	0.997534	0.973977	0.027445	0.022247	43.1480	38.4823	88.4240	88.6915
466.2949	0.997736	0.974254	0.026562	0.021509	43.2290	38.5154	88.4750	88.7353
465.7951	0.997929	0.974514	0.025626	0.020704	43.3090	38.5465	88.5290	88.7829
465.2952	0.998103	0.974752	0.024637	0.019807	43.3830	38.5746	88.5860	88.8359
464.7952	0.998289	0.974987	0.023561	0.018905	43.4660	38.6027	88.6480	88.8892
464.2951	0.998461	0.975220	0.022711	0.017999	43.5500	38.6307	88.6970	88.9427
463.7949	0.998638	0.975451	0.021843	0.017087	43.6420	38.6586	88.7470	88.9964
463.2946	0.998800	0.975680	0.020765	0.016172	43.7290	38.6865	88.8090	89.0504
462.7941	0.998963	0.975908	0.019704	0.015254	43.8240	38.7145	88.8700	89.1045
462.2935	0.999113	0.976135	0.018696	0.014338	43.9190	38.7426	88.9280	89.1585
461.7928	0.999254	0.976360	0.017547	0.013418	44.0140	38.7707	88.9940	89.2126
461.2921	0.999382	0.976585	0.016432	0.012497	44.1100	38.7990	89.0580	89.2668
460.7911	0.999485	0.976807	0.015614	0.011571	44.1970	38.8271	89.1050	89.3213
460.2901	0.999589	0.977026	0.014673	0.010641	44.2940	38.8552	89.1590	89.3760
459.7889	0.999684	0.977244	0.013680	0.009704	44.3960	38.8833	89.2160	89.4311
459.2877	0.999766	0.977461	0.012704	0.008760	44.4980	38.9114	89.2720	89.4865
458.7863	0.999838	0.977677	0.011623	0.007807	44.6070	38.9398	89.3340	89.5425
458.2848	0.999892	0.977895	0.010576	0.006844	44.7090	38.9686	89.3940	89.5990
457.7832	0.999932	0.978111	0.009547	0.005876	44.8100	38.9973	89.4530	89.6558
457.2815	0.999963	0.978323	0.008255	0.004902	44.9310	39.0260	89.5270	89.7129
456.7796	0.999974	0.978533	0.007034	0.003923	45.0430	39.0545	89.5970	89.7703
456.2777	0.999968	0.978741	0.005759	0.002939	45.1600	39.0829	89.6700	89.8280
455.7756	0.999942	0.978947	0.004450	0.001943	45.2800	39.1115	89.7450	89.8863
455.2734	0.999898	0.979153	0.003071	0.000934	45.4000	39.1403	89.8240	89.9454
454.7711	0.999836	0.979357	0.001797	-0.000082	45.5160	39.1690	89.8970	90.0048
454.2687	0.999747	0.979559	0.000471	-0.001106	45.6440	39.1977	89.9730	90.0647
453.7662	0.999658	0.979757	-0.000646	-0.002134	45.7490	39.2263	90.0370	90.1248
453.2635	0.999553	0.979953	-0.001779	-0.003168	45.8550	39.2548	90.1020	90.1852
452.7608	0.999436	0.980154	-0.002878	-0.004190	45.9590	39.2844	90.1650	90.2449
452.2579	0.999304	0.980362	-0.003994	-0.005198	46.0630	39.3152	90.2290	90.3038
451.7549	0.999159	0.980576	-0.005092	-0.006194	46.1660	39.3472	90.2920	90.3619
451.2518	0.999000	0.980795	-0.006190	-0.007178	46.2690	39.3803	90.3550	90.4193
450.7485	0.998829	0.981011	-0.007270	-0.008169	46.3710	39.4133	90.4170	90.4771
450.2452	0.998644	0.981223	-0.008349	-0.009166	46.4730	39.4461	90.4790	90.5352
449.7417	0.998444	0.981429	-0.009445	-0.010184	46.5750	39.4782	90.5420	90.5945
449.2382	0.998238	0.981627	-0.010506	-0.011221	46.6740	39.5097	90.6030	90.6549
448.7345	0.998014	0.981808	-0.011566	-0.012319	46.7750	39.5388	90.6640	90.7189
448.2307	0.997781	0.981971	-0.012626	-0.013473	46.8740	39.5659	90.7250	90.7861
447.7267	0.997536	0.982132	-0.013668	-0.014631	46.9730	39.5929	90.7850	90.8535
447.2227	0.997280	0.982289	-0.014709	-0.015795	47.0710	39.6197	90.8450	90.9212
446.7186	0.997011	0.982443	-0.015767	-0.016964	47.1690	39.6464	90.9060	90.9892
446.2143	0.996732	0.982594	-0.016789	-0.018138	47.2660	39.6729	90.9650	91.0575
445.7099	0.996441	0.982760	-0.017810	-0.019263	47.3630	39.7021	91.0240	91.1229
445.2054	0.996140	0.982936	-0.018831	-0.020356	47.4590	39.7331	91.0830	91.1864
444.7008	0.995831	0.983109	-0.019851	-0.021455	47.5540	39.7639	91.1420	91.2502
444.1960	0.995510	0.983278	-0.020853	-0.022561	47.6490	39.7946	91.2000	91.3144
443.6912	0.995180	0.983444	-0.021854	-0.023673	47.7430	39.8250	91.2580	91.3789
443.1862	0.994842	0.983606	-0.022854	-0.024792	47.8360	39.8553	91.3160	91.4438
442.6812	0.994496	0.983757	-0.023819	-0.025962	47.9280	39.8845	91.3720	91.5117
442.1759	0.994136	0.983902	-0.024800	-0.027164	48.0210	39.9131	91.4290	91.5814
441.6706	0.993768	0.984040	-0.025780	-0.028383	48.1130	39.9412	91.4860	91.6521
441.1652	0.993392	0.984174	-0.026742	-0.029613	48.2040	39.9691	91.5420	91.7235
440.6596	0.993010	0.984305	-0.027703	-0.030850	48.2940	39.9967	91.5980	91.7951
440.1540	0.992614	0.984431	-0.028662	-0.032091	48.3850	40.0242	91.6540	91.8671
