# ========================================================
# RESULTADOS DE AJUSTE ELIPSOMÉTRICO (AUTORANGE + TMM)
# ========================================================
# Archivo de origen: Al2O3_nanotubes.7-med1.txt
# Espesores óptimos (nm): [np.float64(60.94409771599184), np.float64(42.541825064889174)]
# Error mínimo (Chi2 Red / MSE): 3.353423e-04
# Parámetros de dispersión optimizados:
#   Capa 'Al2O3_nanotube': {'model': 'bruggeman_EMA', 'linked_to': 'Al2O3', 'f_air': 0.6208980851573053, 'f_optimized': True}
#   Capa 'Al2O3': {'model': 'cauchy', 'A': 1.5347344951971489, 'B': -12.182618646538499, 'C': 29.267933128721857}
# ========================================================
# Wavelength_nm	Is_exp	Is_fit	Ic_exp	Ic_fit	Psi_exp_deg	Psi_fit_deg	Delta_exp_deg	Delta_fit_deg
829.9594	0.694170	0.726366	-0.091599	-0.081946	22.2210	23.4840	97.5170	96.4367
829.5408	0.694767	0.726568	-0.091258	-0.081875	22.2430	23.4921	97.4830	96.4294
829.1221	0.694581	0.726770	-0.090186	-0.081803	22.2300	23.5002	97.3980	96.4220
828.7034	0.694832	0.726972	-0.090181	-0.081731	22.2400	23.5083	97.3950	96.4146
828.2845	0.694707	0.727174	-0.089401	-0.081659	22.2310	23.5164	97.3330	96.4073
827.8656	0.695697	0.727376	-0.089121	-0.081587	22.2690	23.5245	97.3000	96.3999
827.4465	0.695836	0.727579	-0.088423	-0.081515	22.2710	23.5327	97.2420	96.3925
827.0275	0.697225	0.727782	-0.087548	-0.081443	22.3220	23.5408	97.1570	96.3851
826.6082	0.697654	0.727979	-0.087516	-0.081393	22.3390	23.5488	97.1500	96.3796
826.1889	0.698185	0.728176	-0.086865	-0.081345	22.3570	23.5568	97.0920	96.3742
825.7695	0.698216	0.728371	-0.086621	-0.081306	22.3570	23.5648	97.0720	96.3694
825.3500	0.698279	0.728565	-0.086109	-0.081275	22.3570	23.5728	97.0300	96.3653
824.9305	0.697946	0.728758	-0.085969	-0.081243	22.3430	23.5807	97.0220	96.3611
824.5108	0.697158	0.728952	-0.085662	-0.081211	22.3100	23.5887	97.0050	96.3570
824.0911	0.696887	0.729146	-0.084814	-0.081179	22.2950	23.5967	96.9390	96.3528
823.6713	0.696948	0.729340	-0.084513	-0.081147	22.2960	23.6047	96.9140	96.3487
823.2513	0.697089	0.729534	-0.084382	-0.081115	22.3010	23.6126	96.9020	96.3445
822.8313	0.696827	0.729729	-0.084276	-0.081082	22.2900	23.6206	96.8960	96.3403
822.4112	0.697240	0.729923	-0.084585	-0.081050	22.3080	23.6287	96.9170	96.3361
821.9910	0.698750	0.730118	-0.085325	-0.081017	22.3720	23.6367	96.9620	96.3319
821.5707	0.697784	0.730313	-0.085047	-0.080984	22.3320	23.6447	96.9490	96.3277
821.1503	0.697609	0.730508	-0.085050	-0.080951	22.3250	23.6527	96.9510	96.3234
820.7299	0.698096	0.730703	-0.084949	-0.080918	22.3440	23.6608	96.9380	96.3192
820.3093	0.698619	0.730899	-0.085173	-0.080885	22.3660	23.6689	96.9510	96.3150
819.8886	0.699764	0.731094	-0.084991	-0.080852	22.4110	23.6769	96.9250	96.3107
819.4679	0.700272	0.731290	-0.084916	-0.080819	22.4310	23.6850	96.9140	96.3065
819.0471	0.700863	0.731486	-0.085174	-0.080785	22.4560	23.6931	96.9290	96.3022
818.6262	0.701332	0.731682	-0.085007	-0.080752	22.4740	23.7012	96.9110	96.2979
818.2051	0.701571	0.731879	-0.084676	-0.080718	22.4820	23.7093	96.8820	96.2936
817.7841	0.701948	0.732075	-0.084435	-0.080684	22.4960	23.7174	96.8590	96.2893
817.3629	0.701727	0.732272	-0.084620	-0.080650	22.4880	23.7255	96.8760	96.2850
816.9416	0.702397	0.732469	-0.085037	-0.080616	22.5170	23.7337	96.9030	96.2807
816.5202	0.702548	0.732666	-0.084819	-0.080582	22.5220	23.7418	96.8840	96.2764
816.0988	0.702826	0.732863	-0.084989	-0.080547	22.5340	23.7499	96.8950	96.2721
815.6772	0.703482	0.733069	-0.084483	-0.080499	22.5580	23.7584	96.8480	96.2666
815.2556	0.703404	0.733277	-0.084511	-0.080446	22.5550	23.7669	96.8510	96.2607
814.8338	0.703939	0.733487	-0.084600	-0.080390	22.5770	23.7755	96.8530	96.2546
814.4120	0.704448	0.733699	-0.084287	-0.080328	22.5960	23.7842	96.8230	96.2481
813.9901	0.704489	0.733912	-0.084766	-0.080267	22.6000	23.7929	96.8610	96.2416
813.5681	0.705001	0.734126	-0.085040	-0.080206	22.6220	23.8016	96.8780	96.2350
813.1460	0.705132	0.734339	-0.084569	-0.080144	22.6250	23.8104	96.8390	96.2285
812.7238	0.705017	0.734552	-0.084705	-0.080083	22.6210	23.8191	96.8510	96.2220
812.3015	0.706159	0.734766	-0.084254	-0.080021	22.6650	23.8279	96.8040	96.2154
811.8792	0.705116	0.734980	-0.084704	-0.079959	22.6250	23.8366	96.8500	96.2088
811.4567	0.705456	0.735194	-0.084757	-0.079897	22.6390	23.8454	96.8510	96.2023
811.0341	0.705930	0.735408	-0.084727	-0.079835	22.6580	23.8541	96.8440	96.1957
810.6115	0.705906	0.735622	-0.085537	-0.079773	22.6610	23.8629	96.9090	96.1891
810.1888	0.706106	0.735836	-0.085111	-0.079710	22.6670	23.8717	96.8730	96.1825
809.7659	0.706775	0.736051	-0.084678	-0.079648	22.6920	23.8805	96.8320	96.1759
809.3430	0.707281	0.736266	-0.084376	-0.079585	22.7110	23.8893	96.8030	96.1693
808.9200	0.707921	0.736481	-0.083550	-0.079522	22.7330	23.8982	96.7310	96.1627
808.4969	0.708593	0.736696	-0.082864	-0.079460	22.7570	23.9070	96.6700	96.1561
808.0737	0.708976	0.736911	-0.082533	-0.079397	22.7710	23.9158	96.6400	96.1495
807.6505	0.709229	0.737126	-0.082688	-0.079333	22.7820	23.9247	96.6500	96.1428
807.2271	0.709351	0.737342	-0.082489	-0.079270	22.7860	23.9335	96.6330	96.1362
806.8036	0.710256	0.737558	-0.081890	-0.079207	22.8200	23.9424	96.5770	96.1295
806.3801	0.710990	0.737773	-0.081698	-0.079143	22.8490	23.9513	96.5550	96.1229
805.9564	0.711779	0.737990	-0.081235	-0.079080	22.8790	23.9602	96.5110	96.1162
805.5327	0.712356	0.738207	-0.080898	-0.079017	22.9010	23.9692	96.4790	96.1096
805.1089	0.713203	0.738425	-0.080339	-0.078954	22.9330	23.9781	96.4270	96.1030
804.6850	0.713766	0.738651	-0.080327	-0.078896	22.9560	23.9875	96.4210	96.0967
804.2610	0.714023	0.738879	-0.080002	-0.078840	22.9650	23.9970	96.3930	96.0905
803.8369	0.714663	0.739108	-0.079733	-0.078784	22.9900	24.0064	96.3660	96.0843
803.4127	0.715563	0.739338	-0.079542	-0.078727	23.0260	24.0160	96.3430	96.0782
802.9884	0.716008	0.739567	-0.079478	-0.078671	23.0440	24.0255	96.3340	96.0720
802.5640	0.716472	0.739796	-0.079466	-0.078614	23.0630	24.0350	96.3290	96.0658
802.1396	0.716579	0.740026	-0.079377	-0.078558	23.0670	24.0445	96.3210	96.0596
801.7150	0.716798	0.740256	-0.079604	-0.078501	23.0770	24.0541	96.3370	96.0533
801.2903	0.717536	0.740486	-0.079305	-0.078444	23.1060	24.0636	96.3070	96.0471
800.8657	0.717706	0.740716	-0.079527	-0.078387	23.1140	24.0732	96.3230	96.0409
800.4408	0.717561	0.740946	-0.079296	-0.078329	23.1070	24.0828	96.3060	96.0346
800.0159	0.717910	0.741176	-0.079436	-0.078272	23.1220	24.0923	96.3140	96.0284
799.5909	0.718360	0.741407	-0.078876	-0.078214	23.1380	24.1019	96.2660	96.0221
799.1658	0.718731	0.741638	-0.078815	-0.078156	23.1530	24.1115	96.2580	96.0158
798.7406	0.719316	0.741869	-0.078346	-0.078099	23.1750	24.1212	96.2160	96.0096
798.3153	0.720080	0.742100	-0.078442	-0.078041	23.2070	24.1308	96.2170	96.0033
797.8899	0.720994	0.742331	-0.078045	-0.077982	23.2430	24.1404	96.1780	95.9970
797.4644	0.721252	0.742562	-0.078124	-0.077924	23.2540	24.1501	96.1820	95.9907
797.0389	0.721944	0.742794	-0.077753	-0.077865	23.2810	24.1597	96.1470	95.9843
796.6132	0.722362	0.743025	-0.077453	-0.077807	23.2970	24.1694	96.1200	95.9780
796.1875	0.722560	0.743257	-0.077181	-0.077748	23.3040	24.1791	96.0970	95.9717
795.7617	0.723146	0.743489	-0.076886	-0.077689	23.3270	24.1887	96.0690	95.9653
795.3357	0.723837	0.743721	-0.076500	-0.077630	23.3540	24.1984	96.0330	95.9590
794.9097	0.724525	0.743952	-0.076138	-0.077571	23.3810	24.2081	95.9990	95.9526
794.4836	0.725019	0.744179	-0.075550	-0.077512	23.3990	24.2175	95.9490	95.9463
794.0574	0.725332	0.744406	-0.075775	-0.077452	23.4130	24.2270	95.9640	95.9400
793.6310	0.725780	0.744631	-0.075617	-0.077393	23.4310	24.2365	95.9480	95.9337
793.2047	0.726335	0.744857	-0.075124	-0.077334	23.4520	24.2459	95.9050	95.9274
792.7782	0.726611	0.745083	-0.075011	-0.077274	23.4630	24.2553	95.8940	95.9211
792.3516	0.726947	0.745309	-0.075007	-0.077214	23.4770	24.2648	95.8910	95.9148
791.9249	0.726953	0.745535	-0.074944	-0.077154	23.4770	24.2742	95.8860	95.9084
791.4982	0.727824	0.745761	-0.074623	-0.077094	23.5120	24.2837	95.8540	95.9021
791.0714	0.728171	0.745987	-0.074504	-0.077034	23.5260	24.2932	95.8420	95.8957
790.6444	0.728583	0.746214	-0.074444	-0.076974	23.5430	24.3027	95.8340	95.8894
790.2173	0.729005	0.746441	-0.074294	-0.076913	23.5600	24.3122	95.8190	95.8830
789.7902	0.729562	0.746668	-0.073978	-0.076852	23.5820	24.3217	95.7900	95.8766
789.3630	0.730012	0.746895	-0.073766	-0.076792	23.6000	24.3313	95.7700	95.8702
788.9357	0.730554	0.747122	-0.073833	-0.076731	23.6230	24.3408	95.7710	95.8638
788.5083	0.730785	0.747350	-0.073663	-0.076669	23.6320	24.3504	95.7560	95.8574
788.0807	0.730885	0.747578	-0.073854	-0.076608	23.6370	24.3599	95.7700	95.8510
787.6532	0.731324	0.747805	-0.073744	-0.076547	23.6550	24.3695	95.7580	95.8445
787.2255	0.731364	0.748034	-0.073825	-0.076485	23.6570	24.3791	95.7640	95.8381
786.7977	0.731569	0.748262	-0.073201	-0.076423	23.6630	24.3887	95.7140	95.8316
786.3699	0.731913	0.748490	-0.073093	-0.076361	23.6770	24.3983	95.7030	95.8252
785.9419	0.732242	0.748719	-0.073126	-0.076299	23.6910	24.4079	95.7030	95.8187
785.5139	0.732538	0.748948	-0.073014	-0.076237	23.7030	24.4175	95.6920	95.8122
785.0857	0.732795	0.749177	-0.072820	-0.076174	23.7130	24.4272	95.6750	95.8057
784.6575	0.733359	0.749411	-0.072398	-0.076113	23.7350	24.4370	95.6380	95.7993
784.2291	0.733477	0.749647	-0.072396	-0.076052	23.7400	24.4470	95.6370	95.7928
783.8007	0.733689	0.749884	-0.072172	-0.075991	23.7480	24.4570	95.6180	95.7864
783.3722	0.734034	0.750122	-0.072037	-0.075929	23.7620	24.4671	95.6050	95.7800
782.9435	0.734727	0.750361	-0.071730	-0.075868	23.7900	24.4772	95.5760	95.7735
782.5148	0.735123	0.750601	-0.071794	-0.075807	23.8070	24.4873	95.5780	95.7670
782.0861	0.735115	0.750840	-0.072117	-0.075745	23.8080	24.4974	95.6030	95.7606
781.6572	0.735058	0.751079	-0.072216	-0.075684	23.8060	24.5076	95.6110	95.7541
781.2282	0.735322	0.751319	-0.072177	-0.075622	23.8170	24.5177	95.6060	95.7476
780.7991	0.735643	0.751559	-0.072273	-0.075560	23.8310	24.5279	95.6110	95.7411
780.3699	0.735998	0.751799	-0.072269	-0.075498	23.8460	24.5380	95.6080	95.7346
779.9407	0.736252	0.752039	-0.072320	-0.075435	23.8570	24.5482	95.6100	95.7280
779.5113	0.736381	0.752279	-0.072449	-0.075373	23.8630	24.5584	95.6190	95.7215
779.0818	0.737109	0.752520	-0.072235	-0.075310	23.8930	24.5686	95.5970	95.7150
778.6523	0.737824	0.752760	-0.071915	-0.075247	23.9220	24.5788	95.5670	95.7084
778.2227	0.738456	0.753001	-0.071704	-0.075184	23.9480	24.5891	95.5460	95.7018
777.7930	0.738782	0.753242	-0.071735	-0.075121	23.9620	24.5993	95.5460	95.6953
777.3632	0.739314	0.753484	-0.071826	-0.075057	23.9850	24.6095	95.5490	95.6887
776.9332	0.739867	0.753725	-0.071684	-0.074994	24.0080	24.6198	95.5340	95.6821
776.5032	0.740349	0.753967	-0.071548	-0.074930	24.0280	24.6301	95.5200	95.6755
776.0731	0.740659	0.754208	-0.071500	-0.074866	24.0410	24.6404	95.5140	95.6688
775.6429	0.741105	0.754450	-0.070995	-0.074802	24.0580	24.6507	95.4720	95.6622
775.2126	0.741507	0.754692	-0.070955	-0.074737	24.0750	24.6610	95.4660	95.6556
774.7822	0.742033	0.754930	-0.070835	-0.074670	24.0970	24.6711	95.4530	95.6487
774.3517	0.742208	0.755162	-0.071205	-0.074600	24.1060	24.6809	95.4800	95.6417
773.9212	0.742641	0.755395	-0.071076	-0.074529	24.1240	24.6908	95.4670	95.6347
773.4905	0.742979	0.755626	-0.071200	-0.074458	24.1390	24.7007	95.4740	95.6277
773.0598	0.743511	0.755858	-0.071251	-0.074387	24.1620	24.7105	95.4740	95.6206
772.6289	0.744130	0.756091	-0.071114	-0.074315	24.1880	24.7204	95.4590	95.6135
772.1980	0.744788	0.756323	-0.070797	-0.074244	24.2150	24.7303	95.4300	95.6064
771.7669	0.744997	0.756556	-0.070803	-0.074172	24.2240	24.7402	95.4290	95.5993
771.3358	0.745137	0.756788	-0.070804	-0.074100	24.2300	24.7501	95.4280	95.5922
770.9046	0.745542	0.757021	-0.070698	-0.074028	24.2470	24.7600	95.4170	95.5851
770.4733	0.745957	0.757255	-0.070724	-0.073955	24.2650	24.7699	95.4160	95.5780
770.0419	0.746339	0.757488	-0.070865	-0.073883	24.2820	24.7799	95.4240	95.5708
769.6104	0.746865	0.757722	-0.070941	-0.073810	24.3050	24.7898	95.4260	95.5637
769.1787	0.747203	0.757955	-0.071039	-0.073737	24.3200	24.7998	95.4310	95.5565
768.7471	0.747329	0.758189	-0.071183	-0.073664	24.3260	24.8098	95.4410	95.5493
768.3152	0.747960	0.758424	-0.071362	-0.073591	24.3540	24.8198	95.4500	95.5421
767.8834	0.748537	0.758658	-0.071127	-0.073517	24.3780	24.8298	95.4280	95.5349
767.4514	0.749108	0.758893	-0.070706	-0.073444	24.4010	24.8398	95.3920	95.5277
767.0193	0.749531	0.759128	-0.070627	-0.073370	24.4190	24.8499	95.3830	95.5205
766.5872	0.750089	0.759363	-0.070336	-0.073296	24.4420	24.8599	95.3570	95.5133
766.1549	0.750529	0.759598	-0.070074	-0.073222	24.4600	24.8700	95.3340	95.5060
765.7225	0.750892	0.759835	-0.070372	-0.073146	24.4770	24.8801	95.3540	95.4987
765.2901	0.751368	0.760072	-0.070456	-0.073070	24.4980	24.8902	95.3570	95.4913
764.8575	0.751807	0.760311	-0.070670	-0.072993	24.5180	24.9005	95.3700	95.4838
764.4249	0.752202	0.760552	-0.070627	-0.072913	24.5350	24.9108	95.3640	95.4761
763.9922	0.752697	0.760794	-0.070740	-0.072833	24.5570	24.9212	95.3690	95.4684
763.5593	0.753419	0.761036	-0.070622	-0.072753	24.5880	24.9315	95.3550	95.4607
763.1264	0.753853	0.761279	-0.070875	-0.072673	24.6080	24.9419	95.3710	95.4530
762.6934	0.754245	0.761521	-0.070607	-0.072592	24.6240	24.9523	95.3480	95.4453
762.2603	0.754567	0.761764	-0.070584	-0.072512	24.6380	24.9627	95.3440	95.4375
761.8271	0.754962	0.762007	-0.070514	-0.072431	24.6550	24.9731	95.3360	95.4298
761.3938	0.755381	0.762250	-0.070434	-0.072350	24.6730	24.9836	95.3270	95.4220
760.9604	0.755933	0.762493	-0.070139	-0.072268	24.6960	24.9940	95.3010	95.4143
760.5269	0.756447	0.762737	-0.070253	-0.072187	24.7190	25.0045	95.3060	95.4065
760.0933	0.757042	0.762980	-0.070229	-0.072105	24.7450	25.0150	95.3000	95.3987
759.6597	0.757631	0.763224	-0.070017	-0.072023	24.7700	25.0254	95.2800	95.3909
759.2259	0.758046	0.763469	-0.070202	-0.071941	24.7890	25.0360	95.2910	95.3830
758.7921	0.758464	0.763713	-0.070347	-0.071859	24.8080	25.0465	95.2990	95.3752
758.3581	0.759082	0.763958	-0.070044	-0.071776	24.8340	25.0570	95.2720	95.3674
757.9240	0.759387	0.764202	-0.069938	-0.071693	24.8470	25.0675	95.2620	95.3595
757.4899	0.759821	0.764447	-0.069898	-0.071611	24.8660	25.0781	95.2560	95.3516
757.0556	0.760269	0.764693	-0.069953	-0.071527	24.8860	25.0887	95.2570	95.3438
756.6213	0.760857	0.764938	-0.069953	-0.071444	24.9120	25.0993	95.2530	95.3359
756.1868	0.761491	0.765184	-0.069703	-0.071361	24.9390	25.1099	95.2300	95.3280
755.7523	0.761695	0.765429	-0.069936	-0.071285	24.9490	25.1205	95.2460	95.3206
755.3177	0.762159	0.765675	-0.070046	-0.071215	24.9700	25.1312	95.2510	95.3138
754.8830	0.762527	0.765921	-0.070214	-0.071145	24.9870	25.1419	95.2610	95.3069
754.4482	0.762742	0.766167	-0.070328	-0.071075	24.9970	25.1526	95.2680	95.3000
754.0132	0.763082	0.766414	-0.070547	-0.071004	25.0130	25.1633	95.2820	95.2931
753.5782	0.763446	0.766660	-0.070500	-0.070934	25.0290	25.1740	95.2760	95.2861
753.1431	0.763806	0.766907	-0.070507	-0.070863	25.0450	25.1848	95.2740	95.2792
752.7079	0.764129	0.767154	-0.070657	-0.070792	25.0600	25.1955	95.2830	95.2722
752.2726	0.764596	0.767402	-0.070714	-0.070721	25.0810	25.2063	95.2840	95.2653
751.8373	0.764906	0.767649	-0.070756	-0.070649	25.0950	25.2171	95.2850	95.2583
751.4018	0.765546	0.767897	-0.070384	-0.070577	25.1220	25.2279	95.2530	95.2513
750.9662	0.765968	0.768145	-0.070423	-0.070505	25.1410	25.2387	95.2530	95.2443
750.5306	0.766311	0.768393	-0.070589	-0.070433	25.1570	25.2496	95.2630	95.2372
750.0948	0.766706	0.768642	-0.070437	-0.070360	25.1740	25.2604	95.2490	95.2302
749.6589	0.767173	0.768891	-0.070466	-0.070288	25.1950	25.2713	95.2480	95.2232
749.2230	0.767480	0.769140	-0.070522	-0.070215	25.2090	25.2821	95.2500	95.2161
748.7869	0.767737	0.769389	-0.070640	-0.070142	25.2210	25.2930	95.2570	95.2090
748.3508	0.768257	0.769638	-0.070566	-0.070068	25.2440	25.3039	95.2480	95.2019
747.9146	0.768567	0.769888	-0.070838	-0.069995	25.2590	25.3149	95.2660	95.1948
747.4782	0.768850	0.770138	-0.071148	-0.069921	25.2730	25.3258	95.2870	95.1877
747.0417	0.769157	0.770388	-0.071204	-0.069847	25.2870	25.3368	95.2890	95.1805
746.6052	0.769498	0.770646	-0.071127	-0.069774	25.3020	25.3481	95.2810	95.1734
746.1686	0.770008	0.770905	-0.070903	-0.069701	25.3240	25.3595	95.2610	95.1663
745.7319	0.770633	0.771164	-0.070621	-0.069627	25.3510	25.3709	95.2360	95.1592
745.2950	0.771099	0.771425	-0.070623	-0.069554	25.3720	25.3823	95.2330	95.1520
744.8582	0.771602	0.771685	-0.070452	-0.069480	25.3940	25.3937	95.2170	95.1449
744.4211	0.771854	0.771946	-0.070611	-0.069407	25.4060	25.4052	95.2270	95.1377
743.9841	0.772150	0.772207	-0.070760	-0.069332	25.4200	25.4167	95.2360	95.1305
743.5468	0.772631	0.772468	-0.070587	-0.069258	25.4410	25.4282	95.2200	95.1233
743.1096	0.772998	0.772729	-0.070675	-0.069183	25.4580	25.4397	95.2240	95.1161
742.6722	0.773283	0.772991	-0.070946	-0.069108	25.4720	25.4513	95.2420	95.1089
742.2347	0.773538	0.773253	-0.071051	-0.069033	25.4840	25.4628	95.2480	95.1016
741.7971	0.773859	0.773515	-0.070917	-0.068958	25.4980	25.4744	95.2360	95.0944
741.3594	0.774149	0.773777	-0.070889	-0.068882	25.5110	25.4859	95.2320	95.0871
740.9216	0.774350	0.774040	-0.071098	-0.068806	25.5210	25.4975	95.2460	95.0798
740.4838	0.774651	0.774302	-0.071180	-0.068730	25.5350	25.5091	95.2500	95.0725
740.0458	0.774871	0.774565	-0.071419	-0.068654	25.5460	25.5208	95.2660	95.0652
739.6077	0.775020	0.774829	-0.071719	-0.068577	25.5540	25.5324	95.2870	95.0578
739.1696	0.775417	0.775092	-0.071701	-0.068500	25.5720	25.5441	95.2830	95.0505
738.7313	0.775691	0.775356	-0.071836	-0.068423	25.5850	25.5558	95.2910	95.0431
738.2930	0.776072	0.775620	-0.071748	-0.068345	25.6020	25.5674	95.2820	95.0357
737.8545	0.776328	0.775880	-0.071826	-0.068266	25.6140	25.5790	95.2860	95.0282
737.4160	0.776720	0.776133	-0.071863	-0.068181	25.6320	25.5901	95.2860	95.0204
736.9773	0.776972	0.776386	-0.071982	-0.068097	25.6440	25.6013	95.2930	95.0126
736.5386	0.777234	0.776640	-0.071992	-0.068012	25.6560	25.6125	95.2920	95.0048
736.0997	0.777523	0.776893	-0.072183	-0.067927	25.6700	25.6238	95.3040	94.9969
735.6608	0.777817	0.777147	-0.072320	-0.067842	25.6840	25.6350	95.3120	94.9891
735.2218	0.778091	0.777401	-0.072428	-0.067757	25.6970	25.6463	95.3180	94.9812
734.7827	0.778186	0.777656	-0.072820	-0.067671	25.7030	25.6575	95.3460	94.9733
734.3434	0.778430	0.777911	-0.072788	-0.067585	25.7140	25.6688	95.3420	94.9654
733.9041	0.778813	0.778166	-0.072660	-0.067499	25.7310	25.6801	95.3300	94.9575
733.4647	0.778980	0.778421	-0.072744	-0.067412	25.7390	25.6915	95.3350	94.9496
733.0252	0.779179	0.778676	-0.072954	-0.067326	25.7490	25.7028	95.3490	94.9416
732.5856	0.779681	0.778932	-0.072713	-0.067239	25.7710	25.7142	95.3280	94.9336
732.1459	0.779915	0.779188	-0.072776	-0.067151	25.7820	25.7255	95.3310	94.9257
731.7061	0.780045	0.779444	-0.072788	-0.067064	25.7880	25.7369	95.3310	94.9177
731.2662	0.780260	0.779701	-0.073042	-0.066976	25.7990	25.7484	95.3480	94.9096
730.8262	0.780384	0.779958	-0.073122	-0.066888	25.8050	25.7598	95.3530	94.9016
730.3861	0.780458	0.780215	-0.073486	-0.066800	25.8100	25.7712	95.3790	94.8936
729.9459	0.780740	0.780473	-0.073499	-0.066711	25.8230	25.7827	95.3780	94.8855
729.5057	0.781001	0.780735	-0.073496	-0.066625	25.8350	25.7944	95.3760	94.8776
729.0653	0.781416	0.780996	-0.073246	-0.066538	25.8530	25.8061	95.3550	94.8697
728.6248	0.781517	0.781266	-0.073325	-0.066457	25.8580	25.8182	95.3600	94.8620
728.1843	0.781635	0.781538	-0.073460	-0.066376	25.8640	25.8304	95.3690	94.8544
727.7436	0.781845	0.781810	-0.073534	-0.066294	25.8740	25.8426	95.3730	94.8468
727.3028	0.781931	0.782082	-0.073777	-0.066212	25.8790	25.8548	95.3900	94.8392
726.8619	0.782293	0.782355	-0.073618	-0.066130	25.8950	25.8670	95.3760	94.8316
726.4210	0.782438	0.782627	-0.073687	-0.066048	25.9020	25.8793	95.3800	94.8239
725.9799	0.782764	0.782900	-0.073676	-0.065966	25.9170	25.8915	95.3770	94.8162
725.5388	0.783192	0.783173	-0.073496	-0.065883	25.9360	25.9038	95.3610	94.8086
725.0975	0.783611	0.783447	-0.073190	-0.065799	25.9540	25.9161	95.3360	94.8008
724.6561	0.783932	0.783721	-0.073220	-0.065716	25.9690	25.9285	95.3360	94.7931
724.2147	0.784080	0.783995	-0.073261	-0.065632	25.9760	25.9408	95.3380	94.7854
723.7732	0.784253	0.784269	-0.073250	-0.065548	25.9840	25.9532	95.3360	94.7776
723.3315	0.784456	0.784543	-0.073393	-0.065464	25.9940	25.9656	95.3450	94.7698
722.8898	0.784762	0.784818	-0.073118	-0.065379	26.0070	25.9780	95.3230	94.7620
722.4479	0.785024	0.785093	-0.073087	-0.065294	26.0190	25.9904	95.3190	94.7542
722.0060	0.785265	0.785369	-0.073040	-0.065209	26.0300	26.0028	95.3140	94.7463
721.5640	0.785789	0.785644	-0.072743	-0.065123	26.0530	26.0153	95.2890	94.7385
721.1218	0.786133	0.785920	-0.072747	-0.065037	26.0690	26.0277	95.2870	94.7306
720.6796	0.786367	0.786190	-0.072769	-0.064947	26.0800	26.0399	95.2870	94.7225
720.2373	0.786653	0.786457	-0.072699	-0.064856	26.0930	26.0520	95.2800	94.7143
719.7949	0.786771	0.786723	-0.072820	-0.064765	26.0990	26.0640	95.2880	94.7061
719.3524	0.787102	0.786989	-0.072726	-0.064672	26.1140	26.0760	95.2790	94.6978
718.9097	0.787365	0.787255	-0.072667	-0.064579	26.1260	26.0880	95.2730	94.6895
718.4670	0.787633	0.787521	-0.072553	-0.064485	26.1380	26.1001	95.2630	94.6812
718.0242	0.788194	0.787788	-0.072272	-0.064392	26.1630	26.1121	95.2390	94.6728
717.5813	0.788576	0.788054	-0.072085	-0.064298	26.1800	26.1242	95.2230	94.6644
717.1383	0.788996	0.788321	-0.071929	-0.064203	26.1990	26.1363	95.2090	94.6561
716.6952	0.789374	0.788589	-0.071769	-0.064109	26.2160	26.1484	95.1950	94.6477
716.2520	0.789752	0.788857	-0.071609	-0.064014	26.2330	26.1606	95.1810	94.6392
715.8087	0.790169	0.789125	-0.071244	-0.063918	26.2510	26.1728	95.1520	94.6308
715.3653	0.790569	0.789393	-0.071071	-0.063823	26.2690	26.1849	95.1370	94.6223
714.9218	0.790817	0.789661	-0.071149	-0.063727	26.2810	26.1971	95.1410	94.6138
714.4782	0.791194	0.789930	-0.070988	-0.063630	26.2980	26.2094	95.1270	94.6053
714.0345	0.791740	0.790200	-0.070591	-0.063534	26.3220	26.2216	95.0950	94.5968
713.5907	0.792115	0.790469	-0.070444	-0.063437	26.3390	26.2339	95.0820	94.5883
713.1469	0.792481	0.790739	-0.070142	-0.063340	26.3550	26.2462	95.0580	94.5797
712.7028	0.792866	0.791016	-0.069869	-0.063248	26.3720	26.2588	95.0360	94.5716
712.2588	0.793357	0.791297	-0.069591	-0.063160	26.3940	26.2717	95.0130	94.5636
711.8146	0.793779	0.791581	-0.069363	-0.063074	26.4130	26.2847	94.9940	94.5557
711.3703	0.794248	0.791869	-0.069083	-0.062991	26.4340	26.2979	94.9710	94.5481
710.9259	0.794815	0.792157	-0.068643	-0.062907	26.4590	26.3112	94.9360	94.5405
710.4814	0.795211	0.792446	-0.068453	-0.062824	26.4770	26.3244	94.9200	94.5328
710.0369	0.795687	0.792735	-0.068312	-0.062740	26.4990	26.3377	94.9070	94.5251
709.5922	0.796130	0.793024	-0.068070	-0.062655	26.5190	26.3510	94.8870	94.5174
709.1474	0.796599	0.793314	-0.067999	-0.062570	26.5410	26.3644	94.8790	94.5097
708.7026	0.796923	0.793603	-0.067900	-0.062485	26.5560	26.3777	94.8700	94.5020
708.2576	0.797379	0.793894	-0.067729	-0.062400	26.5770	26.3911	94.8550	94.4942
707.8125	0.797786	0.794184	-0.067637	-0.062314	26.5960	26.4045	94.8460	94.4864
707.3674	0.798337	0.794475	-0.067319	-0.062228	26.6210	26.4179	94.8200	94.4786
706.9221	0.798812	0.794766	-0.067148	-0.062141	26.6430	26.4314	94.8050	94.4707
706.4767	0.799270	0.795057	-0.066934	-0.062054	26.6640	26.4448	94.7870	94.4629
706.0313	0.799720	0.795349	-0.066550	-0.061966	26.6840	26.4583	94.7570	94.4550
705.5857	0.800194	0.795641	-0.066378	-0.061879	26.7060	26.4718	94.7420	94.4471
705.1401	0.800621	0.795933	-0.066259	-0.061791	26.7260	26.4853	94.7310	94.4391
704.6943	0.801087	0.796224	-0.066171	-0.061700	26.7480	26.4988	94.7220	94.4310
704.2484	0.801543	0.796515	-0.065941	-0.061607	26.7690	26.5123	94.7030	94.4228
703.8025	0.801952	0.796806	-0.065777	-0.061513	26.7880	26.5258	94.6890	94.4145
703.3564	0.802464	0.797096	-0.065368	-0.061417	26.8110	26.5392	94.6570	94.4060
702.9103	0.802996	0.797386	-0.065200	-0.061321	26.8360	26.5527	94.6420	94.3975
702.4641	0.803540	0.797677	-0.064891	-0.061224	26.8610	26.5661	94.6170	94.3890
702.0177	0.804053	0.797968	-0.064693	-0.061126	26.8850	26.5796	94.6000	94.3804
701.5712	0.804524	0.798259	-0.064490	-0.061028	26.9070	26.5932	94.5830	94.3719
701.1247	0.805029	0.798550	-0.064375	-0.060930	26.9310	26.6067	94.5720	94.3633
700.6780	0.805535	0.798842	-0.064246	-0.060832	26.9550	26.6203	94.5600	94.3546
700.2313	0.806001	0.799134	-0.064085	-0.060733	26.9770	26.6339	94.5460	94.3460
699.7844	0.806447	0.799427	-0.063922	-0.060633	26.9980	26.6475	94.5320	94.3373
699.3375	0.806931	0.799720	-0.063776	-0.060533	27.0210	26.6611	94.5190	94.3287
698.8904	0.807444	0.800013	-0.063533	-0.060433	27.0450	26.6748	94.4990	94.3199
698.4433	0.807992	0.800306	-0.063349	-0.060333	27.0710	26.6885	94.4830	94.3112
697.9961	0.808554	0.800600	-0.062967	-0.060232	27.0970	26.7022	94.4530	94.3024
697.5488	0.809066	0.800894	-0.062709	-0.060130	27.1210	26.7159	94.4320	94.2937
697.1013	0.809492	0.801189	-0.062486	-0.060029	27.1410	26.7297	94.4140	94.2848
696.6537	0.809932	0.801482	-0.062349	-0.059930	27.1620	26.7434	94.4020	94.2763
696.2061	0.810501	0.801775	-0.062109	-0.059832	27.1890	26.7571	94.3820	94.2678
695.7584	0.810978	0.802068	-0.062003	-0.059737	27.2120	26.7709	94.3720	94.2594
695.3105	0.811528	0.802361	-0.061731	-0.059643	27.2380	26.7846	94.3500	94.2512
694.8626	0.812031	0.802653	-0.061527	-0.059549	27.2620	26.7983	94.3330	94.2430
694.4146	0.812491	0.802946	-0.061348	-0.059454	27.2840	26.8121	94.3180	94.2348
693.9664	0.813029	0.803240	-0.061218	-0.059359	27.3100	26.8259	94.3060	94.2265
693.5182	0.813658	0.803534	-0.060922	-0.059264	27.3400	26.8397	94.2820	94.2182
693.0699	0.814212	0.803828	-0.060821	-0.059168	27.3670	26.8536	94.2720	94.2098
692.6215	0.814704	0.804122	-0.060729	-0.059072	27.3910	26.8675	94.2630	94.2015
692.1729	0.815174	0.804417	-0.060635	-0.058975	27.4140	26.8814	94.2540	94.1931
691.7243	0.815672	0.804712	-0.060443	-0.058878	27.4380	26.8953	94.2380	94.1847
691.2756	0.816271	0.805008	-0.060244	-0.058780	27.4670	26.9092	94.2210	94.1762
690.8267	0.816745	0.805303	-0.060078	-0.058682	27.4900	26.9232	94.2070	94.1678
690.3778	0.817325	0.805600	-0.059834	-0.058584	27.5180	26.9372	94.1870	94.1593
689.9288	0.817838	0.805896	-0.059671	-0.058485	27.5430	26.9512	94.1730	94.1507
689.4797	0.818378	0.806193	-0.059409	-0.058385	27.5690	26.9653	94.1520	94.1422
689.0304	0.818890	0.806490	-0.059230	-0.058286	27.5940	26.9794	94.1370	94.1336
688.5811	0.819362	0.806788	-0.059063	-0.058186	27.6170	26.9935	94.1230	94.1251
688.1317	0.819812	0.807087	-0.058909	-0.058086	27.6390	27.0077	94.1100	94.1165
687.6821	0.820258	0.807385	-0.058797	-0.057986	27.6610	27.0218	94.1000	94.1079
687.2325	0.820817	0.807685	-0.058491	-0.057885	27.6880	27.0361	94.0760	94.0992
686.7828	0.821303	0.807984	-0.058367	-0.057784	27.7120	27.0503	94.0650	94.0906
686.3329	0.821810	0.808284	-0.058216	-0.057682	27.7370	27.0646	94.0520	94.0819
685.8830	0.822313	0.808584	-0.058107	-0.057580	27.7620	27.0789	94.0420	94.0732
685.4330	0.822874	0.808885	-0.058017	-0.057477	27.7900	27.0932	94.0330	94.0644
684.9828	0.823396	0.809186	-0.057895	-0.057374	27.8160	27.1075	94.0220	94.0557
684.5327	0.823818	0.809487	-0.057795	-0.057270	27.8370	27.1219	94.0130	94.0469
684.0823	0.824280	0.809789	-0.057668	-0.057166	27.8600	27.1363	94.0020	94.0380
683.6319	0.824779	0.810091	-0.057573	-0.057062	27.8850	27.1507	93.9930	94.0292
683.1813	0.825242	0.810394	-0.057417	-0.056957	27.9080	27.1652	93.9800	94.0203
682.7307	0.825812	0.810697	-0.057138	-0.056851	27.9360	27.1797	93.9580	94.0114
682.2800	0.826309	0.811000	-0.057042	-0.056745	27.9610	27.1942	93.9490	94.0024
681.8292	0.826833	0.811304	-0.056832	-0.056639	27.9870	27.2088	93.9320	93.9935
681.3782	0.827335	0.811610	-0.056649	-0.056533	28.0120	27.2234	93.9170	93.9845
680.9272	0.827775	0.811918	-0.056490	-0.056426	28.0340	27.2382	93.9040	93.9755
680.4761	0.828237	0.812232	-0.056304	-0.056320	28.0570	27.2533	93.8890	93.9665
680.0248	0.828656	0.812548	-0.056158	-0.056213	28.0780	27.2685	93.8770	93.9575
679.5735	0.829114	0.812863	-0.056015	-0.056106	28.1010	27.2836	93.8650	93.9485
679.1221	0.829550	0.813179	-0.055898	-0.055999	28.1230	27.2988	93.8550	93.9394
678.6705	0.830006	0.813495	-0.055755	-0.055891	28.1460	27.3141	93.8430	93.9303
678.2189	0.830462	0.813811	-0.055611	-0.055782	28.1690	27.3293	93.8310	93.9212
677.7672	0.830908	0.814128	-0.055320	-0.055673	28.1910	27.3446	93.8090	93.9120
677.3154	0.831342	0.814445	-0.055189	-0.055564	28.2130	27.3600	93.7980	93.9028
676.8634	0.831779	0.814763	-0.055013	-0.055454	28.2350	27.3753	93.7840	93.8936
676.4114	0.832194	0.815081	-0.054880	-0.055343	28.2560	27.3907	93.7730	93.8844
675.9592	0.832570	0.815399	-0.054730	-0.055232	28.2750	27.4061	93.7610	93.8751
675.5070	0.833006	0.815718	-0.054554	-0.055120	28.2970	27.4215	93.7470	93.8658
675.0547	0.833394	0.816037	-0.054507	-0.055008	28.3170	27.4370	93.7420	93.8564
674.6022	0.833789	0.816356	-0.054343	-0.054896	28.3370	27.4525	93.7290	93.8470
674.1497	0.834223	0.816676	-0.054166	-0.054782	28.3590	27.4680	93.7150	93.8376
673.6971	0.834595	0.816999	-0.054059	-0.054674	28.3780	27.4837	93.7060	93.8285
673.2443	0.834981	0.817324	-0.054010	-0.054567	28.3980	27.4996	93.7010	93.8196
672.7915	0.835376	0.817649	-0.053831	-0.054461	28.4180	27.5154	93.6870	93.8107
672.3386	0.835747	0.817976	-0.053708	-0.054356	28.4370	27.5314	93.6770	93.8018
671.8855	0.836100	0.818303	-0.053570	-0.054250	28.4550	27.5474	93.6660	93.7929
671.4324	0.836531	0.818630	-0.053392	-0.054143	28.4770	27.5634	93.6520	93.7839
670.9791	0.836939	0.818958	-0.053272	-0.054036	28.4980	27.5794	93.6420	93.7750
670.5258	0.837355	0.819286	-0.053019	-0.053928	28.5190	27.5955	93.6230	93.7659
670.0723	0.837729	0.819615	-0.052823	-0.053819	28.5380	27.6116	93.6080	93.7569
669.6188	0.838114	0.819944	-0.052730	-0.053710	28.5580	27.6277	93.6000	93.7478
669.1651	0.838486	0.820273	-0.052562	-0.053601	28.5770	27.6439	93.5870	93.7387
668.7114	0.838872	0.820603	-0.052439	-0.053491	28.5970	27.6601	93.5770	93.7295
668.2575	0.839254	0.820933	-0.052390	-0.053380	28.6170	27.6763	93.5720	93.7203
667.8035	0.839682	0.821263	-0.052210	-0.053268	28.6390	27.6926	93.5580	93.7111
667.3495	0.840054	0.821594	-0.051998	-0.053157	28.6580	27.7088	93.5420	93.7018
666.8953	0.840457	0.821925	-0.051890	-0.053044	28.6790	27.7252	93.5330	93.6926
666.4411	0.840843	0.822257	-0.051738	-0.052932	28.6990	27.7415	93.5210	93.6833
665.9868	0.841186	0.822589	-0.051685	-0.052819	28.7170	27.7579	93.5160	93.6739
665.5323	0.841554	0.822922	-0.051501	-0.052706	28.7360	27.7744	93.5020	93.6646
665.0777	0.841920	0.823256	-0.051361	-0.052592	28.7550	27.7909	93.4910	93.6552
664.6230	0.842308	0.823590	-0.051164	-0.052477	28.7750	27.8074	93.4760	93.6458
664.1683	0.842728	0.823924	-0.051027	-0.052362	28.7970	27.8240	93.4650	93.6364
663.7134	0.843111	0.824258	-0.050888	-0.052247	28.8170	27.8406	93.4540	93.6269
663.2584	0.843442	0.824593	-0.050686	-0.052131	28.8340	27.8572	93.4390	93.6174
662.8034	0.843788	0.824929	-0.050515	-0.052014	28.8520	27.8738	93.4260	93.6079
662.3482	0.844152	0.825264	-0.050374	-0.051896	28.8710	27.8905	93.4150	93.5983
661.8929	0.844535	0.825600	-0.050204	-0.051778	28.8910	27.9072	93.4020	93.5887
661.4376	0.844902	0.825937	-0.049974	-0.051660	28.9100	27.9240	93.3850	93.5790
660.9821	0.845246	0.826274	-0.049832	-0.051540	28.9280	27.9408	93.3740	93.5693
660.5265	0.845606	0.826611	-0.049720	-0.051420	28.9470	27.9576	93.3650	93.5596
660.0708	0.845929	0.826949	-0.049591	-0.051300	28.9640	27.9745	93.3550	93.5498
659.6151	0.846328	0.827284	-0.049436	-0.051180	28.9850	27.9912	93.3430	93.5401
659.1592	0.846743	0.827619	-0.049312	-0.051059	29.0070	28.0079	93.3330	93.5303
658.7032	0.847064	0.827951	-0.049197	-0.050938	29.0240	28.0246	93.3240	93.5206
658.2471	0.847352	0.828283	-0.049021	-0.050817	29.0390	28.0412	93.3110	93.5108
657.7909	0.847653	0.828615	-0.048920	-0.050696	29.0550	28.0578	93.3030	93.5011
657.3346	0.848012	0.828948	-0.048792	-0.050574	29.0740	28.0745	93.2930	93.4913
656.8782	0.848364	0.829281	-0.048753	-0.050451	29.0930	28.0913	93.2890	93.4814
656.4218	0.848685	0.829615	-0.048623	-0.050327	29.1100	28.1080	93.2790	93.4715
655.9651	0.849004	0.829949	-0.048522	-0.050203	29.1270	28.1248	93.2710	93.4616
655.5084	0.849329	0.830283	-0.048303	-0.050078	29.1440	28.1416	93.2550	93.4516
655.0516	0.849650	0.830618	-0.048142	-0.049953	29.1610	28.1585	93.2430	93.4416
654.5947	0.849934	0.830954	-0.047980	-0.049827	29.1760	28.1754	93.2310	93.4315
654.1377	0.850235	0.831289	-0.047848	-0.049700	29.1920	28.1924	93.2210	93.4215
653.6806	0.850518	0.831626	-0.047715	-0.049573	29.2070	28.2094	93.2110	93.4113
653.2234	0.850837	0.831962	-0.047569	-0.049445	29.2240	28.2264	93.2000	93.4012
652.7661	0.851135	0.832302	-0.047467	-0.049316	29.2400	28.2436	93.1920	93.3910
652.3087	0.851456	0.832646	-0.047276	-0.049187	29.2570	28.2610	93.1780	93.3807
651.8511	0.851753	0.832991	-0.047188	-0.049058	29.2730	28.2785	93.1710	93.3705
651.3936	0.852052	0.833339	-0.047055	-0.048928	29.2890	28.2961	93.1610	93.3602
650.9358	0.852368	0.833687	-0.046953	-0.048798	29.3060	28.3139	93.1530	93.3499
650.4780	0.852698	0.834036	-0.046912	-0.048667	29.3240	28.3316	93.1490	93.3395
650.0201	0.853067	0.834385	-0.046813	-0.048535	29.3440	28.3494	93.1410	93.3291
649.5620	0.853398	0.834735	-0.046726	-0.048402	29.3620	28.3672	93.1340	93.3186
649.1039	0.853750	0.835085	-0.046596	-0.048269	29.3810	28.3851	93.1240	93.3081
648.6457	0.854052	0.835436	-0.046373	-0.048135	29.3970	28.4030	93.1080	93.2976
648.1873	0.854421	0.835787	-0.046244	-0.048001	29.4170	28.4209	93.0980	93.2870
647.7289	0.854705	0.836138	-0.046005	-0.047865	29.4320	28.4389	93.0810	93.2764
647.2703	0.855057	0.836490	-0.045844	-0.047729	29.4510	28.4569	93.0690	93.2657
646.8117	0.855376	0.836842	-0.045607	-0.047593	29.4680	28.4750	93.0520	93.2550
646.3530	0.855690	0.837195	-0.045474	-0.047455	29.4850	28.4931	93.0420	93.2442
645.8941	0.855985	0.837549	-0.045355	-0.047319	29.5010	28.5113	93.0330	93.2336
645.4351	0.856318	0.837907	-0.045177	-0.047187	29.5190	28.5297	93.0200	93.2232
644.9761	0.856648	0.838265	-0.045045	-0.047055	29.5370	28.5481	93.0100	93.2128
644.5169	0.856950	0.838624	-0.044776	-0.046924	29.5530	28.5667	92.9910	93.2025
644.0577	0.857271	0.838984	-0.044463	-0.046792	29.5700	28.5852	92.9690	93.1922
643.5983	0.857569	0.839344	-0.044238	-0.046659	29.5860	28.6039	92.9530	93.1818
643.1389	0.857900	0.839705	-0.044075	-0.046525	29.6040	28.6225	92.9410	93.1713
642.6793	0.858177	0.840066	-0.043909	-0.046391	29.6190	28.6412	92.9290	93.1609
642.2196	0.858461	0.840427	-0.043593	-0.046256	29.6340	28.6600	92.9070	93.1503
641.7598	0.858846	0.840789	-0.043387	-0.046120	29.6550	28.6788	92.8920	93.1397
641.2999	0.859199	0.841152	-0.043104	-0.045984	29.6740	28.6976	92.8720	93.1291
640.8400	0.859601	0.841514	-0.042899	-0.045846	29.6960	28.7165	92.8570	93.1184
640.3799	0.859896	0.841878	-0.042703	-0.045708	29.7120	28.7354	92.8430	93.1077
639.9197	0.860300	0.842241	-0.042422	-0.045569	29.7340	28.7544	92.8230	93.0970
639.4594	0.860612	0.842606	-0.042226	-0.045430	29.7510	28.7734	92.8090	93.0862
638.9990	0.860908	0.842971	-0.041970	-0.045290	29.7670	28.7924	92.7910	93.0753
638.5385	0.861237	0.843337	-0.041760	-0.045151	29.7850	28.8116	92.7760	93.0646
638.0779	0.861548	0.843705	-0.041549	-0.045012	29.8020	28.8308	92.7610	93.0538
637.6172	0.861844	0.844072	-0.041262	-0.044872	29.8180	28.8501	92.7410	93.0430
637.1564	0.862207	0.844440	-0.041053	-0.044731	29.8380	28.8694	92.7260	93.0322
636.6954	0.862515	0.844809	-0.040886	-0.044589	29.8550	28.8888	92.7140	93.0213
636.2344	0.862866	0.845178	-0.040541	-0.044446	29.8740	28.9082	92.6900	93.0103
635.7733	0.863176	0.845547	-0.040314	-0.044303	29.8910	28.9276	92.6740	92.9993
635.3121	0.863418	0.845917	-0.040023	-0.044158	29.9040	28.9471	92.6540	92.9882
634.8508	0.863730	0.846287	-0.039720	-0.044013	29.9210	28.9667	92.6330	92.9771
634.3893	0.864075	0.846658	-0.039479	-0.043867	29.9400	28.9863	92.6160	92.9660
633.9278	0.864526	0.847029	-0.039182	-0.043721	29.9650	29.0059	92.5950	92.9548
633.4662	0.865011	0.847401	-0.038917	-0.043573	29.9920	29.0256	92.5760	92.9435
633.0044	0.865370	0.847773	-0.038706	-0.043424	30.0120	29.0453	92.5610	92.9322
632.5425	0.865708	0.848150	-0.038555	-0.043261	30.0310	29.0652	92.5500	92.9199
632.0806	0.866028	0.848526	-0.038402	-0.043097	30.0490	29.0852	92.5390	92.9076
631.6186	0.866172	0.848906	-0.038303	-0.042924	30.0570	29.1053	92.5320	92.8946
631.1564	0.866505	0.849286	-0.038242	-0.042749	30.0760	29.1255	92.5270	92.8815
630.6942	0.866747	0.849666	-0.037888	-0.042572	30.0890	29.1457	92.5030	92.8684
630.2318	0.866938	0.850047	-0.037488	-0.042395	30.0990	29.1660	92.4760	92.8552
629.7693	0.866948	0.850428	-0.037245	-0.042218	30.0990	29.1863	92.4600	92.8420
629.3068	0.867256	0.850810	-0.036955	-0.042039	30.1160	29.2066	92.4400	92.8287
628.8441	0.867335	0.851192	-0.036731	-0.041859	30.1200	29.2270	92.4250	92.8154
628.3813	0.867829	0.851575	-0.036525	-0.041679	30.1480	29.2475	92.4100	92.8020
627.9184	0.868239	0.851958	-0.036238	-0.041498	30.1710	29.2680	92.3900	92.7886
627.4554	0.868685	0.852342	-0.036302	-0.041316	30.1970	29.2886	92.3930	92.7752
626.9923	0.868886	0.852726	-0.036022	-0.041133	30.2080	29.3092	92.3740	92.7617
626.5291	0.869050	0.853110	-0.035816	-0.040958	30.2170	29.3298	92.3600	92.7487
626.0658	0.869161	0.853494	-0.035623	-0.040782	30.2230	29.3505	92.3470	92.7357
625.6024	0.869443	0.853875	-0.035483	-0.040635	30.2390	29.3711	92.3370	92.7246
625.1389	0.869754	0.854256	-0.035860	-0.040492	30.2580	29.3918	92.3610	92.7138
624.6753	0.870384	0.854638	-0.035993	-0.040347	30.2950	29.4125	92.3680	92.7029
624.2115	0.870498	0.855020	-0.036150	-0.040202	30.3020	29.4332	92.3780	92.6920
623.7477	0.870634	0.855403	-0.036171	-0.040056	30.3100	29.4540	92.3790	92.6810
623.2838	0.870986	0.855786	-0.036353	-0.039908	30.3310	29.4749	92.3900	92.6700
622.8198	0.871167	0.856169	-0.036132	-0.039760	30.3410	29.4958	92.3750	92.6589
622.3557	0.870971	0.856553	-0.034632	-0.039611	30.3260	29.5168	92.2770	92.6477
621.8914	0.871022	0.856938	-0.033309	-0.039461	30.3260	29.5378	92.1900	92.6365
621.4271	0.870957	0.857323	-0.031860	-0.039310	30.3190	29.5589	92.0950	92.6253
620.9626	0.870969	0.857709	-0.030080	-0.039158	30.3160	29.5800	91.9780	92.6140
620.4980	0.871003	0.858095	-0.028544	-0.039005	30.3150	29.6012	91.8770	92.6026
620.0334	0.871345	0.858482	-0.026942	-0.038851	30.3320	29.6224	91.7710	92.5912
619.5687	0.872081	0.858874	-0.025197	-0.038677	30.3720	29.6440	91.6550	92.5784
619.1038	0.872410	0.859268	-0.023805	-0.038502	30.3890	29.6656	91.5630	92.5656
618.6388	0.872531	0.859663	-0.022437	-0.038323	30.3940	29.6873	91.4730	92.5525
618.1737	0.872907	0.860058	-0.021029	-0.038143	30.4140	29.7091	91.3800	92.5394
617.7086	0.873212	0.860454	-0.019618	-0.037962	30.4300	29.7309	91.2870	92.5262
617.2433	0.873546	0.860851	-0.018313	-0.037781	30.4480	29.7528	91.2010	92.5130
616.7779	0.873911	0.861247	-0.017085	-0.037598	30.4680	29.7748	91.1200	92.4997
616.3124	0.874201	0.861645	-0.016083	-0.037414	30.4840	29.7968	91.0540	92.4863
615.8468	0.874285	0.862042	-0.015184	-0.037229	30.4880	29.8188	90.9950	92.4729
615.3810	0.874710	0.862441	-0.014046	-0.037044	30.5120	29.8409	90.9200	92.4595
614.9153	0.874894	0.862839	-0.013102	-0.036857	30.5220	29.8631	90.8580	92.4460
614.4493	0.875160	0.863239	-0.012175	-0.036670	30.5370	29.8853	90.7970	92.4324
613.9833	0.875456	0.863638	-0.011506	-0.036482	30.5540	29.9076	90.7530	92.4188
613.5172	0.875786	0.864039	-0.010761	-0.036307	30.5730	29.9300	90.7040	92.4062
613.0510	0.876215	0.864440	-0.010078	-0.036131	30.5980	29.9525	90.6590	92.3934
612.5847	0.876625	0.864842	-0.009517	-0.035958	30.6220	29.9750	90.6220	92.3808
612.1182	0.877101	0.865244	-0.008925	-0.035784	30.6500	29.9976	90.5830	92.3682
611.6517	0.877525	0.865646	-0.008363	-0.035609	30.6750	30.0202	90.5460	92.3556
611.1850	0.877964	0.866049	-0.007907	-0.035433	30.7010	30.0429	90.5160	92.3428
610.7183	0.878368	0.866453	-0.007558	-0.035256	30.7250	30.0657	90.4930	92.3301
610.2514	0.878821	0.866857	-0.007178	-0.035077	30.7520	30.0885	90.4680	92.3172
609.7844	0.879274	0.867262	-0.006783	-0.034898	30.7790	30.1114	90.4420	92.3043
609.3173	0.879806	0.867667	-0.006588	-0.034718	30.8110	30.1344	90.4290	92.2914
608.8502	0.880371	0.868073	-0.006407	-0.034537	30.8450	30.1574	90.4170	92.2783
608.3829	0.880884	0.868479	-0.006396	-0.034354	30.8760	30.1805	90.4160	92.2653
607.9155	0.881429	0.868884	-0.006323	-0.034171	30.9090	30.2035	90.4110	92.2521
607.4480	0.882038	0.869285	-0.006343	-0.033988	30.9460	30.2264	90.4120	92.2391
606.9804	0.882612	0.869687	-0.006455	-0.033804	30.9810	30.2493	90.4190	92.2259
606.5127	0.883218	0.870087	-0.006536	-0.033620	31.0180	30.2722	90.4240	92.2128
606.0449	0.883822	0.870489	-0.006679	-0.033434	31.0550	30.2951	90.4330	92.1995
605.5770	0.884423	0.870890	-0.007008	-0.033247	31.0920	30.3182	90.4540	92.1862
605.1089	0.885072	0.871293	-0.007260	-0.033059	31.1320	30.3412	90.4700	92.1729
604.6408	0.885686	0.871696	-0.007482	-0.032870	31.1700	30.3644	90.4840	92.1595
604.1726	0.886395	0.872099	-0.007813	-0.032680	31.2140	30.3876	90.5050	92.1460
603.7042	0.887117	0.872503	-0.008299	-0.032489	31.2590	30.4109	90.5360	92.1325
603.2358	0.887788	0.872907	-0.008770	-0.032296	31.3010	30.4342	90.5660	92.1189
602.7673	0.888456	0.873312	-0.009335	-0.032103	31.3430	30.4577	90.6020	92.1053
602.2986	0.889058	0.873718	-0.009885	-0.031909	31.3810	30.4812	90.6370	92.0915
601.8298	0.889722	0.874129	-0.010451	-0.031711	31.4230	30.5050	90.6730	92.0776
601.3610	0.890382	0.874548	-0.011081	-0.031508	31.4650	30.5293	90.7130	92.0633
600.8920	0.891040	0.874967	-0.011711	-0.031303	31.5070	30.5537	90.7530	92.0490
600.4229	0.891664	0.875389	-0.012420	-0.031098	31.5470	30.5783	90.7980	92.0345
599.9537	0.892348	0.875810	-0.013130	-0.030891	31.5910	30.6029	90.8430	92.0200
599.4844	0.893028	0.876233	-0.013857	-0.030683	31.6350	30.6276	90.8890	92.0055
599.0150	0.893735	0.876655	-0.014758	-0.030473	31.6810	30.6523	90.9460	91.9909
598.5455	0.894410	0.877079	-0.015503	-0.030263	31.7250	30.6771	90.9930	91.9762
598.0759	0.895099	0.877502	-0.016218	-0.030052	31.7700	30.7020	91.0380	91.9614
597.6062	0.895734	0.877927	-0.017121	-0.029839	31.8120	30.7270	91.0950	91.9466
597.1364	0.896383	0.878351	-0.017994	-0.029626	31.8550	30.7520	91.1500	91.9318
596.6664	0.897122	0.878777	-0.018870	-0.029411	31.9040	30.7772	91.2050	91.9168
596.1964	0.897793	0.879203	-0.019825	-0.029194	31.9490	30.8024	91.2650	91.9018
595.7263	0.898446	0.879633	-0.020812	-0.028973	31.9930	30.8278	91.3270	91.8865
595.2560	0.899004	0.880065	-0.021783	-0.028748	32.0310	30.8534	91.3880	91.8709
594.7857	0.899468	0.880497	-0.022768	-0.028521	32.0630	30.8791	91.4500	91.8553
594.3152	0.899991	0.880930	-0.023709	-0.028294	32.0990	30.9049	91.5090	91.8396
593.8447	0.900514	0.881363	-0.024603	-0.028066	32.1350	30.9308	91.5650	91.8239
593.3740	0.901018	0.881797	-0.025514	-0.027836	32.1700	30.9567	91.6220	91.8081
592.9032	0.901615	0.882232	-0.026287	-0.027606	32.2110	30.9827	91.6700	91.7922
592.4323	0.902119	0.882667	-0.027058	-0.027374	32.2460	31.0088	91.7180	91.7763
591.9613	0.902692	0.883102	-0.027974	-0.027141	32.2860	31.0349	91.7750	91.7604
591.4902	0.903337	0.883538	-0.028894	-0.026907	32.3310	31.0611	91.8320	91.7443
591.0190	0.904102	0.883974	-0.029692	-0.026672	32.3840	31.0874	91.8810	91.7283
590.5477	0.904639	0.884408	-0.030532	-0.026450	32.4220	31.1136	91.9330	91.7130
590.0763	0.905340	0.884842	-0.031251	-0.026227	32.4710	31.1399	91.9770	91.6978
589.6048	0.905640	0.885272	-0.031974	-0.026022	32.4930	31.1661	92.0220	91.6837
589.1331	0.906074	0.885703	-0.032638	-0.025819	32.5240	31.1923	92.0630	91.6697
588.6614	0.906361	0.886134	-0.032855	-0.025614	32.5440	31.2186	92.0760	91.6557
588.1896	0.906785	0.886565	-0.033298	-0.025409	32.5740	31.2450	92.1030	91.6416
587.7176	0.907243	0.886998	-0.033600	-0.025202	32.6060	31.2714	92.1210	91.6275
587.2455	0.907792	0.887430	-0.033779	-0.024994	32.6440	31.2979	92.1310	91.6133
586.7734	0.908173	0.887863	-0.033746	-0.024784	32.6700	31.3245	92.1280	91.5990
586.3011	0.908493	0.888297	-0.032948	-0.024574	32.6900	31.3512	92.0770	91.5846
585.8287	0.908377	0.888731	-0.032134	-0.024362	32.6800	31.3780	92.0260	91.5702
585.3563	0.908752	0.889166	-0.030988	-0.024149	32.7030	31.4049	91.9530	91.5557
584.8837	0.909144	0.889599	-0.029683	-0.023941	32.7270	31.4317	91.8700	91.5416
584.4109	0.909344	0.890026	-0.027942	-0.023751	32.7370	31.4582	91.7600	91.5286
583.9382	0.909655	0.890454	-0.026235	-0.023560	32.7550	31.4848	91.6520	91.5156
583.4652	0.910426	0.890880	-0.025558	-0.023373	32.8070	31.5114	91.6080	91.5028
582.9922	0.910995	0.891307	-0.024762	-0.023185	32.8450	31.5380	91.5570	91.4900
582.5191	0.911673	0.891735	-0.024080	-0.022995	32.8910	31.5648	91.5130	91.4772
582.0458	0.912298	0.892163	-0.023698	-0.022804	32.9340	31.5916	91.4880	91.4642
581.5725	0.912882	0.892591	-0.023171	-0.022612	32.9740	31.6186	91.4540	91.4512
581.0991	0.913304	0.893021	-0.022767	-0.022419	33.0030	31.6456	91.4280	91.4381
580.6255	0.913308	0.893451	-0.022624	-0.022224	33.0030	31.6727	91.4190	91.4249
580.1519	0.913616	0.893881	-0.022201	-0.022028	33.0240	31.6999	91.3920	91.4117
579.6780	0.914151	0.894320	-0.021751	-0.021819	33.0610	31.7277	91.3630	91.3976
579.2042	0.914484	0.894763	-0.021391	-0.021602	33.0840	31.7558	91.3400	91.3830
578.7302	0.914842	0.895216	-0.021144	-0.021369	33.1090	31.7845	91.3240	91.3674
578.2561	0.915142	0.895677	-0.020959	-0.021124	33.1300	31.8138	91.3120	91.3510
577.7819	0.915428	0.896139	-0.020726	-0.020877	33.1500	31.8432	91.2970	91.3346
577.3076	0.915758	0.896600	-0.020398	-0.020630	33.1730	31.8727	91.2760	91.3181
576.8332	0.916299	0.897063	-0.019978	-0.020381	33.2110	31.9023	91.2490	91.3015
576.3586	0.916581	0.897525	-0.019840	-0.020131	33.2310	31.9320	91.2400	91.2849
575.8840	0.917046	0.897988	-0.019562	-0.019879	33.2640	31.9618	91.2220	91.2682
575.4093	0.917522	0.898452	-0.019396	-0.019627	33.2980	31.9916	91.2110	91.2514
574.9344	0.917973	0.898916	-0.019020	-0.019373	33.3300	32.0216	91.1870	91.2346
574.4595	0.918446	0.899380	-0.018838	-0.019118	33.3640	32.0516	91.1750	91.2178
573.9844	0.918810	0.899844	-0.018573	-0.018862	33.3900	32.0818	91.1580	91.2008
573.5092	0.919201	0.900311	-0.018275	-0.018589	33.4180	32.1121	91.1390	91.1828
573.0339	0.919603	0.900778	-0.018059	-0.018315	33.4470	32.1426	91.1250	91.1648
572.5586	0.920004	0.901246	-0.017842	-0.018040	33.4760	32.1731	91.1110	91.1467
572.0831	0.920418	0.901713	-0.017609	-0.017763	33.5060	32.2037	91.0960	91.1286
571.6075	0.920873	0.902182	-0.017328	-0.017486	33.5390	32.2344	91.0780	91.1104
571.1318	0.921310	0.902650	-0.017191	-0.017207	33.5710	32.2652	91.0690	91.0921
570.6559	0.921745	0.903119	-0.017087	-0.016928	33.6030	32.2962	91.0620	91.0738
570.1801	0.922181	0.903589	-0.016918	-0.016647	33.6350	32.3272	91.0510	91.0554
569.7040	0.922533	0.904059	-0.016828	-0.016365	33.6610	32.3583	91.0450	91.0370
569.2278	0.922966	0.904529	-0.016658	-0.016082	33.6930	32.3896	91.0340	91.0186
568.7516	0.923385	0.904994	-0.016456	-0.015825	33.7240	32.4206	91.0210	91.0018
568.2753	0.923762	0.905456	-0.016302	-0.015593	33.7520	32.4514	91.0110	90.9866
567.7988	0.924167	0.905916	-0.016051	-0.015368	33.7820	32.4823	90.9950	90.9719
567.3222	0.924543	0.906374	-0.015864	-0.015156	33.8100	32.5131	90.9830	90.9580
566.8455	0.924958	0.906833	-0.015677	-0.014942	33.8410	32.5440	90.9710	90.9440
566.3687	0.925346	0.907292	-0.015441	-0.014726	33.8700	32.5750	90.9560	90.9299
565.8918	0.925743	0.907752	-0.015351	-0.014510	33.9000	32.6061	90.9500	90.9157
565.4149	0.926154	0.908212	-0.015228	-0.014292	33.9310	32.6374	90.9420	90.9015
564.9377	0.926511	0.908672	-0.015105	-0.014072	33.9580	32.6687	90.9340	90.8872
564.4605	0.926894	0.909134	-0.014917	-0.013851	33.9870	32.7002	90.9220	90.8729
563.9832	0.927250	0.909596	-0.014728	-0.013628	34.0140	32.7318	90.9100	90.8583
563.5057	0.927618	0.910074	-0.014524	-0.013356	34.0420	32.7646	90.8970	90.8408
563.0282	0.927999	0.910553	-0.014335	-0.013084	34.0710	32.7975	90.8850	90.8233
562.5505	0.928443	0.911042	-0.014131	-0.012781	34.1050	32.8311	90.8720	90.8037
562.0728	0.928808	0.911533	-0.013959	-0.012475	34.1330	32.8649	90.8610	90.7841
561.5948	0.929211	0.912023	-0.013802	-0.012167	34.1640	32.8989	90.8510	90.7643
561.1169	0.929626	0.912514	-0.013581	-0.011859	34.1960	32.9329	90.8370	90.7446
560.6388	0.930028	0.913005	-0.013295	-0.011550	34.2270	32.9671	90.8190	90.7248
560.1606	0.930453	0.913496	-0.013106	-0.011240	34.2600	33.0014	90.8070	90.7049
559.6823	0.930827	0.913988	-0.012819	-0.010929	34.2890	33.0358	90.7890	90.6851
559.2039	0.931212	0.914479	-0.012613	-0.010617	34.3190	33.0703	90.7760	90.6651
558.7253	0.931596	0.914960	-0.012423	-0.010337	34.3490	33.1042	90.7640	90.6473
558.2467	0.932003	0.915433	-0.012282	-0.010081	34.3810	33.1376	90.7550	90.6309
557.7679	0.932410	0.915896	-0.012076	-0.009851	34.4130	33.1704	90.7420	90.6162
557.2891	0.932815	0.916350	-0.011886	-0.009650	34.4450	33.2027	90.7300	90.6034
556.8102	0.933206	0.916804	-0.011728	-0.009448	34.4760	33.2351	90.7200	90.5904
556.3311	0.933597	0.917259	-0.011537	-0.009245	34.5070	33.2677	90.7080	90.5774
555.8519	0.933997	0.917715	-0.011444	-0.009039	34.5390	33.3003	90.7020	90.5643
555.3726	0.934398	0.918171	-0.011237	-0.008833	34.5710	33.3332	90.6890	90.5512
554.8932	0.934761	0.918628	-0.011013	-0.008625	34.6000	33.3661	90.6750	90.5379
554.4137	0.935148	0.919085	-0.010691	-0.008416	34.6310	33.3992	90.6550	90.5246
553.9341	0.935545	0.919548	-0.010500	-0.008195	34.6630	33.4327	90.6430	90.5106
553.4543	0.935929	0.920040	-0.010324	-0.007905	34.6940	33.4684	90.6320	90.4923
552.9745	0.936300	0.920533	-0.010050	-0.007611	34.7240	33.5044	90.6150	90.4737
552.4946	0.936693	0.921058	-0.009907	-0.007243	34.7560	33.5427	90.6060	90.4505
552.0145	0.937073	0.921583	-0.009748	-0.006874	34.7870	33.5812	90.5960	90.4273
551.5344	0.937464	0.922108	-0.009588	-0.006504	34.8190	33.6198	90.5860	90.4041
551.0541	0.937829	0.922633	-0.009445	-0.006134	34.8490	33.6586	90.5770	90.3809
550.5737	0.938242	0.923159	-0.009302	-0.005764	34.8830	33.6975	90.5680	90.3577
550.0933	0.938630	0.923683	-0.009076	-0.005393	34.9150	33.7365	90.5540	90.3345
549.6127	0.939004	0.924208	-0.008883	-0.005022	34.9460	33.7757	90.5420	90.3113
549.1320	0.939401	0.924733	-0.008690	-0.004650	34.9790	33.8150	90.5300	90.2881
548.6511	0.939786	0.925242	-0.008464	-0.004327	35.0110	33.8532	90.5160	90.2679
548.1702	0.940169	0.925745	-0.008221	-0.004022	35.0430	33.8911	90.5010	90.2490
547.6891	0.940539	0.926238	-0.008011	-0.003747	35.0740	33.9285	90.4880	90.2318
547.2080	0.940919	0.926726	-0.007834	-0.003486	35.1060	33.9656	90.4770	90.2155
546.7267	0.941298	0.927215	-0.007705	-0.003224	35.1380	34.0028	90.4690	90.1992
546.2454	0.941687	0.927704	-0.007561	-0.002962	35.1710	34.0402	90.4600	90.1829
545.7639	0.942063	0.928194	-0.007416	-0.002698	35.2030	34.0778	90.4510	90.1665
545.2823	0.942416	0.928683	-0.007204	-0.002433	35.2330	34.1155	90.4380	90.1501
544.8007	0.942790	0.929173	-0.007026	-0.002167	35.2650	34.1533	90.4270	90.1336
544.3188	0.943164	0.929663	-0.006749	-0.001900	35.2970	34.1914	90.4100	90.1171
543.8369	0.943512	0.930158	-0.006604	-0.001624	35.3270	34.2298	90.4010	90.1000
543.3549	0.943883	0.930661	-0.006375	-0.001330	35.3590	34.2691	90.3870	90.0819
542.8728	0.944241	0.931164	-0.006246	-0.001034	35.3900	34.3086	90.3790	90.0636
542.3905	0.944575	0.931670	-0.006100	-0.000732	35.4190	34.3484	90.3700	90.0450
541.9082	0.944942	0.932177	-0.005871	-0.000429	35.4510	34.3884	90.3560	90.0264
541.4257	0.945297	0.932683	-0.005692	-0.000126	35.4820	34.4285	90.3450	90.0078
540.9431	0.945673	0.933189	-0.005480	0.000178	35.5150	34.4688	90.3320	89.9891
540.4604	0.946014	0.933696	-0.005366	0.000482	35.5450	34.5093	90.3250	89.9704
539.9777	0.946399	0.934203	-0.005137	0.000787	35.5790	34.5499	90.3110	89.9517
539.4948	0.946749	0.934707	-0.004924	0.001087	35.6100	34.5905	90.2980	89.9334
539.0118	0.947131	0.935212	-0.004695	0.001388	35.6440	34.6313	90.2840	89.9150
538.5286	0.947468	0.935696	-0.004531	0.001637	35.6740	34.6706	90.2740	89.8997
538.0454	0.947825	0.936181	-0.004433	0.001887	35.7060	34.7101	90.2680	89.8845
537.5621	0.948170	0.936666	-0.004253	0.002137	35.7370	34.7497	90.2570	89.8693
537.0786	0.948514	0.937151	-0.004006	0.002388	35.7680	34.7895	90.2420	89.8540
536.5950	0.948879	0.937637	-0.003842	0.002640	35.8010	34.8295	90.2320	89.8387
536.1114	0.949210	0.938123	-0.003728	0.002893	35.8310	34.8697	90.2250	89.8233
535.6276	0.949528	0.938609	-0.003596	0.003147	35.8600	34.9101	90.2170	89.8079
535.1437	0.949857	0.939096	-0.003432	0.003401	35.8900	34.9506	90.2070	89.7925
534.6597	0.950206	0.939585	-0.003333	0.003652	35.9220	34.9916	90.2010	89.7773
534.1756	0.950554	0.940077	-0.003202	0.003900	35.9540	35.0329	90.1930	89.7623
533.6913	0.950879	0.940573	-0.003020	0.004143	35.9840	35.0748	90.1820	89.7476
533.2070	0.951257	0.941071	-0.002839	0.004382	36.0190	35.1170	90.1710	89.7332
532.7226	0.951655	0.941570	-0.002741	0.004621	36.0560	35.1594	90.1650	89.7188
532.2380	0.952019	0.942069	-0.002559	0.004862	36.0900	35.2020	90.1540	89.7043
531.7534	0.952393	0.942568	-0.002460	0.005103	36.1250	35.2449	90.1480	89.6898
531.2686	0.952765	0.943067	-0.002361	0.005345	36.1600	35.2879	90.1420	89.6753
530.7837	0.953156	0.943566	-0.002229	0.005587	36.1970	35.3311	90.1340	89.6607
530.2987	0.953547	0.944065	-0.002114	0.005831	36.2340	35.3745	90.1270	89.6461
529.8136	0.953904	0.944577	-0.001948	0.006112	36.2680	35.4192	90.1170	89.6293
529.3284	0.954270	0.945107	-0.001849	0.006455	36.3030	35.4658	90.1110	89.6087
528.8430	0.954635	0.945638	-0.001749	0.006800	36.3380	35.5127	90.1050	89.5880
528.3576	0.955039	0.946171	-0.001617	0.007153	36.3770	35.5600	90.0970	89.5668
527.8720	0.955411	0.946704	-0.001451	0.007506	36.4130	35.6075	90.0870	89.5457
527.3864	0.955792	0.947236	-0.001268	0.007858	36.4500	35.6552	90.0760	89.5247
526.9006	0.956192	0.947768	-0.001168	0.008210	36.4890	35.7032	90.0700	89.5037
526.4147	0.956600	0.948300	-0.001102	0.008562	36.5290	35.7513	90.0660	89.4827
525.9287	0.957026	0.948830	-0.000935	0.008909	36.5710	35.7996	90.0560	89.4620
525.4426	0.957430	0.949354	-0.000836	0.009233	36.6110	35.8476	90.0500	89.4428
524.9564	0.957852	0.949877	-0.000669	0.009554	36.6530	35.8957	90.0400	89.4237
524.4700	0.958293	0.950390	-0.000535	0.009839	36.6970	35.9431	90.0320	89.4069
523.9836	0.958711	0.950902	-0.000402	0.010123	36.7390	35.9907	90.0240	89.3901
523.4971	0.959136	0.951415	-0.000285	0.010408	36.7820	36.0385	90.0170	89.3733
523.0104	0.959540	0.951927	-0.000167	0.010692	36.8230	36.0867	90.0100	89.3565
522.5236	0.959962	0.952439	-0.000134	0.010976	36.8660	36.1350	90.0080	89.3398
522.0367	0.960430	0.952951	-0.000034	0.011260	36.9140	36.1836	90.0020	89.3230
521.5497	0.960886	0.953462	0.000117	0.011543	36.9610	36.2324	89.9930	89.3064
521.0626	0.961291	0.953974	0.000134	0.011827	37.0030	36.2815	89.9920	89.2897
520.5754	0.961741	0.954489	0.000185	0.012110	37.0500	36.3312	89.9890	89.2731
520.0881	0.962170	0.955005	0.000218	0.012393	37.0950	36.3813	89.9870	89.2565
519.6006	0.962616	0.955520	0.000252	0.012676	37.1420	36.4317	89.9850	89.2400
519.1131	0.963031	0.956036	0.000252	0.012958	37.1860	36.4823	89.9850	89.2235
518.6254	0.963453	0.956551	0.000286	0.013239	37.2310	36.5332	89.9830	89.2070
518.1377	0.963873	0.957066	0.000353	0.013520	37.2760	36.5843	89.9790	89.1907
517.6498	0.964308	0.957580	0.000471	0.013800	37.3230	36.6358	89.9720	89.1743
517.1618	0.964668	0.958094	0.000488	0.014080	37.3620	36.6875	89.9710	89.1581
516.6737	0.965016	0.958604	0.000472	0.014342	37.4000	36.7391	89.9720	89.1428
516.1855	0.965436	0.959112	0.000573	0.014595	37.4460	36.7908	89.9660	89.1282
515.6971	0.965871	0.959618	0.000708	0.014838	37.4940	36.8426	89.9580	89.1141
515.2087	0.966259	0.960121	0.000759	0.015074	37.5370	36.8945	89.9550	89.1005
514.7202	0.966689	0.960625	0.000759	0.015309	37.5850	36.9466	89.9550	89.0870
514.2314	0.967046	0.961128	0.000726	0.015543	37.6250	36.9991	89.9570	89.0735
513.7427	0.967427	0.961630	0.000726	0.015777	37.6680	37.0519	89.9570	89.0601
513.2538	0.967850	0.962132	0.000760	0.016009	37.7160	37.1050	89.9550	89.0467
512.7648	0.968243	0.962639	0.000794	0.016254	37.7610	37.1589	89.9530	89.0327
512.2757	0.968626	0.963150	0.000778	0.016511	37.8050	37.2137	89.9540	89.0179
511.7864	0.969058	0.963670	0.000913	0.016793	37.8550	37.2699	89.9460	89.0017
511.2971	0.969479	0.964202	0.001015	0.017107	37.9040	37.3279	89.9400	88.9836
510.8076	0.969897	0.964733	0.001066	0.017418	37.9530	37.3862	89.9370	88.9656
510.3181	0.970253	0.965263	0.001202	0.017728	37.9950	37.4448	89.9290	88.9478
509.8284	0.970556	0.965791	0.001287	0.018035	38.0310	37.5037	89.9240	88.9302
509.3386	0.970875	0.966319	0.001220	0.018340	38.0690	37.5630	89.9280	88.9127
508.8488	0.971242	0.966844	0.001271	0.018638	38.1130	37.6225	89.9250	88.8956
508.3587	0.971639	0.967365	0.001289	0.018923	38.1610	37.6820	89.9240	88.8794
507.8686	0.971993	0.967876	0.001306	0.019167	38.2040	37.7407	89.9230	88.8655
507.3784	0.972361	0.968360	0.001443	0.019306	38.2490	37.7965	89.9150	88.8579
506.8880	0.972694	0.968844	0.001562	0.019444	38.2900	37.8527	89.9080	88.8502
506.3976	0.973057	0.969326	0.001766	0.019581	38.3350	37.9092	89.8960	88.8427
505.9070	0.973377	0.969808	0.001954	0.019717	38.3750	37.9661	89.8850	88.8353
505.4163	0.973768	0.970290	0.002073	0.019851	38.4240	38.0233	89.8780	88.8279
504.9255	0.974084	0.970770	0.002227	0.019984	38.4640	38.0810	89.8690	88.8207
504.4346	0.974414	0.971250	0.002415	0.020116	38.5060	38.1390	89.8580	88.8135
503.9436	0.974719	0.971732	0.002535	0.020257	38.5450	38.1978	89.8510	88.8058
503.4525	0.974983	0.972238	0.002587	0.020487	38.5790	38.2603	89.8480	88.7928
502.9612	0.975277	0.972743	0.002689	0.020715	38.6170	38.3233	89.8420	88.7801
502.4698	0.975576	0.973247	0.002878	0.020939	38.6560	38.3866	89.8310	88.7675
501.9784	0.975912	0.973749	0.002998	0.021160	38.7000	38.4503	89.8240	88.7551
501.4868	0.976223	0.974249	0.002965	0.021378	38.7410	38.5145	89.8260	88.7429
500.9951	0.976517	0.974748	0.003017	0.021593	38.7800	38.5791	89.8230	88.7309
500.5033	0.976794	0.975245	0.003171	0.021805	38.8170	38.6441	89.8140	88.7192
500.0114	0.977122	0.975741	0.003343	0.022013	38.8610	38.7095	89.8040	88.7076
499.5193	0.977402	0.976224	0.003480	0.022163	38.8990	38.7738	89.7960	88.6995
499.0272	0.977689	0.976705	0.003532	0.022308	38.9380	38.8385	89.7930	88.6916
498.5349	0.977952	0.977183	0.003653	0.022444	38.9740	38.9034	89.7860	88.6842
498.0426	0.978242	0.977660	0.003790	0.022577	39.0140	38.9688	89.7780	88.6771
497.5501	0.978523	0.978135	0.003911	0.022706	39.0530	39.0346	89.7710	88.6702
497.0575	0.978823	0.978608	0.004083	0.022833	39.0950	39.1010	89.7610	88.6634
496.5648	0.979121	0.979079	0.004255	0.022956	39.1370	39.1678	89.7510	88.6569
496.0720	0.979375	0.979549	0.004444	0.023075	39.1730	39.2350	89.7400	88.6506
495.5790	0.979635	0.980025	0.004599	0.023197	39.2100	39.3041	89.7310	88.6440
495.0860	0.979906	0.980500	0.004891	0.023317	39.2490	39.3738	89.7140	88.6377
494.5928	0.980161	0.980973	0.005149	0.023433	39.2860	39.4441	89.6990	88.6316
494.0995	0.980442	0.981445	0.005356	0.023545	39.3270	39.5150	89.6870	88.6257
493.6062	0.980701	0.981913	0.005546	0.023652	39.3650	39.5864	89.6760	88.6201
493.1127	0.980979	0.982380	0.005684	0.023755	39.4060	39.6584	89.6680	88.6148
492.6190	0.981221	0.982843	0.005908	0.023853	39.4420	39.7309	89.6550	88.6097
492.1253	0.981475	0.983304	0.006098	0.023946	39.4800	39.8039	89.6440	88.6050
491.6315	0.981707	0.983761	0.006305	0.024017	39.5150	39.8771	89.6320	88.6015
491.1375	0.981937	0.984214	0.006530	0.024076	39.5500	39.9508	89.6190	88.5987
490.6435	0.982192	0.984664	0.006703	0.024131	39.5890	40.0250	89.6090	88.5962
490.1493	0.982459	0.985111	0.006876	0.024180	39.6300	40.0999	89.5990	88.5939
489.6550	0.982658	0.985554	0.007169	0.024224	39.6610	40.1753	89.5820	88.5920
489.1606	0.982902	0.985995	0.007291	0.024263	39.6990	40.2513	89.5750	88.5904
488.6661	0.983130	0.986432	0.007533	0.024296	39.7350	40.3280	89.5610	88.5891
488.1714	0.983420	0.986867	0.007861	0.024324	39.7810	40.4054	89.5420	88.5881
487.6767	0.983632	0.987300	0.008206	0.024349	39.8150	40.4839	89.5220	88.5873
487.1818	0.983854	0.987731	0.008517	0.024369	39.8510	40.5632	89.5040	88.5867
486.6869	0.984064	0.988157	0.008760	0.024382	39.8850	40.6432	89.4900	88.5865
486.1918	0.984303	0.988580	0.008985	0.024389	39.9240	40.7239	89.4770	88.5867
485.6966	0.984497	0.988998	0.009227	0.024390	39.9560	40.8053	89.4630	88.5873
485.2013	0.984720	0.989413	0.009487	0.024383	39.9930	40.8873	89.4480	88.5883
484.7058	0.984917	0.989825	0.009730	0.024373	40.0260	40.9706	89.4340	88.5894
484.2103	0.985090	0.990233	0.009886	0.024358	40.0550	41.0549	89.4250	88.5909
483.7146	0.985255	0.990643	0.010129	0.024343	40.0830	41.1411	89.4110	88.5923
483.2189	0.985455	0.991050	0.010337	0.024326	40.1170	41.2289	89.3990	88.5939
482.7230	0.985624	0.991452	0.010477	0.024299	40.1460	41.3174	89.3910	88.5961
482.2270	0.985792	0.991848	0.010685	0.024263	40.1750	41.4068	89.3790	88.5987
481.7309	0.985959	0.992237	0.010910	0.024219	40.2040	41.4969	89.3660	88.6018
481.2346	0.986091	0.992621	0.011032	0.024165	40.2270	41.5879	89.3590	88.6055
480.7383	0.986212	0.992992	0.011103	0.024073	40.2480	41.6779	89.3550	88.6112
480.2419	0.986401	0.993351	0.011139	0.023948	40.2810	41.7673	89.3530	88.6190
479.7453	0.986565	0.993701	0.011279	0.023797	40.3100	41.8564	89.3450	88.6282
479.2486	0.986721	0.994040	0.011453	0.023620	40.3380	41.9453	89.3350	88.6388
478.7518	0.986844	0.994373	0.011558	0.023435	40.3600	42.0351	89.3290	88.6499
478.2549	0.987012	0.994699	0.011646	0.023242	40.3900	42.1257	89.3240	88.6615
477.7579	0.987149	0.995019	0.011820	0.023041	40.4150	42.2172	89.3140	88.6735
477.2608	0.987264	0.995332	0.011924	0.022830	40.4360	42.3096	89.3080	88.6860
476.7635	0.987403	0.995652	0.011909	0.022688	40.4610	42.4083	89.3090	88.6946
476.2662	0.987538	0.995980	0.012100	0.022618	40.4860	42.5139	89.2980	88.6991
475.7687	0.987694	0.996300	0.012240	0.022543	40.5150	42.6212	89.2900	88.7038
475.2711	0.987847	0.996610	0.012173	0.022461	40.5430	42.7302	89.2940	88.7089
474.7734	0.988009	0.996909	0.012192	0.022365	40.5730	42.8404	89.2930	88.7148
474.2756	0.988147	0.997197	0.012246	0.022253	40.5990	42.9517	89.2900	88.7216
473.7776	0.988285	0.997470	0.012282	0.022107	40.6250	43.0632	89.2880	88.7303
473.2796	0.988464	0.997730	0.012405	0.021925	40.6590	43.1746	89.2810	88.7411
472.7814	0.988632	0.997970	0.012390	0.021661	40.6910	43.2833	89.2820	88.7566
472.2831	0.988830	0.998190	0.012375	0.021298	40.7290	43.3882	89.2830	88.7777
471.7848	0.989051	0.998400	0.012429	0.020924	40.7720	43.4941	89.2800	88.7994
471.2863	0.989265	0.998597	0.012449	0.020537	40.8140	43.6012	89.2790	88.8218
470.7876	0.989464	0.998783	0.012296	0.020137	40.8530	43.7095	89.2880	88.8450
470.2889	0.989681	0.998956	0.012195	0.019725	40.8960	43.8190	89.2940	88.8688
469.7900	0.989909	0.999117	0.012198	0.019317	40.9420	43.9312	89.2940	88.8924
469.2911	0.990141	0.999267	0.012063	0.018918	40.9890	44.0466	89.3020	88.9154
468.7920	0.990480	0.999403	0.011981	0.018514	41.0590	44.1644	89.3070	88.9387
468.2928	0.990774	0.999524	0.012053	0.018109	41.1210	44.2849	89.3030	88.9620
467.7935	0.991051	0.999629	0.011936	0.017688	41.1800	44.4068	89.3100	88.9863
467.2941	0.991319	0.999717	0.011852	0.017251	41.2380	44.5301	89.3150	89.0114
466.7945	0.991660	0.999786	0.011701	0.016792	41.3130	44.6545	89.3240	89.0378
466.2949	0.991929	0.999838	0.011513	0.016309	41.3730	44.7801	89.3350	89.0655
465.7951	0.992239	0.999870	0.011188	0.015770	41.4430	44.9044	89.3540	89.0964
465.2952	0.992484	0.999885	0.010757	0.015159	41.4990	44.9736	89.3790	89.1314
464.7952	0.992782	0.999881	0.010414	0.014532	41.5690	44.8501	89.3990	89.1673
464.2951	0.993062	0.999857	0.010140	0.013889	41.6360	44.7251	89.4150	89.2041
463.7949	0.993393	0.999814	0.009779	0.013231	41.7170	44.5985	89.4360	89.2418
463.2946	0.993639	0.999750	0.009296	0.012556	41.7780	44.4704	89.4640	89.2805
462.7941	0.993944	0.999665	0.008882	0.011866	41.8560	44.3404	89.4880	89.3199
462.2935	0.994248	0.999556	0.008694	0.011161	41.9360	44.2085	89.4990	89.3603
461.7928	0.994541	0.999424	0.008367	0.010440	42.0150	44.0747	89.5180	89.4015
461.2921	0.994799	0.999267	0.007987	0.009703	42.0860	43.9390	89.5400	89.4436
460.7911	0.995070	0.999085	0.007763	0.008948	42.1630	43.8015	89.5530	89.4868
460.2901	0.995344	0.998876	0.007540	0.008175	42.2430	43.6622	89.5660	89.5311
459.7889	0.995615	0.998640	0.007142	0.007381	42.3240	43.5210	89.5890	89.5765
459.2877	0.995893	0.998375	0.006779	0.006564	42.4100	43.3777	89.6100	89.6233
458.7863	0.996168	0.998080	0.006364	0.005718	42.4980	43.2321	89.6340	89.6718
458.2848	0.996421	0.997753	0.006104	0.004837	42.5820	43.0841	89.6490	89.7223
457.7832	0.996681	0.997393	0.005636	0.003935	42.6710	42.9340	89.6760	89.7739
457.2815	0.996969	0.996999	0.005185	0.003013	42.7740	42.7818	89.7020	89.8268
456.7796	0.997226	0.996571	0.004647	0.002070	42.8700	42.6275	89.7330	89.8810
456.2777	0.997492	0.996106	0.004196	0.001106	42.9740	42.4711	89.7590	89.9364
455.7756	0.997746	0.995602	0.003744	0.000108	43.0790	42.3122	89.7850	89.9938
455.2734	0.998000	0.995058	0.003205	-0.000928	43.1900	42.1508	89.8160	90.0534
454.7711	0.998215	0.994472	0.002910	-0.001990	43.2900	41.9869	89.8330	90.1147
454.2687	0.998445	0.993843	0.002597	-0.003079	43.4040	41.8207	89.8510	90.1775
453.7662	0.998614	0.993170	0.002196	-0.004191	43.4930	41.6520	89.8740	90.2418
453.2635	0.998777	0.992450	0.001761	-0.005326	43.5840	41.4808	89.8990	90.3075
452.7608	0.998923	0.991673	0.001342	-0.006489	43.6710	41.3052	89.9230	90.3749
452.2579	0.999063	0.990836	0.000907	-0.007682	43.7600	41.1249	89.9480	90.4442
451.7549	0.999190	0.989934	0.000453	-0.008905	43.8470	40.9399	89.9740	90.5154
451.2518	0.999308	0.988964	0.000017	-0.010161	43.9340	40.7500	89.9990	90.5887
450.7485	0.999416	0.987932	-0.000454	-0.011446	44.0210	40.5571	90.0260	90.6638
450.2452	0.999514	0.986837	-0.000907	-0.012759	44.1070	40.3613	90.0520	90.7408
449.7417	0.999602	0.985681	-0.001378	-0.014107	44.1930	40.1633	90.0790	90.8200
449.2382	0.999679	0.984462	-0.001849	-0.015489	44.2760	39.9632	90.1060	90.9014
448.7345	0.999749	0.983197	-0.002338	-0.016921	44.3610	39.7639	90.1340	90.9860
448.2307	0.999808	0.981886	-0.002809	-0.018401	44.4450	39.5651	90.1610	91.0736
447.7267	0.999859	0.980502	-0.003316	-0.019907	44.5280	39.3631	90.1900	91.1631
447.2227	0.999900	0.979043	-0.003804	-0.021440	44.6100	39.1578	90.2180	91.2545
446.7186	0.999933	0.977507	-0.004311	-0.022999	44.6930	38.9492	90.2470	91.3478
446.2143	0.999957	0.975889	-0.004834	-0.024585	44.7740	38.7372	90.2770	91.4431
445.7099	0.999973	0.974145	-0.005358	-0.026198	44.8550	38.5163	90.3070	91.5405
445.2054	0.999980	0.972278	-0.005882	-0.027839	44.9350	38.2877	90.3370	91.6401
444.7008	0.999979	0.970312	-0.006405	-0.029511	45.0150	38.0553	90.3670	91.7420
444.1960	0.999970	0.968243	-0.006946	-0.031212	45.0940	37.8188	90.3980	91.8463
443.6912	0.999954	0.966068	-0.007505	-0.032943	45.1730	37.5783	90.4300	91.9531
443.1862	0.999929	0.963781	-0.008046	-0.034704	45.2510	37.3335	90.4610	92.0622
442.6812	0.999897	0.961401	-0.008604	-0.036538	45.3280	37.0871	90.4930	92.1765
442.1759	0.999857	0.958915	-0.009179	-0.038427	45.4060	36.8377	90.5260	92.2948
441.6706	0.999811	0.956313	-0.009755	-0.040356	45.4820	36.5847	90.5590	92.4164
441.1652	0.999757	0.953588	-0.010330	-0.042320	45.5580	36.3275	90.5920	92.5411
440.6596	0.999696	0.950730	-0.010923	-0.044313	45.6330	36.0657	90.6260	92.6686
440.1540	0.999627	0.947736	-0.011515	-0.046334	45.7090	35.7992	90.6600	92.7989
