Source : SiO2_2mm_muestra2.M1.12h 02mn 31s.spe
Spectrum : 1

Wavelength	Psi	Delta

999.7925	0.901	27.769
999.4089	0.901	27.769
999.0253	0.921	27.232
998.6415	0.938	26.807
998.2578	0.948	26.561
997.8739	0.950	26.510
997.4900	0.939	26.774
997.1060	0.912	27.481
996.7219	0.862	28.871
996.3377	0.781	31.573
995.9535	0.662	36.902
995.5692	0.518	48.990
995.1848	0.391	81.993
994.8003	0.568	136.052
994.4158	1.368	161.852
994.0311	0.903	90.000
993.6464	84.669	90.000
993.2617	89.596	90.000
992.8768	89.860	90.000
992.4919	45.000	90.000
992.1069	45.000	90.000
991.7218	45.000	90.000
991.3367	45.000	90.000
990.9514	31.675	50.253
990.5661	56.274	196.046
990.1807	46.534	186.346
989.7953	28.325	128.743
989.4097	4.780	215.184
989.0241	11.635	23.547
988.6384	26.739	14.668
988.2526	4.397	36.656
987.8668	54.832	185.607
987.4809	47.289	281.797
987.0949	79.077	275.227
986.7088	51.094	269.536
986.3226	49.503	278.144
985.9364	65.432	280.916
985.5501	88.638	175.943
985.1638	75.527	255.833
984.7773	74.122	257.053
984.3907	66.231	248.965
984.0041	71.013	263.932
983.6174	74.201	25.220
983.2307	49.344	63.067
982.8438	34.425	93.214
982.4569	53.405	14.066
982.0699	74.590	285.659
981.6828	66.507	238.295
981.2957	62.030	256.134
980.9084	66.756	258.498
980.5211	76.584	259.919
980.1337	79.317	282.344
979.7463	69.836	45.447
979.3587	57.684	18.818
978.9711	43.890	45.575
978.5834	46.732	57.473
978.1956	35.163	65.244
977.8077	26.430	65.372
977.4199	19.690	51.580
977.0319	26.139	57.657
976.6437	26.260	55.118
976.2556	15.767	38.188
975.8674	30.020	359.204
975.4790	38.278	328.059
975.0906	31.711	211.669
974.7021	52.670	292.060
974.3136	43.952	293.011
973.9250	51.647	284.267
973.5363	59.139	276.211
973.1475	80.736	286.352
972.7586	79.377	285.812
972.3697	86.386	56.214
971.9807	87.436	45.216
971.5916	84.843	309.116
971.2024	85.021	298.670
970.8131	87.321	301.188
970.4238	87.015	271.432
970.0344	71.813	341.309
969.6449	79.884	239.200
969.2553	62.579	203.047
968.8657	53.139	196.913
968.4760	50.101	192.062
968.0861	49.682	192.587
967.6962	49.861	195.323
967.3063	53.004	202.318
966.9163	54.809	207.482
966.5261	60.285	234.078
966.1359	59.628	304.801
965.7457	57.470	220.579
965.3553	52.846	179.367
964.9649	48.041	147.877
964.5743	47.102	131.175
964.1838	44.412	123.295
963.7931	56.384	121.113
963.4023	74.252	93.044
963.0115	73.951	307.642
962.6207	68.956	238.015
962.2297	51.431	233.180
961.8386	37.569	221.395
961.4474	36.813	196.808
961.0562	33.226	192.984
960.6649	32.725	186.612
960.2736	30.410	170.974
959.8821	28.428	198.714
959.4905	32.717	277.822
959.0989	50.686	318.310
958.7073	68.838	307.757
958.3155	55.708	285.933
957.9236	52.149	280.840
957.5317	50.083	279.412
957.1396	30.181	275.812
956.7476	19.046	285.159
956.3554	4.790	305.131
955.9632	20.208	337.907
955.5709	12.188	286.428
955.1784	14.423	214.946
954.7859	26.560	191.441
954.3934	35.296	190.798
954.0007	41.899	187.354
953.6080	41.625	204.311
953.2152	50.173	229.070
952.8223	52.400	215.124
952.4293	52.174	215.403
952.0363	55.740	286.289
951.6432	33.293	237.428
951.2499	33.989	221.087
950.8567	24.328	258.081
950.4633	27.236	172.673
950.0699	61.541	101.989
949.6763	65.966	89.874
949.2827	21.300	263.854
948.8890	23.203	271.404
948.4953	65.255	91.237
948.1014	62.434	92.184
947.7075	61.012	85.466
947.3135	19.613	80.318
946.9194	23.036	269.955
946.5253	24.169	235.078
946.1310	18.246	324.770
945.7367	17.600	239.494
945.3423	29.985	230.822
944.9478	34.948	221.619
944.5532	33.005	218.609
944.1586	31.037	215.831
943.7639	30.431	220.236
943.3691	27.790	218.627
942.9742	37.095	211.540
942.5792	49.985	200.247
942.1841	9.757	327.452
941.7890	17.905	198.410
941.3938	17.217	204.563
940.9985	13.045	169.149
940.6031	18.690	190.318
940.2077	22.473	192.242
939.8122	22.828	202.625
939.4166	18.116	214.146
939.0209	21.970	209.332
938.6251	22.363	214.498
938.2292	20.772	214.760
937.8333	20.313	239.917
937.4373	26.906	267.351
937.0412	25.791	290.157
936.6450	20.331	245.141
936.2487	19.445	247.194
935.8524	19.994	254.809
935.4560	23.664	245.591
935.0594	18.987	228.146
934.6629	12.327	222.250
934.2662	9.874	166.596
933.8694	72.486	214.065
933.4727	7.686	268.311
933.0757	7.332	270.740
932.6787	2.599	247.731
932.2817	1.085	80.924
931.8845	2.733	21.088
931.4873	76.353	195.978
931.0900	13.481	177.291
930.6926	74.874	323.357
930.2951	2.801	195.058
929.8975	8.038	271.695
929.4999	9.296	281.540
929.1022	8.781	291.657
928.7043	9.708	295.361
928.3065	9.090	297.476
927.9085	8.729	301.229
927.5104	8.283	308.645
927.1123	7.844	343.154
926.7141	15.442	258.828
926.3158	9.045	13.345
925.9174	16.060	251.648
925.5190	19.015	263.235
925.1204	12.883	267.392
924.7218	20.585	273.095
924.3231	18.446	263.781
923.9243	16.871	262.106
923.5255	15.358	259.191
923.1265	12.155	232.493
922.7275	15.472	266.110
922.3283	16.228	295.235
921.9291	18.393	290.942
921.5298	18.386	299.371
921.1305	18.015	294.120
920.7311	18.726	300.544
920.3315	18.245	290.948
919.9319	16.498	273.922
919.5322	14.564	254.211
919.1324	13.213	230.720
918.7326	13.498	246.929
918.3326	8.135	187.890
917.9326	13.530	260.395
917.5325	58.037	122.434
917.1323	78.794	130.988
916.7321	57.685	123.429
916.3317	11.534	83.332
915.9313	7.970	60.354
915.5308	7.047	44.756
915.1302	6.113	29.590
914.7295	6.220	12.669
914.3287	82.076	175.459
913.9279	6.813	9.252
913.5270	75.873	194.525
913.1259	2.882	329.127
912.7249	4.935	326.671
912.3237	5.049	315.774
911.9224	5.055	340.335
911.5211	4.310	319.794
911.1196	8.596	42.408
910.7181	18.367	226.488
910.3165	39.430	64.322
909.9149	42.345	90.806
909.5131	45.936	47.763
909.1113	47.948	20.947
908.7093	46.727	6.765
908.3073	45.930	357.984
907.9052	44.694	354.138
907.5031	52.898	351.494
907.1008	35.917	355.882
906.6984	21.006	7.639
906.2960	11.989	43.608
905.8935	13.575	90.281
905.4909	11.784	51.006
905.0883	10.804	50.522
904.6855	6.689	67.879
904.2826	2.009	336.262
903.8797	32.436	249.989
903.4767	12.610	153.824
903.0736	32.381	158.879
902.6704	27.217	156.854
902.2672	22.926	162.082
901.8638	19.532	166.492
901.4604	17.824	159.624
901.0569	32.295	316.948
900.6533	22.083	176.928
900.2496	2.997	208.855
899.8458	5.578	356.116
899.4420	74.133	173.732
899.0380	70.728	175.365
898.6340	69.695	176.412
898.2299	65.376	174.939
897.8257	77.512	178.128
897.4214	3.865	163.845
897.0171	14.278	171.698
896.6127	22.696	172.746
896.2081	18.174	173.072
895.8035	18.742	170.435
895.3989	16.933	167.215
894.9941	15.040	164.004
894.5892	9.644	156.318
894.1843	2.573	49.943
893.7792	6.897	148.358
893.3741	4.090	144.579
892.9689	2.019	8.169
892.5637	6.493	338.279
892.1583	9.243	335.492
891.7528	6.629	335.596
891.3473	6.972	326.037
890.9417	5.803	318.077
890.5359	3.050	303.375
890.1302	2.933	252.431
889.7243	5.894	213.821
889.3184	7.671	321.845
888.9123	8.268	356.969
888.5062	6.906	358.505
888.1000	6.126	117.063
887.6937	6.630	115.187
887.2873	7.145	117.110
886.8808	8.028	120.275
886.4743	5.596	128.957
886.0676	7.923	135.623
885.6609	9.468	140.146
885.2541	8.513	129.116
884.8472	8.531	123.952
884.4402	8.960	116.779
884.0332	11.617	120.178
883.6260	11.172	116.571
883.2188	14.484	113.487
882.8115	12.944	90.107
882.4041	4.705	134.171
881.9966	5.489	184.004
881.5890	6.439	217.064
881.1813	9.395	234.613
880.7736	22.927	243.641
880.3658	36.684	208.350
879.9579	48.931	256.887
879.5499	41.808	149.347
879.1418	39.334	119.355
878.7336	35.072	113.154
878.3253	35.389	113.532
877.9170	35.293	112.673
877.5085	35.137	112.112
877.1000	34.453	112.784
876.6915	32.539	114.754
876.2828	31.920	139.497
875.8740	43.058	266.742
875.4651	14.965	144.478
875.0562	11.665	172.195
874.6472	9.071	289.335
874.2380	45.279	323.901
873.8289	63.943	275.350
873.4196	72.100	250.505
873.0102	62.641	226.653
872.6007	37.604	190.966
872.1912	15.380	112.220
871.7816	11.412	109.296
871.3718	11.829	104.217
870.9620	12.150	111.692
870.5521	10.776	122.972
870.1422	10.730	122.303
869.7321	14.667	111.565
869.3219	17.502	106.246
868.9117	19.381	100.277
868.5013	19.354	96.986
868.0909	19.774	94.536
867.6805	20.749	95.067
867.2699	21.932	94.470
866.8592	22.172	92.863
866.4485	20.131	90.246
866.0376	20.628	86.646
865.6267	20.060	89.372
865.2157	19.637	90.777
864.8046	21.013	91.657
864.3934	20.801	92.873
863.9821	22.780	96.111
863.5707	20.754	94.355
863.1593	16.749	93.278
862.7477	17.236	88.877
862.3361	16.906	85.068
861.9244	18.340	82.464
861.5126	18.139	84.854
861.1008	15.776	85.799
860.6888	14.977	86.930
860.2767	15.061	85.368
859.8646	17.208	85.226
859.4523	15.108	84.964
859.0400	16.145	84.361
858.6276	16.115	83.995
858.2151	18.861	83.744
857.8026	24.291	85.410
857.3899	26.477	85.600
856.9771	27.313	85.437
856.5643	27.713	84.711
856.1514	29.659	84.541
855.7383	30.261	84.304
855.3253	31.586	84.285
854.9120	31.355	83.826
854.4988	29.153	82.431
854.0854	29.350	82.251
853.6719	29.847	82.555
853.2584	28.283	81.720
852.8448	28.178	81.222
852.4311	27.852	80.228
852.0173	30.119	80.701
851.6034	30.204	79.687
851.1894	31.163	79.638
850.7753	31.844	80.288
850.3612	30.331	78.644
849.9470	31.318	78.691
849.5326	32.913	79.434
849.1182	34.056	79.594
848.7037	34.474	79.295
848.2891	33.712	78.973
847.8744	33.971	78.243
847.4597	34.132	78.136
847.0448	34.284	77.619
846.6298	34.391	77.349
846.2148	34.441	77.115
845.7997	34.532	76.846
845.3845	34.819	76.779
844.9692	35.305	76.610
844.5538	36.203	76.358
844.1383	36.052	76.149
843.7227	35.901	76.191
843.3071	36.095	76.025
842.8914	36.496	75.946
842.4755	36.701	75.886
842.0596	37.393	76.088
841.6436	37.687	76.080
841.2275	37.680	76.002
840.8113	38.291	76.020
840.3951	38.952	75.861
839.9787	39.709	75.963
839.5623	39.999	75.724
839.1457	41.147	75.642
838.7291	42.012	75.615
838.3124	42.553	75.583
837.8956	42.976	75.440
837.4787	43.269	75.374
837.0617	43.841	75.292
836.6447	44.152	75.372
836.2275	44.665	75.253
835.8102	45.327	75.282
835.3929	46.101	75.320
834.9755	46.870	75.372
834.5579	47.391	75.410
834.1403	48.052	75.476
833.7227	48.725	75.501
833.3049	49.457	75.561
832.8870	50.167	75.498
832.4691	50.995	75.600
832.0510	51.692	75.629
831.6329	52.498	75.713
831.2146	53.407	75.764
830.7963	54.075	75.880
830.3779	54.878	75.902
829.9594	55.673	75.983
829.5408	56.553	76.016
829.1221	57.480	76.133
828.7034	58.396	76.146
828.2845	59.281	76.342
827.8656	60.157	76.403
827.4465	60.998	76.597
827.0275	62.005	76.558
826.6082	62.954	76.668
826.1889	63.873	76.663
825.7695	64.906	76.775
825.3500	65.983	76.836
824.9305	66.935	76.912
824.5108	67.993	76.789
824.0911	68.934	76.801
823.6713	70.035	76.678
823.2513	70.948	76.708
822.8313	71.944	76.625
822.4112	72.939	76.382
821.9910	73.966	76.061
821.5707	75.055	75.675
821.1503	76.070	75.287
820.7299	77.019	74.706
820.3093	78.158	73.824
819.8886	79.273	72.886
819.4679	80.446	71.436
819.0471	81.631	69.411
818.6262	82.828	66.675
818.2051	84.063	62.282
817.7841	85.206	56.057
817.3629	86.344	45.569
816.9416	87.223	27.014
816.5202	87.569	354.365
816.0988	87.057	323.365
815.6772	86.127	306.978
815.2556	84.929	296.612
814.8338	83.718	290.910
814.4120	82.386	287.200
813.9901	81.180	284.752
813.5681	79.995	282.852
813.1460	78.598	281.281
812.7238	77.255	280.005
812.3015	75.880	279.320
811.8792	74.561	278.500
811.4567	73.267	277.938
811.0341	72.114	277.578
810.6115	70.820	277.197
810.1888	69.559	276.945
809.7659	68.343	276.730
809.3430	67.063	276.579
808.9200	65.887	276.517
808.4969	64.731	276.467
808.0737	63.581	276.422
807.6505	62.391	276.405
807.2271	61.255	276.392
806.8036	60.166	276.449
806.3801	59.091	276.455
805.9564	57.997	276.529
805.5327	56.931	276.587
805.1089	55.920	276.634
804.6850	54.957	276.714
804.2610	54.069	276.797
803.8369	53.190	276.891
803.4127	52.323	277.027
802.9884	51.458	277.140
802.5640	50.600	277.257
802.1396	49.862	277.360
801.7150	49.045	277.483
801.2903	48.230	277.571
800.8657	47.461	277.680
800.4408	46.726	277.762
800.0159	46.040	277.862
799.5909	45.325	277.965
799.1658	44.684	278.083
798.7406	44.042	278.183
798.3153	43.370	278.285
797.8899	42.847	278.337
797.4644	42.253	278.407
797.0389	41.703	278.467
796.6132	41.147	278.527
796.1875	40.621	278.530
795.7617	40.129	278.571
795.3357	39.553	278.589
794.9097	38.909	278.588
794.4836	38.374	278.563
794.0574	37.852	278.570
793.6310	37.373	278.566
793.2047	36.845	278.486
792.7782	36.487	278.427
792.3516	36.071	278.395
791.9249	35.624	278.340
791.4982	35.156	278.263
791.0714	34.674	278.184
790.6444	34.270	278.084
790.2173	33.839	277.959
789.7902	33.414	277.847
789.3630	33.019	277.720
788.9357	32.655	277.590
788.5083	32.343	277.432
788.0807	32.000	277.293
787.6532	31.598	277.126
787.2255	31.228	276.961
786.7977	30.874	276.740
786.3699	30.559	276.541
785.9419	30.227	276.337
785.5139	29.896	276.106
785.0857	29.547	275.874
784.6575	29.243	275.610
784.2291	28.931	275.381
783.8007	28.615	275.124
783.3722	28.319	274.851
782.9435	28.021	274.554
782.5148	27.716	274.261
782.0861	27.408	273.989
781.6572	27.116	273.696
781.2282	26.787	273.377
780.7991	26.497	273.054
780.3699	26.191	272.728
779.9407	25.879	272.372
779.5113	25.573	271.989
779.0818	25.286	271.586
778.6523	25.007	271.164
778.2227	24.720	270.738
777.7930	24.427	270.303
777.3632	24.129	269.875
776.9332	23.839	269.424
776.5032	23.543	268.934
776.0731	23.249	268.459
775.6429	22.965	267.959
775.2126	22.680	267.437
774.7822	22.401	266.902
774.3517	22.099	266.389
773.9212	21.807	265.837
773.4905	21.519	265.290
773.0598	21.225	264.701
772.6289	20.941	264.083
772.1980	20.662	263.443
771.7669	20.364	262.798
771.3358	20.064	262.143
770.9046	19.764	261.464
770.4733	19.472	260.759
770.0419	19.177	260.052
769.6104	18.883	259.327
769.1787	18.581	258.588
768.7471	18.284	257.831
768.3152	18.006	257.070
767.8834	17.716	256.214
767.4514	17.436	255.359
767.0193	17.135	254.464
766.5872	16.846	253.560
766.1549	16.548	252.579
765.7225	16.246	251.612
765.2901	15.959	250.598
764.8575	15.659	249.577
764.4249	15.363	248.519
763.9922	15.075	247.456
763.5593	14.801	246.341
763.1264	14.512	245.169
762.6934	14.220	243.921
762.2603	13.931	242.655
761.8271	13.647	241.332
761.3938	13.375	239.979
760.9604	13.102	238.551
760.5269	12.819	237.092
760.0933	12.548	235.601
759.6597	12.284	234.046
759.2259	12.015	232.420
758.7921	11.747	230.771
758.3581	11.492	228.981
757.9240	11.237	227.072
757.4899	10.989	225.157
757.0556	10.741	223.170
756.6213	10.515	221.094
756.1868	10.295	218.911
755.7523	10.077	216.700
755.3177	9.868	214.368
754.8830	9.665	211.895
754.4482	9.485	209.398
754.0132	9.307	206.750
753.5782	9.145	204.030
753.1431	8.999	201.220
752.7079	8.864	198.307
752.2726	8.756	195.280
751.8373	8.657	192.194
751.4018	8.584	189.126
750.9662	8.525	186.037
750.5306	8.491	182.868
750.0948	8.472	179.584
749.6589	8.474	176.272
749.2230	8.493	172.978
748.7869	8.531	169.799
748.3508	8.594	166.642
747.9146	8.670	163.572
747.4782	8.770	160.468
747.0417	8.885	157.407
746.6052	9.020	154.398
746.1686	9.175	151.578
745.7319	9.338	148.853
745.2950	9.518	146.131
744.8582	9.718	143.531
744.4211	9.928	140.969
743.9841	10.145	138.576
743.5468	10.381	136.248
743.1096	10.622	134.012
742.6722	10.878	131.857
742.2347	11.134	129.780
741.7971	11.408	127.759
741.3594	11.684	125.830
740.9216	11.971	123.958
740.4838	12.261	122.159
740.0458	12.554	120.494
739.6077	12.843	118.899
739.1696	13.145	117.385
738.7313	13.445	115.883
738.2930	13.756	114.424
737.8545	14.066	113.013
737.4160	14.382	111.652
736.9773	14.703	110.321
736.5386	15.020	109.067
736.0997	15.340	107.846
735.6608	15.659	106.686
735.2218	15.976	105.553
734.7827	16.299	104.464
734.3434	16.633	103.387
733.9041	16.966	102.342
733.4647	17.295	101.313
733.0252	17.632	100.325
732.5856	17.973	99.388
732.1459	18.300	98.465
731.7061	18.636	97.563
731.2662	18.974	96.699
730.8262	19.313	95.868
730.3861	19.645	95.068
729.9459	19.986	94.269
729.5057	20.328	93.483
729.0653	20.659	92.714
728.6248	20.987	91.974
728.1843	21.322	91.252
727.7436	21.659	90.557
727.3028	21.997	89.889
726.8619	22.320	89.221
726.4210	22.652	88.582
725.9799	22.977	87.966
725.5388	23.326	87.350
725.0975	23.661	86.760
724.6561	24.003	86.181
724.2147	24.333	85.628
723.7732	24.674	85.076
723.3315	25.007	84.549
722.8898	25.344	84.028
722.4479	25.701	83.546
722.0060	26.054	83.070
721.5640	26.409	82.605
721.1218	26.753	82.166
720.6796	27.095	81.746
720.2373	27.467	81.336
719.7949	27.844	80.957
719.3524	28.215	80.593
718.9097	28.595	80.221
718.4670	28.936	79.858
718.0242	29.327	79.541
717.5813	29.758	79.235
717.1383	30.190	78.945
716.6952	30.613	78.637
716.2520	30.989	78.338
715.8087	31.368	78.024
715.3653	31.792	77.785
714.9218	32.208	77.564
714.4782	32.672	77.318
714.0345	33.154	77.181
713.5907	33.657	77.051
713.1469	34.136	76.962
712.7028	34.598	76.832
712.2588	35.057	76.738
711.8146	35.547	76.660
711.3703	36.055	76.546
710.9259	36.594	76.529
710.4814	37.110	76.492
710.0369	37.723	76.476
709.5922	38.339	76.534
709.1474	38.958	76.627
708.7026	39.556	76.750
708.2576	40.161	76.847
707.8125	40.809	77.004
707.3674	41.531	77.136
706.9221	42.248	77.281
706.4767	42.948	77.475
706.0313	43.718	77.650
705.5857	44.599	77.897
705.1401	45.464	78.133
704.6943	46.329	78.359
704.2484	47.224	78.616
703.8025	48.180	78.835
703.3564	49.219	79.086
702.9103	50.310	79.297
702.4641	51.440	79.516
702.0177	52.639	79.747
701.5712	53.875	79.995
701.1247	55.155	80.244
700.6780	56.465	80.426
700.2313	57.801	80.599
699.7844	59.228	80.737
699.3375	60.771	80.806
698.8904	62.315	80.866
698.4433	63.923	80.884
697.9961	65.592	80.843
697.5488	67.327	80.758
697.1013	69.117	80.578
696.6537	70.995	80.263
696.2061	72.958	79.764
695.7584	74.950	79.073
695.3105	77.066	77.974
694.8626	79.247	76.286
694.4146	81.424	73.576
693.9664	83.558	68.924
693.5182	85.638	59.257
693.0699	87.406	34.353
692.6215	87.754	337.181
692.1729	86.228	302.118
691.7243	84.157	289.585
691.2756	82.023	283.964
690.8267	79.826	280.792
690.3778	77.682	278.845
689.9288	75.563	277.560
689.4797	73.462	276.671
689.0304	71.420	276.042
688.5811	69.426	275.577
688.1317	67.518	275.250
687.6821	65.664	275.017
687.2325	63.861	274.869
686.7828	62.153	274.768
686.3329	60.465	274.708
685.8830	58.864	274.674
685.4330	57.368	274.700
684.9828	55.902	274.734
684.5327	54.511	274.787
684.0823	53.179	274.875
683.6319	51.962	274.996
683.1813	50.778	275.137
682.7307	49.613	275.299
682.2800	48.548	275.458
681.8292	47.520	275.621
681.3782	46.498	275.791
680.9272	45.548	275.976
680.4761	44.596	276.129
680.0248	43.725	276.281
679.5735	42.909	276.438
679.1221	42.079	276.594
678.6705	41.244	276.730
678.2189	40.446	276.861
677.7672	39.730	276.979
677.3154	39.022	277.089
676.8634	38.330	277.195
676.4114	37.673	277.273
675.9592	37.058	277.320
675.5070	36.464	277.349
675.0547	35.887	277.352
674.6022	35.255	277.324
674.1497	34.681	277.268
673.6971	34.119	277.176
673.2443	33.606	277.049
672.7915	33.089	276.912
672.3386	32.586	276.728
671.8855	32.083	276.513
671.4324	31.601	276.268
670.9791	31.122	275.984
670.5258	30.675	275.661
670.0723	30.196	275.323
669.6188	29.743	274.957
669.1651	29.304	274.561
668.7114	28.856	274.148
668.2575	28.387	273.714
667.8035	27.951	273.239
667.3495	27.515	272.729
666.8953	27.066	272.198
666.4411	26.632	271.631
665.9868	26.204	271.039
665.5323	25.779	270.408
665.0777	25.347	269.753
664.6230	24.914	269.067
664.1683	24.488	268.358
663.7134	24.052	267.619
663.2584	23.626	266.845
662.8034	23.201	266.038
662.3482	22.775	265.204
661.8929	22.343	264.337
661.4376	21.911	263.430
660.9821	21.486	262.491
660.5265	21.051	261.517
660.0708	20.620	260.506
659.6151	20.190	259.449
659.1592	19.753	258.355
658.7032	19.314	257.204
658.2471	18.874	256.021
657.7909	18.427	254.784
657.3346	17.986	253.504
656.8782	17.540	252.155
656.4218	17.099	250.739
655.9651	16.655	249.272
655.5084	16.219	247.731
655.0516	15.782	246.105
654.5947	15.343	244.408
654.1377	14.923	242.646
653.6806	14.504	240.787
653.2234	14.081	238.822
652.7661	13.674	236.764
652.3087	13.271	234.586
651.8511	12.874	232.286
651.3936	12.487	229.855
650.9358	12.114	227.309
650.4780	11.749	224.604
650.0201	11.399	221.737
649.5620	11.064	218.714
649.1039	10.749	215.533
648.6457	10.455	212.172
648.1873	10.187	208.653
647.7289	9.943	204.949
647.2703	9.729	201.086
646.8117	9.545	197.074
646.3530	9.399	192.935
645.8941	9.288	188.686
645.4351	9.216	184.360
644.9761	9.179	179.923
644.5169	9.183	175.507
644.0577	9.219	171.113
643.5983	9.294	166.757
643.1389	9.419	162.493
642.6793	9.575	158.362
642.2196	9.765	154.338
641.7598	9.991	150.451
641.2999	10.243	146.718
640.8400	10.524	143.160
640.3799	10.842	139.795
639.9197	11.169	136.582
639.4594	11.525	133.531
638.9990	11.902	130.631
638.5385	12.296	127.867
638.0779	12.706	125.274
637.6172	13.118	122.806
637.1564	13.545	120.494
636.6954	13.980	118.293
636.2344	14.422	116.201
635.7733	14.874	114.223
635.3121	15.330	112.350
634.8508	15.791	110.525
634.3893	16.249	108.833
633.9278	16.718	107.179
633.4662	17.191	105.606
633.0044	17.662	104.112
632.5425	18.148	102.698
632.0806	18.624	101.325
631.6186	19.098	100.029
631.1564	19.565	98.773
630.6942	20.034	97.548
630.2318	20.495	96.357
629.7693	20.965	95.218
629.3068	21.451	94.096
628.8441	21.923	93.043
628.3813	22.409	92.015
627.9184	22.872	91.020
627.4554	23.360	90.084
626.9923	23.846	89.164
626.5291	24.307	88.285
626.0658	24.773	87.434
625.6024	25.232	86.622
625.1389	25.745	85.879
624.6753	26.240	85.152
624.2115	26.741	84.455
623.7477	27.195	83.778
623.2838	27.665	83.143
622.8198	28.132	82.517
622.3557	28.596	81.935
621.8914	29.073	81.383
621.4271	29.565	80.895
620.9626	30.098	80.474
620.4980	30.712	80.146
620.0334	31.262	79.839
619.5687	31.862	79.588
619.1038	32.426	79.358
618.6388	33.013	79.228
618.1737	33.636	79.166
617.7086	34.300	79.116
617.2433	34.977	79.138
616.7779	35.672	79.196
616.3124	36.335	79.270
615.8468	37.033	79.379
615.3810	37.741	79.511
614.9153	38.478	79.622
614.4493	39.334	79.846
613.9833	40.196	80.085
613.5172	41.098	80.372
613.0510	42.107	80.573
612.5847	43.256	80.836
612.1182	44.481	81.003
611.6517	45.804	81.190
611.1850	47.163	81.362
610.7183	48.555	81.507
610.2514	50.055	81.579
609.7844	51.673	81.713
609.3173	53.253	81.895
608.8502	54.927	82.048
608.3829	56.815	82.121
607.9155	58.940	82.097
607.4480	60.927	82.053
606.9804	62.872	82.038
606.5127	64.896	81.882
606.0449	67.248	81.409
605.5770	70.015	80.633
605.1089	73.137	79.418
604.6408	76.138	77.718
604.1726	79.471	74.621
603.7042	82.598	69.060
603.2358	85.658	54.797
602.7673	87.460	19.867
602.2986	87.034	320.943
601.8298	84.814	295.752
601.3610	81.991	286.077
600.8920	79.347	281.908
600.4229	76.456	279.330
599.9537	73.416	277.688
599.4844	70.658	276.681
599.0150	67.956	275.979
598.5455	65.457	275.422
598.0759	63.147	275.075
597.6062	60.725	274.748
597.1364	58.515	274.514
596.6664	56.444	274.337
596.1964	54.626	274.234
595.7263	52.803	274.165
595.2560	51.029	274.107
594.7857	49.372	274.103
594.3152	47.809	274.120
593.8447	46.459	274.161
593.3740	45.058	274.214
592.9032	43.771	274.267
592.4323	42.583	274.310
591.9613	41.470	274.330
591.4902	40.430	274.380
591.0190	39.441	274.415
590.5477	38.471	274.426
590.0763	37.533	274.448
589.6048	36.648	274.445
589.1331	35.772	274.420
588.6614	34.989	274.377
588.1896	34.257	274.299
587.7176	33.549	274.201
587.2455	32.874	274.078
586.7734	32.169	273.924
586.3011	31.536	273.736
585.8287	30.894	273.502
585.3563	30.244	273.217
584.8837	29.606	272.857
584.4109	28.968	272.431
583.9382	28.373	271.935
583.4652	27.782	271.352
582.9922	27.204	270.698
582.5191	26.658	269.970
582.0458	26.148	269.174
581.5725	25.598	268.299
581.0991	25.025	267.367
580.6255	24.446	266.365
580.1519	23.875	265.293
579.6780	23.329	264.154
579.2042	22.758	262.957
578.7302	22.192	261.697
578.2561	21.624	260.391
577.7819	21.069	259.018
577.3076	20.529	257.578
576.8332	19.932	256.027
576.3586	19.339	254.395
575.8840	18.752	252.689
575.4093	18.173	250.918
574.9344	17.590	249.007
574.4595	17.001	246.978
573.9844	16.401	244.829
573.5092	15.820	242.550
573.0339	15.228	240.109
572.5586	14.653	237.513
572.0831	14.087	234.725
571.6075	13.515	231.693
571.1318	12.980	228.504
570.6559	12.451	225.069
570.1801	11.954	221.293
569.7040	11.472	217.138
569.2278	11.024	212.670
568.7516	10.633	207.881
568.2753	10.295	202.849
567.7988	10.020	197.405
567.3222	9.808	191.726
566.8455	9.676	185.890
566.3687	9.624	179.908
565.8918	9.653	173.925
565.4149	9.769	167.872
564.9377	9.962	162.017
564.4605	10.234	156.447
563.9832	10.569	151.215
563.5057	10.964	146.283
563.0282	11.426	141.595
562.5505	11.933	137.301
562.0728	12.480	133.365
561.5948	13.047	129.721
561.1169	13.636	126.328
560.6388	14.234	123.173
560.1606	14.825	120.309
559.6823	15.450	117.615
559.2039	16.087	115.126
558.7253	16.714	112.793
558.2467	17.349	110.600
557.7679	17.988	108.540
557.2891	18.646	106.583
556.8102	19.283	104.747
556.3311	19.935	102.988
555.8519	20.575	101.318
555.3726	21.206	99.751
554.8932	21.851	98.260
554.4137	22.490	96.857
553.9341	23.100	95.552
553.4543	23.711	94.345
552.9745	24.342	93.234
552.4946	24.951	92.214
552.0145	25.576	91.294
551.5344	26.197	90.456
551.0541	26.831	89.709
550.5737	27.461	89.044
550.0933	28.122	88.474
549.6127	28.772	87.979
549.1320	29.441	87.551
548.6511	30.124	87.189
548.1702	30.825	86.888
547.6891	31.503	86.629
547.2080	32.220	86.427
546.7267	32.970	86.259
546.2454	33.758	86.139
545.7639	34.574	86.047
545.2823	35.431	85.986
544.8007	36.286	85.940
544.3188	37.207	85.922
543.8369	38.167	85.912
543.3549	39.189	85.915
542.8728	40.258	85.925
542.3905	41.421	85.944
541.9082	42.683	85.967
541.4257	44.023	85.996
540.9431	45.481	86.019
540.4604	47.017	86.036
539.9777	48.667	86.039
539.4948	50.489	86.022
539.0118	52.492	85.986
538.5286	54.675	85.914
538.0454	57.054	85.792
537.5621	59.639	85.607
537.0786	62.540	85.325
536.5950	65.679	84.911
536.1114	69.070	84.278
535.6276	72.746	83.264
535.1437	76.705	81.499
534.6597	80.861	77.857
534.1756	85.071	67.600
533.6913	88.154	3.338
533.2070	85.257	292.410
532.7226	80.927	281.353
532.2380	76.650	277.587
531.7534	72.560	275.739
531.2686	68.696	274.659
530.7837	65.160	273.960
530.2987	61.903	273.477
529.8136	58.911	273.129
529.3284	56.214	272.860
528.8430	53.795	272.663
528.3576	51.617	272.483
527.8720	49.535	272.324
527.3864	47.655	272.172
526.9006	45.867	272.019
526.4147	44.212	271.865
525.9287	42.665	271.706
525.4426	41.241	271.535
524.9564	39.926	271.363
524.4700	38.723	271.173
523.9836	37.570	270.953
523.4971	36.509	270.706
523.0104	35.503	270.441
522.5236	34.562	270.148
522.0367	33.650	269.825
521.5497	32.788	269.475
521.0626	31.931	269.087
520.5754	31.102	268.657
520.0881	30.306	268.187
519.6006	29.542	267.665
519.1131	28.802	267.107
518.6254	28.074	266.489
518.1377	27.359	265.823
517.6498	26.674	265.094
517.1618	25.987	264.288
516.6737	25.312	263.410
516.1855	24.584	262.434
515.6971	23.884	261.376
515.2087	23.190	260.216
514.7202	22.473	258.919
514.2314	21.754	257.529
513.7427	21.004	255.989
513.2538	20.228	254.296
512.7648	19.443	252.433
512.2757	18.637	250.351
511.7864	17.824	248.097
511.2971	16.992	245.592
510.8076	16.181	242.920
510.3181	15.359	239.897
509.8284	14.556	236.572
509.3386	13.760	232.957
508.8488	12.992	228.862
508.3587	12.241	224.237
507.8686	11.552	219.000
507.3784	10.937	213.131
506.8880	10.404	206.534
506.3976	9.945	199.134
505.9070	9.623	191.317
505.4163	9.472	183.033
504.9255	9.480	174.642
504.4346	9.660	166.184
503.9436	10.007	158.263
503.4525	10.492	150.979
502.9612	11.112	144.350
502.4698	11.846	138.293
501.9784	12.633	133.039
501.4868	13.444	128.490
500.9951	14.304	124.525
500.5033	15.193	121.085
500.0114	16.107	117.899
499.5193	16.998	115.199
499.0272	17.906	112.728
498.5349	18.836	110.503
498.0426	19.769	108.519
497.5501	20.644	106.798
497.0575	21.508	105.296
496.5648	22.326	103.992
496.0720	23.155	102.850
495.5790	24.005	101.781
495.0860	24.781	100.853
494.5928	25.562	99.990
494.0995	26.426	99.109
493.6062	27.230	98.324
493.1127	27.946	97.621
492.6190	28.644	96.942
492.1253	29.325	96.303
491.6315	30.104	95.688
491.1375	31.012	95.071
490.6435	31.943	94.478
490.1493	32.865	93.933
489.6550	33.830	93.390
489.1606	34.800	92.876
488.6661	35.797	92.390
488.1714	36.756	91.949
487.6767	37.839	91.505
487.1818	38.945	91.093
486.6869	40.223	90.703
486.1918	41.571	90.327
485.6966	43.078	89.962
485.2013	44.817	89.624
484.7058	46.694	89.292
484.2103	48.863	88.979
483.7146	51.201	88.680
483.2189	53.742	88.355
482.7230	56.617	88.005
482.2270	59.859	87.578
481.7309	63.680	87.005
481.2346	67.970	86.178
480.7383	72.960	84.847
480.2419	78.615	82.124
479.7453	84.846	72.410
479.2486	87.683	310.996
478.7518	81.439	279.789
478.2549	75.376	275.355
477.7579	69.888	273.530
477.2608	64.919	272.495
476.7635	60.751	271.828
476.2662	57.031	271.291
475.7687	53.826	270.835
475.2711	51.041	270.409
474.7734	48.576	269.994
474.2756	46.400	269.567
473.7776	44.428	269.129
473.2796	42.570	268.662
472.7814	40.968	268.170
472.2831	39.483	267.643
471.7848	38.054	267.045
471.2863	36.799	266.437
470.7876	35.588	265.785
470.2889	34.483	265.089
469.7900	33.437	264.365
469.2911	32.445	263.586
468.7920	31.431	262.775
468.2928	30.519	261.963
467.7935	29.639	261.118
467.2941	28.771	260.277
466.7945	27.874	259.362
466.2949	26.992	258.440
465.7951	26.155	257.547
465.2952	25.327	256.587
464.7952	24.465	255.520
464.2951	23.568	254.345
463.7949	22.641	253.105
463.2946	21.725	251.749
462.7941	20.758	250.313
462.2935	19.807	248.792
461.7928	18.743	246.901
461.2921	17.661	244.777
460.7911	16.605	242.426
460.2901	15.535	239.025
459.7889	14.472	234.575
459.2877	13.485	228.928
458.7863	12.633	222.344
458.2848	11.945	214.661
457.7832	11.438	206.315
457.2815	11.147	197.247
456.7796	11.074	187.904
456.2777	11.244	178.608
455.7756	11.647	170.000
455.2734	12.198	162.019
454.7711	12.910	154.702
454.2687	13.733	148.202
453.7662	14.655	142.264
453.2635	15.678	136.945
452.7608	16.720	132.443
452.2579	17.745	128.686
451.7549	18.803	125.255
451.2518	19.910	122.216
450.7485	20.969	119.536
450.2452	21.925	117.240
449.7417	22.900	115.041
449.2382	23.809	113.036
448.7345	24.711	111.096
448.2307	25.686	109.182
447.7267	26.602	107.357
447.2227	27.493	105.599
446.7186	28.373	103.888
446.2143	29.247	102.217
445.7099	30.119	100.548
445.2054	31.035	98.847
444.7008	32.028	97.118
444.1960	33.104	95.354
443.6912	34.296	93.540
443.1862	35.530	91.729
442.6812	36.810	89.908
442.1759	38.134	88.073
441.6706	39.502	86.229
441.1652	40.903	84.370
440.6596	42.334	82.499
440.1540	43.788	80.603
439.6482	43.788	80.603

