Source : TiO2_SiO2_Si_muestra2.X1.14h 13mn 58s.spe
Spectrum : 1

Wavelength	Psi	Delta

999.7925	2.106	224.529
999.4089	2.106	224.529
999.0253	2.104	224.463
998.6415	2.102	224.410
998.2578	2.101	224.380
997.8739	2.101	224.374
997.4900	2.102	224.406
997.1060	2.105	224.493
996.7219	2.111	224.668
996.3377	2.124	225.018
995.9535	2.152	225.758
995.5692	2.236	227.817
995.1848	3.682	246.023
994.8003	88.168	34.888
994.4158	88.058	39.336
994.0311	45.000	270.000
993.6464	45.000	270.000
993.2617	45.000	270.000
992.8768	45.000	270.000
992.4919	45.000	270.000
992.1069	45.000	270.000
991.7218	45.000	270.000
991.3367	45.000	270.000
990.9514	25.421	42.986
990.5661	14.986	45.092
990.1807	14.443	60.112
989.7953	13.048	93.089
989.4097	12.928	71.860
989.0241	13.177	65.268
988.6384	23.920	66.313
988.2526	22.599	50.508
987.8668	27.066	45.529
987.4809	21.060	52.842
987.0949	20.048	56.156
986.7088	17.739	58.753
986.3226	16.474	72.388
985.9364	16.365	53.690
985.5501	16.270	52.114
985.1638	22.586	39.438
984.7773	28.437	36.709
984.3907	33.317	30.644
984.0041	27.241	32.834
983.6174	5.502	4.248
983.2307	12.251	214.158
982.8438	16.130	206.131
982.4569	13.608	185.233
982.0699	11.675	132.541
981.6828	39.834	60.948
981.2957	48.428	23.704
980.9084	49.498	48.033
980.5211	53.532	45.235
980.1337	52.722	75.006
979.7463	50.194	97.769
979.3587	52.423	99.749
978.9711	44.556	170.808
978.5834	44.343	181.427
978.1956	40.062	189.423
977.8077	36.451	195.204
977.4199	32.580	204.224
977.0319	24.196	171.466
976.6437	16.803	130.934
976.2556	17.885	128.143
975.8674	23.555	63.166
975.4790	37.162	50.729
975.0906	30.116	66.105
974.7021	35.436	63.531
974.3136	32.407	66.505
973.9250	37.065	64.123
973.5363	45.756	64.952
973.1475	58.310	70.356
972.7586	70.591	114.672
972.3697	76.820	139.994
971.9807	81.069	122.259
971.5916	83.850	86.526
971.2024	88.477	61.933
970.8131	63.468	88.639
970.4238	68.572	283.804
970.0344	58.110	219.686
969.6449	61.271	299.791
969.2553	53.508	330.684
968.8657	50.526	339.964
968.4760	49.475	342.619
968.0861	49.063	343.587
967.6962	48.996	343.785
967.3063	49.829	342.361
966.9163	51.263	335.342
966.5261	56.120	304.309
966.1359	52.784	219.232
965.7457	54.649	292.232
965.3553	53.603	292.232
964.9649	53.588	292.334
964.5743	57.322	319.132
964.1838	35.958	91.567
963.7931	60.889	288.023
963.4023	66.072	284.323
963.0115	71.931	320.015
962.6207	71.687	333.217
962.2297	41.563	59.691
961.8386	20.176	14.458
961.4474	19.529	291.682
961.0562	18.654	278.914
960.6649	21.455	274.362
960.2736	25.555	264.930
959.8821	16.265	301.469
959.4905	32.229	52.180
959.0989	50.990	67.231
958.7073	64.270	61.913
958.3155	54.716	66.546
957.9236	53.252	72.719
957.5317	49.919	74.327
957.1396	26.399	67.854
956.7476	13.309	56.107
956.3554	1.960	322.871
955.9632	14.730	103.806
955.5709	10.914	16.369
955.1784	17.876	329.432
954.7859	29.021	317.691
954.3934	39.371	321.484
954.0007	47.814	322.555
953.6080	50.204	338.134
953.2152	61.668	6.425
952.8223	64.005	3.453
952.4293	59.492	23.586
952.0363	52.321	69.153
951.6432	37.890	15.175
951.2499	38.799	12.884
950.8567	24.299	37.633
950.4633	22.355	349.634
950.0699	59.440	270.806
949.6763	74.189	251.164
949.2827	77.216	236.992
948.8890	72.016	241.391
948.4953	73.536	243.830
948.1014	71.085	244.753
947.7075	81.519	235.730
947.3135	20.250	58.981
946.9194	17.180	56.307
946.5253	79.606	233.634
946.1310	53.350	333.824
945.7367	39.677	155.766
945.3423	37.709	155.488
944.9478	37.563	155.371
944.5532	37.498	155.395
944.1586	37.469	155.358
943.7639	37.350	155.424
943.3691	37.506	155.539
942.9742	37.615	155.691
942.5792	38.563	157.387
942.1841	52.744	334.572
941.7890	46.315	125.186
941.3938	35.379	329.631
940.9985	34.688	316.713
940.6031	29.450	322.397
940.2077	21.040	316.592
939.8122	18.816	83.606
939.4166	28.355	111.389
939.0209	25.237	92.769
938.6251	32.865	87.065
938.2292	46.494	130.173
937.8333	41.054	70.286
937.4373	44.385	48.757
937.0412	43.310	18.499
936.6450	41.878	5.608
936.2487	43.904	1.984
935.8524	46.713	2.629
935.4560	54.242	0.985
935.0594	56.284	333.580
934.6629	6.428	33.422
934.2662	43.816	190.154
933.8694	72.118	347.658
933.4727	24.895	164.968
933.0757	27.593	165.391
932.6787	28.726	169.508
932.2817	29.613	175.761
931.8845	29.648	178.165
931.4873	30.195	182.584
931.0900	33.617	188.021
930.6926	30.521	56.049
930.2951	41.668	170.451
929.8975	64.987	81.596
929.4999	77.367	143.519
929.1022	51.414	60.440
928.7043	57.726	67.189
928.3065	60.849	67.178
927.9085	27.482	249.178
927.5104	25.838	249.992
927.1123	23.399	248.326
926.7141	25.706	262.092
926.3158	39.703	253.583
925.9174	73.812	41.620
925.5190	63.149	300.001
925.1204	51.635	283.007
924.7218	56.157	288.280
924.3231	52.029	300.574
923.9243	50.257	348.341
923.5255	44.662	43.920
923.1265	47.632	88.708
922.7275	41.664	45.189
922.3283	31.459	358.841
921.9291	31.374	354.119
921.5298	30.526	339.759
921.1305	30.449	342.048
920.7311	31.418	327.009
920.3315	29.490	345.859
919.9319	32.763	11.672
919.5322	36.255	39.426
919.1324	40.815	68.444
918.7326	35.070	44.289
918.3326	37.554	46.295
917.9326	31.210	36.907
917.5325	11.535	337.063
917.1323	15.315	344.314
916.7321	8.023	271.262
916.3317	19.042	116.179
915.9313	12.435	1.668
915.5308	23.778	332.154
915.1302	28.174	315.876
914.7295	31.170	312.495
914.3287	33.741	317.165
913.9279	32.961	313.861
913.5270	29.517	314.350
913.1259	22.595	329.790
912.7249	14.146	4.081
912.3237	21.243	99.532
911.9224	11.895	28.476
911.5211	31.796	69.582
911.1196	30.035	357.020
910.7181	25.233	218.119
910.3165	6.491	166.049
909.9149	21.552	81.772
909.5131	19.453	45.752
909.1113	30.558	359.019
908.7093	51.982	346.028
908.3073	66.259	354.201
907.9052	74.375	17.886
907.5031	87.017	43.138
907.1008	18.137	47.136
906.6984	3.997	59.524
906.2960	3.268	66.022
905.8935	3.683	70.861
905.4909	2.449	58.959
905.0883	2.127	49.798
904.6855	1.943	35.698
904.2826	2.150	14.187
903.8797	10.560	198.291
903.4767	88.953	50.317
903.0736	81.307	18.668
902.6704	84.510	335.616
902.2672	82.047	314.333
901.8638	81.067	299.623
901.4604	84.497	320.141
901.0569	79.467	290.963
900.6533	63.452	235.036
900.2496	55.020	26.792
899.8458	39.150	39.051
899.4420	46.613	28.441
899.0380	43.633	208.431
898.6340	44.477	208.202
898.2299	46.271	196.126
897.8257	46.011	214.940
897.4214	43.812	51.371
897.0171	45.106	65.590
896.6127	46.297	94.398
896.2081	49.241	70.812
895.8035	45.789	66.116
895.3989	43.602	62.778
894.9941	38.795	54.422
894.5892	25.735	22.205
894.1843	26.741	283.479
893.7792	15.196	335.027
893.3741	13.931	329.870
892.9689	13.983	315.714
892.5637	27.256	268.607
892.1583	47.759	184.581
891.7528	11.442	19.715
891.3473	17.116	34.952
890.9417	24.120	42.617
890.5359	25.411	44.320
890.1302	26.413	44.949
889.7243	34.042	136.708
889.3184	26.382	11.754
888.9123	34.386	2.268
888.5062	48.932	21.741
888.1000	33.766	27.958
887.6937	36.510	31.941
887.2873	38.447	32.416
886.8808	43.620	35.921
886.4743	40.112	37.734
886.0676	46.774	48.487
885.6609	66.457	91.005
885.2541	40.846	47.278
884.8472	38.834	48.191
884.4402	39.402	47.789
884.0332	41.072	48.489
883.6260	65.177	47.684
883.2188	41.068	49.065
882.8115	50.522	348.529
882.4041	21.450	118.936
881.9966	63.604	334.809
881.5890	62.120	344.651
881.1813	63.211	351.265
880.7736	61.850	341.183
880.3658	60.729	338.039
879.9579	60.290	329.354
879.5499	59.069	326.784
879.1418	31.834	132.962
878.7336	35.432	94.549
878.3253	32.753	140.802
877.9170	36.067	140.324
877.5085	43.185	138.201
877.1000	40.372	129.206
876.6915	41.861	117.126
876.2828	50.253	99.887
875.8740	57.827	64.533
875.4651	43.742	94.011
875.0562	41.776	95.797
874.6472	27.485	85.729
874.2380	44.182	316.646
873.8289	46.886	65.180
873.4196	56.394	68.153
873.0102	50.065	68.174
872.6007	48.523	69.558
872.1912	48.131	55.679
871.7816	43.605	51.973
871.3718	43.887	39.363
870.9620	68.406	66.656
870.5521	76.805	183.993
870.1422	71.931	182.336
869.7321	70.863	89.005
869.3219	64.211	61.322
868.9117	55.761	52.510
868.5013	52.117	48.173
868.0909	49.896	46.100
867.6805	50.001	46.540
867.2699	50.450	46.298
866.8592	50.058	45.675
866.4485	45.919	43.511
866.0376	46.803	39.850
865.6267	42.637	44.576
865.2157	42.351	47.953
864.8046	43.242	50.696
864.3934	42.860	52.722
863.9821	44.044	55.946
863.5707	42.268	54.304
863.1593	39.678	55.158
862.7477	38.028	49.088
862.3361	38.063	43.025
861.9244	42.518	39.011
861.5126	39.732	42.786
861.1008	36.614	45.381
860.6888	35.293	46.320
860.2767	36.756	44.286
859.8646	37.460	45.113
859.4523	36.388	41.905
859.0400	38.883	41.077
858.6276	41.010	40.539
858.2151	42.903	42.706
857.8026	43.734	44.382
857.3899	44.137	47.019
856.9771	44.536	47.773
856.5643	45.069	46.812
856.1514	44.948	47.117
855.7383	45.331	45.517
855.3253	45.629	45.492
854.9120	46.004	46.177
854.4988	46.510	44.304
854.0854	46.298	44.638
853.6719	46.634	46.029
853.2584	46.935	44.874
852.8448	46.430	43.939
852.4311	46.540	44.767
852.0173	46.013	42.771
851.6034	45.668	43.575
851.1894	45.128	43.686
850.7753	44.833	42.519
850.3612	44.037	45.008
849.9470	44.167	45.005
849.5326	43.985	43.277
849.1182	43.955	42.419
848.7037	43.836	42.143
848.2891	43.521	42.208
847.8744	43.089	42.526
847.4597	42.749	42.040
847.0448	42.878	42.216
846.6298	42.999	42.185
846.2148	42.928	42.008
845.7997	42.498	41.793
845.3845	42.258	41.591
844.9692	42.305	41.561
844.5538	42.208	41.340
844.1383	41.605	41.351
843.7227	41.695	41.324
843.3071	41.511	40.964
842.8914	41.397	41.072
842.4755	41.393	40.855
842.0596	41.371	41.036
841.6436	41.506	41.102
841.2275	41.605	40.479
840.8113	41.341	40.049
840.3951	41.727	39.763
839.9787	41.789	39.699
839.5623	42.124	39.661
839.1457	42.209	39.562
838.7291	42.636	39.254
838.3124	42.872	39.037
837.8956	42.865	38.855
837.4787	42.757	38.841
837.0617	42.514	38.791
836.6447	42.583	38.479
836.2275	42.467	38.477
835.8102	42.406	38.450
835.3929	42.411	38.258
834.9755	42.345	38.273
834.5579	42.212	38.286
834.1403	42.145	38.111
833.7227	42.025	38.066
833.3049	42.102	38.032
832.8870	42.032	38.005
832.4691	42.043	37.843
832.0510	42.021	37.898
831.6329	42.109	37.863
831.2146	42.195	37.598
830.7963	42.152	37.675
830.3779	42.171	37.647
829.9594	42.194	37.647
829.5408	42.196	37.689
829.1221	42.194	37.577
828.7034	42.204	37.571
828.2845	42.237	37.321
827.8656	42.238	37.314
827.4465	42.265	37.130
827.0275	42.270	36.969
826.6082	42.275	36.859
826.1889	42.235	36.749
825.7695	42.266	36.665
825.3500	42.268	36.579
824.9305	42.257	36.499
824.5108	42.266	36.421
824.0911	42.231	36.318
823.6713	42.159	36.232
823.2513	42.141	36.166
822.8313	42.148	36.106
822.4112	42.104	36.066
821.9910	42.136	36.065
821.5707	42.123	35.995
821.1503	42.069	35.942
820.7299	42.008	35.870
820.3093	42.010	35.816
819.8886	42.118	35.752
819.4679	42.124	35.672
819.0471	42.118	35.637
818.6262	42.105	35.572
818.2051	42.125	35.473
817.7841	42.108	35.394
817.3629	42.080	35.356
816.9416	42.081	35.318
816.5202	42.032	35.248
816.0988	42.002	35.189
815.6772	41.992	35.090
815.2556	42.024	35.027
814.8338	42.019	34.970
814.4120	42.002	34.884
813.9901	41.967	34.867
813.5681	42.013	34.824
813.1460	41.995	34.729
812.7238	41.993	34.668
812.3015	41.975	34.572
811.8792	41.933	34.539
811.4567	41.945	34.486
811.0341	41.984	34.412
810.6115	41.945	34.406
810.1888	41.936	34.308
809.7659	41.967	34.195
809.3430	41.996	34.110
808.9200	42.022	33.975
808.4969	42.063	33.841
808.0737	42.119	33.749
807.6505	42.110	33.697
807.2271	42.117	33.616
806.8036	42.152	33.502
806.3801	42.188	33.413
805.9564	42.245	33.305
805.5327	42.299	33.202
805.1089	42.362	33.074
804.6850	42.373	32.991
804.2610	42.388	32.888
803.8369	42.405	32.801
803.4127	42.452	32.711
802.9884	42.478	32.641
802.5640	42.488	32.561
802.1396	42.500	32.466
801.7150	42.526	32.399
801.2903	42.570	32.290
800.8657	42.601	32.230
800.4408	42.614	32.135
800.0159	42.645	32.059
799.5909	42.672	31.941
799.1658	42.683	31.859
798.7406	42.696	31.747
798.3153	42.736	31.676
797.8899	42.764	31.558
797.4644	42.764	31.477
797.0389	42.769	31.353
796.6132	42.766	31.243
796.1875	42.793	31.139
795.7617	42.813	31.027
795.3357	42.866	30.911
794.9097	42.898	30.791
794.4836	42.948	30.645
794.0574	42.964	30.564
793.6310	42.968	30.457
793.2047	43.007	30.337
792.7782	43.031	30.227
792.3516	43.048	30.152
791.9249	43.041	30.059
791.4982	43.076	29.960
791.0714	43.092	29.878
790.6444	43.105	29.792
790.2173	43.148	29.699
789.7902	43.180	29.590
789.3630	43.203	29.491
788.9357	43.234	29.418
788.5083	43.244	29.318
788.0807	43.229	29.254
787.6532	43.230	29.169
787.2255	43.251	29.088
786.7977	43.265	28.953
786.3699	43.263	28.856
785.9419	43.276	28.776
785.5139	43.302	28.675
785.0857	43.308	28.564
784.6575	43.336	28.442
784.2291	43.352	28.373
783.8007	43.369	28.273
783.3722	43.380	28.172
782.9435	43.424	28.063
782.5148	43.430	27.983
782.0861	43.422	27.919
781.6572	43.429	27.836
781.2282	43.440	27.737
780.7991	43.464	27.655
780.3699	43.478	27.565
779.9407	43.505	27.477
779.5113	43.528	27.383
779.0818	43.579	27.272
778.6523	43.609	27.142
778.2227	43.633	27.032
777.7930	43.672	26.942
777.3632	43.698	26.850
776.9332	43.742	26.744
776.5032	43.768	26.636
776.0731	43.782	26.537
775.6429	43.800	26.410
775.2126	43.844	26.309
774.7822	43.885	26.203
774.3517	43.898	26.134
773.9212	43.913	26.027
773.4905	43.928	25.928
773.0598	43.941	25.834
772.6289	43.970	25.726
772.1980	44.018	25.598
771.7669	44.034	25.490
771.3358	44.054	25.394
770.9046	44.076	25.285
770.4733	44.095	25.185
770.0419	44.114	25.093
769.6104	44.139	24.989
769.1787	44.161	24.893
768.7471	44.177	24.811
768.3152	44.199	24.710
767.8834	44.226	24.582
767.4514	44.255	24.440
767.0193	44.285	24.322
766.5872	44.311	24.208
766.1549	44.342	24.082
765.7225	44.373	23.990
765.2901	44.405	23.898
764.8575	44.426	23.807
764.4249	44.429	23.709
763.9922	44.442	23.617
763.5593	44.477	23.500
763.1264	44.508	23.407
762.6934	44.518	23.271
762.2603	44.554	23.150
761.8271	44.567	23.038
761.3938	44.612	22.923
760.9604	44.650	22.795
760.5269	44.668	22.686
760.0933	44.694	22.566
759.6597	44.718	22.441
759.2259	44.755	22.339
758.7921	44.767	22.250
758.3581	44.796	22.124
757.9240	44.824	22.008
757.4899	44.851	21.889
757.0556	44.883	21.786
756.6213	44.903	21.673
756.1868	44.941	21.531
755.7523	44.948	21.425
755.3177	44.958	21.311
754.8830	44.989	21.207
754.4482	45.013	21.102
754.0132	45.024	20.999
753.5782	45.023	20.883
753.1431	45.032	20.762
752.7079	45.047	20.650
752.2726	45.074	20.529
751.8373	45.100	20.408
751.4018	45.124	20.259
750.9662	45.145	20.140
750.5306	45.169	20.025
750.0948	45.195	19.886
749.6589	45.210	19.766
749.2230	45.222	19.650
748.7869	45.237	19.533
748.3508	45.248	19.396
747.9146	45.248	19.286
747.4782	45.271	19.178
747.0417	45.282	19.047
746.6052	45.294	18.905
746.1686	45.315	18.761
745.7319	45.326	18.623
745.2950	45.338	18.489
744.8582	45.358	18.346
744.4211	45.368	18.223
743.9841	45.358	18.103
743.5468	45.380	17.958
743.1096	45.389	17.831
742.6722	45.395	17.721
742.2347	45.414	17.587
741.7971	45.423	17.436
741.3594	45.436	17.298
740.9216	45.434	17.175
740.4838	45.447	17.050
740.0458	45.456	16.939
739.6077	45.462	16.818
739.1696	45.470	16.681
738.7313	45.475	16.560
738.2930	45.485	16.412
737.8545	45.491	16.274
737.4160	45.495	16.142
736.9773	45.516	16.005
736.5386	45.525	15.875
736.0997	45.532	15.750
735.6608	45.537	15.628
735.2218	45.540	15.497
734.7827	45.550	15.381
734.3434	45.544	15.236
733.9041	45.553	15.085
733.4647	45.553	14.949
733.0252	45.558	14.826
732.5856	45.564	14.668
732.1459	45.574	14.533
731.7061	45.580	14.393
731.2662	45.582	14.277
730.8262	45.588	14.140
730.3861	45.601	14.022
729.9459	45.607	13.879
729.5057	45.628	13.733
729.0653	45.634	13.569
728.6248	45.632	13.423
728.1843	45.631	13.286
727.7436	45.634	13.144
727.3028	45.635	13.016
726.8619	45.640	12.861
726.4210	45.636	12.721
725.9799	45.637	12.577
725.5388	45.653	12.419
725.0975	45.665	12.254
724.6561	45.672	12.107
724.2147	45.678	11.963
723.7732	45.679	11.813
723.3315	45.685	11.669
722.8898	45.684	11.501
722.4479	45.685	11.349
722.0060	45.689	11.198
721.5640	45.697	11.022
721.1218	45.694	10.872
720.6796	45.691	10.732
720.2373	45.692	10.573
719.7949	45.683	10.440
719.3524	45.681	10.290
718.9097	45.685	10.133
718.4670	45.682	9.975
718.0242	45.685	9.804
717.5813	45.700	9.641
717.1383	45.709	9.473
716.6952	45.713	9.312
716.2520	45.716	9.145
715.8087	45.716	8.959
715.3653	45.718	8.793
714.9218	45.714	8.645
714.4782	45.714	8.475
714.0345	45.718	8.291
713.5907	45.714	8.118
713.1469	45.721	7.933
712.7028	45.722	7.751
712.2588	45.720	7.573
711.8146	45.715	7.397
711.3703	45.717	7.219
710.9259	45.717	7.028
710.4814	45.712	6.857
710.0369	45.711	6.685
709.5922	45.700	6.508
709.1474	45.700	6.336
708.7026	45.695	6.163
708.2576	45.693	5.996
707.8125	45.683	5.820
707.3674	45.688	5.635
706.9221	45.686	5.455
706.4767	45.689	5.263
706.0313	45.690	5.068
705.5857	45.685	4.891
705.1401	45.679	4.715
704.6943	45.677	4.540
704.2484	45.671	4.357
703.8025	45.662	4.178
703.3564	45.649	3.982
702.9103	45.642	3.812
702.4641	45.638	3.623
702.0177	45.629	3.438
701.5712	45.619	3.255
701.1247	45.608	3.083
700.6780	45.600	2.902
700.2313	45.587	2.722
699.7844	45.576	2.536
699.3375	45.563	2.357
698.8904	45.547	2.173
698.4433	45.541	1.995
697.9961	45.527	1.801
697.5488	45.523	1.609
697.1013	45.507	1.432
696.6537	45.496	1.253
696.2061	45.482	1.063
695.7584	45.470	0.885
695.3105	45.465	0.696
694.8626	45.454	0.517
694.4146	45.442	0.336
693.9664	45.428	0.159
693.5182	45.409	359.980
693.0699	45.400	359.807
692.6215	45.376	359.633
692.1729	45.359	359.452
691.7243	45.341	359.282
691.2756	45.327	359.106
690.8267	45.314	358.929
690.3778	45.297	358.751
689.9288	45.278	358.573
689.4797	45.265	358.393
689.0304	45.252	358.218
688.5811	45.234	358.039
688.1317	45.212	357.867
687.6821	45.188	357.693
687.2325	45.166	357.505
686.7828	45.148	357.326
686.3329	45.125	357.154
685.8830	45.104	356.983
685.4330	45.090	356.809
684.9828	45.072	356.636
684.5327	45.047	356.462
684.0823	45.026	356.285
683.6319	45.001	356.104
683.1813	44.979	355.927
682.7307	44.957	355.743
682.2800	44.935	355.564
681.8292	44.912	355.382
681.3782	44.893	355.198
680.9272	44.866	355.015
680.4761	44.839	354.829
680.0248	44.816	354.644
679.5735	44.785	354.457
679.1221	44.765	354.272
678.6705	44.744	354.098
678.2189	44.717	353.917
677.7672	44.691	353.733
677.3154	44.663	353.551
676.8634	44.631	353.371
676.4114	44.604	353.198
675.9592	44.569	353.014
675.5070	44.541	352.839
675.0547	44.510	352.672
674.6022	44.484	352.492
674.1497	44.451	352.315
673.6971	44.420	352.145
673.2443	44.387	351.972
672.7915	44.350	351.796
672.3386	44.319	351.623
671.8855	44.285	351.450
671.4324	44.249	351.274
670.9791	44.213	351.097
670.5258	44.181	350.914
670.0723	44.144	350.736
669.6188	44.110	350.563
669.1651	44.072	350.392
668.7114	44.032	350.222
668.2575	43.992	350.055
667.8035	43.951	349.882
667.3495	43.908	349.705
666.8953	43.868	349.535
666.4411	43.827	349.360
665.9868	43.786	349.189
665.5323	43.740	349.011
665.0777	43.694	348.839
664.6230	43.651	348.668
664.1683	43.611	348.496
663.7134	43.566	348.324
663.2584	43.522	348.151
662.8034	43.472	347.980
662.3482	43.420	347.808
661.8929	43.377	347.639
661.4376	43.335	347.467
660.9821	43.283	347.297
660.5265	43.234	347.129
660.0708	43.183	346.965
659.6151	43.137	346.797
659.1592	43.089	346.631
658.7032	43.037	346.459
658.2471	42.980	346.288
657.7909	42.922	346.124
657.3346	42.869	345.959
656.8782	42.814	345.797
656.4218	42.757	345.626
655.9651	42.700	345.457
655.5084	42.642	345.286
655.0516	42.586	345.123
654.5947	42.527	344.962
654.1377	42.468	344.800
653.6806	42.407	344.631
653.2234	42.351	344.463
652.7661	42.294	344.297
652.3087	42.232	344.131
651.8511	42.172	343.968
651.3936	42.107	343.808
650.9358	42.043	343.650
650.4780	41.979	343.491
650.0201	41.922	343.328
649.5620	41.863	343.165
649.1039	41.805	343.006
648.6457	41.744	342.838
648.1873	41.681	342.674
647.7289	41.614	342.506
647.2703	41.549	342.338
646.8117	41.484	342.168
646.3530	41.421	342.002
645.8941	41.357	341.838
645.4351	41.294	341.671
644.9761	41.233	341.514
644.5169	41.170	341.338
644.0577	41.105	341.166
643.5983	41.036	341.001
643.1389	40.970	340.841
642.6793	40.900	340.682
642.2196	40.831	340.522
641.7598	40.768	340.362
641.2999	40.701	340.200
640.8400	40.636	340.034
640.3799	40.565	339.876
639.9197	40.495	339.707
639.4594	40.426	339.552
638.9990	40.356	339.389
638.5385	40.283	339.230
638.0779	40.214	339.079
637.6172	40.142	338.920
637.1564	40.072	338.765
636.6954	39.999	338.611
636.2344	39.930	338.448
635.7733	39.854	338.289
635.3121	39.776	338.140
634.8508	39.701	337.978
634.3893	39.630	337.826
633.9278	39.558	337.668
633.4662	39.493	337.507
633.0044	39.419	337.355
632.5425	39.348	337.208
632.0806	39.271	337.055
631.6186	39.191	336.916
631.1564	39.114	336.771
630.6942	39.034	336.611
630.2318	38.947	336.444
629.7693	38.851	336.292
629.3068	38.772	336.133
628.8441	38.685	335.989
628.3813	38.617	335.841
627.9184	38.536	335.683
627.4554	38.469	335.555
626.9923	38.386	335.407
626.5291	38.308	335.264
626.0658	38.210	335.119
625.6024	38.129	334.972
625.1389	38.047	334.860
624.6753	38.002	334.740
624.2115	37.910	334.624
623.7477	37.812	334.489
623.2838	37.721	334.359
622.8198	37.617	334.206
622.3557	37.482	333.975
621.8914	37.368	333.754
621.4271	37.254	333.527
620.9626	37.150	333.296
620.4980	37.060	333.088
620.0334	36.976	332.858
619.5687	36.918	332.623
619.1038	36.832	332.409
618.6388	36.734	332.198
618.1737	36.651	331.986
617.7086	36.566	331.777
617.2433	36.483	331.578
616.7779	36.402	331.376
616.3124	36.319	331.189
615.8468	36.225	331.007
615.3810	36.146	330.810
614.9153	36.055	330.629
614.4493	35.966	330.450
613.9833	35.883	330.285
613.5172	35.796	330.115
613.0510	35.719	329.950
612.5847	35.643	329.794
612.1182	35.565	329.640
611.6517	35.486	329.485
611.1850	35.409	329.339
610.7183	35.328	329.197
610.2514	35.252	329.051
609.7844	35.172	328.908
609.3173	35.096	328.773
608.8502	35.025	328.645
608.3829	34.953	328.527
607.9155	34.880	328.407
607.4480	34.810	328.294
606.9804	34.736	328.186
606.5127	34.663	328.073
606.0449	34.585	327.968
605.5770	34.509	327.873
605.1089	34.437	327.775
604.6408	34.364	327.677
604.1726	34.297	327.584
603.7042	34.229	327.496
603.2358	34.157	327.414
602.7673	34.084	327.330
602.2986	34.007	327.252
601.8298	33.935	327.169
601.3610	33.860	327.094
600.8920	33.786	327.021
600.4229	33.710	326.952
599.9537	33.636	326.883
599.4844	33.562	326.817
599.0150	33.490	326.762
598.5455	33.409	326.694
598.0759	33.333	326.628
597.6062	33.255	326.575
597.1364	33.180	326.524
596.6664	33.107	326.466
596.1964	33.030	326.418
595.7263	32.952	326.367
595.2560	32.869	326.319
594.7857	32.775	326.279
594.3152	32.690	326.231
593.8447	32.601	326.180
593.3740	32.512	326.134
592.9032	32.432	326.089
592.4323	32.346	326.036
591.9613	32.261	325.988
591.4902	32.178	325.943
591.0190	32.105	325.894
590.5477	32.018	325.846
590.0763	31.942	325.795
589.6048	31.839	325.747
589.1331	31.747	325.695
588.6614	31.645	325.616
588.1896	31.558	325.558
587.7176	31.477	325.497
587.2455	31.396	325.419
586.7734	31.303	325.338
586.3011	31.207	325.206
585.8287	31.091	325.080
585.3563	30.999	324.923
584.8837	30.903	324.751
584.4109	30.795	324.539
583.9382	30.691	324.326
583.4652	30.614	324.183
582.9922	30.527	324.037
582.5191	30.450	323.905
582.0458	30.376	323.790
581.5725	30.305	323.682
581.0991	30.215	323.573
580.6255	30.098	323.482
580.1519	29.998	323.372
579.6780	29.911	323.259
579.2042	29.809	323.153
578.7302	29.712	323.048
578.2561	29.613	322.950
577.7819	29.507	322.845
577.3076	29.410	322.740
576.8332	29.327	322.631
576.3586	29.224	322.541
575.8840	29.134	322.447
575.4093	29.043	322.354
574.9344	28.950	322.256
574.4595	28.854	322.165
573.9844	28.757	322.068
573.5092	28.659	321.968
573.0339	28.561	321.869
572.5586	28.465	321.776
572.0831	28.369	321.681
571.6075	28.277	321.583
571.1318	28.182	321.498
570.6559	28.091	321.413
570.1801	27.996	321.329
569.7040	27.897	321.243
569.2278	27.803	321.157
568.7516	27.706	321.067
568.2753	27.609	320.977
567.7988	27.513	320.885
567.3222	27.415	320.794
566.8455	27.319	320.712
566.3687	27.225	320.624
565.8918	27.128	320.545
565.4149	27.032	320.463
564.9377	26.932	320.379
564.4605	26.831	320.298
563.9832	26.731	320.210
563.5057	26.628	320.128
563.0282	26.525	320.038
562.5505	26.427	319.954
562.0728	26.326	319.870
561.5948	26.227	319.787
561.1169	26.126	319.701
560.6388	26.025	319.615
560.1606	25.925	319.530
559.6823	25.822	319.441
559.2039	25.719	319.352
558.7253	25.613	319.272
558.2467	25.511	319.196
557.7679	25.409	319.115
557.2891	25.308	319.034
556.8102	25.205	318.958
556.3311	25.103	318.880
555.8519	24.999	318.809
555.3726	24.896	318.727
554.8932	24.790	318.647
554.4137	24.685	318.571
553.9341	24.583	318.495
553.4543	24.479	318.418
552.9745	24.370	318.337
552.4946	24.261	318.265
552.0145	24.155	318.198
551.5344	24.048	318.127
551.0541	23.939	318.060
550.5737	23.829	317.989
550.0933	23.722	317.917
549.6127	23.611	317.842
549.1320	23.502	317.773
548.6511	23.389	317.706
548.1702	23.278	317.638
547.6891	23.165	317.568
547.2080	23.055	317.499
546.7267	22.944	317.437
546.2454	22.831	317.374
545.7639	22.721	317.313
545.2823	22.611	317.252
544.8007	22.497	317.191
544.3188	22.383	317.127
543.8369	22.269	317.070
543.3549	22.159	317.012
542.8728	22.043	316.960
542.3905	21.926	316.908
541.9082	21.814	316.847
541.4257	21.700	316.786
540.9431	21.584	316.728
540.4604	21.470	316.671
539.9777	21.357	316.611
539.4948	21.241	316.555
539.0118	21.128	316.503
538.5286	21.013	316.453
538.0454	20.897	316.407
537.5621	20.780	316.361
537.0786	20.664	316.315
536.5950	20.550	316.273
536.1114	20.437	316.231
535.6276	20.321	316.194
535.1437	20.207	316.147
534.6597	20.096	316.103
534.1756	19.981	316.067
533.6913	19.865	316.030
533.2070	19.754	315.997
532.7226	19.641	315.964
532.2380	19.528	315.923
531.7534	19.414	315.899
531.2686	19.301	315.869
530.7837	19.189	315.835
530.2987	19.075	315.801
529.8136	18.961	315.770
529.3284	18.852	315.745
528.8430	18.743	315.725
528.3576	18.636	315.701
527.8720	18.526	315.678
527.3864	18.415	315.662
526.9006	18.308	315.647
526.4147	18.198	315.634
525.9287	18.086	315.617
525.4426	17.978	315.602
524.9564	17.868	315.591
524.4700	17.759	315.577
523.9836	17.649	315.557
523.4971	17.544	315.545
523.0104	17.438	315.532
522.5236	17.330	315.526
522.0367	17.223	315.526
521.5497	17.115	315.522
521.0626	17.005	315.527
520.5754	16.896	315.529
520.0881	16.788	315.530
519.6006	16.676	315.534
519.1131	16.566	315.545
518.6254	16.461	315.559
518.1377	16.351	315.576
517.6498	16.240	315.589
517.1618	16.126	315.611
516.6737	16.016	315.627
516.1855	15.905	315.646
515.6971	15.791	315.662
515.2087	15.678	315.675
514.7202	15.567	315.701
514.2314	15.456	315.730
513.7427	15.340	315.766
513.2538	15.229	315.796
512.7648	15.118	315.826
512.2757	15.001	315.877
511.7864	14.891	315.917
511.2971	14.775	315.960
510.8076	14.660	316.016
510.3181	14.545	316.071
509.8284	14.427	316.114
509.3386	14.309	316.178
508.8488	14.191	316.243
508.3587	14.075	316.317
507.8686	13.958	316.389
507.3784	13.840	316.466
506.8880	13.718	316.542
506.3976	13.599	316.616
505.9070	13.475	316.698
505.4163	13.356	316.787
504.9255	13.233	316.872
504.4346	13.113	316.964
503.9436	12.990	317.064
503.4525	12.865	317.165
502.9612	12.740	317.263
502.4698	12.618	317.369
501.9784	12.495	317.478
501.4868	12.371	317.605
500.9951	12.245	317.740
500.5033	12.121	317.883
500.0114	11.994	318.027
499.5193	11.869	318.180
499.0272	11.745	318.338
498.5349	11.617	318.514
498.0426	11.487	318.694
497.5501	11.363	318.876
497.0575	11.236	319.069
496.5648	11.109	319.277
496.0720	10.979	319.478
495.5790	10.849	319.692
495.0860	10.721	319.910
494.5928	10.593	320.140
494.0995	10.465	320.385
493.6062	10.342	320.642
493.1127	10.216	320.905
492.6190	10.089	321.195
492.1253	9.963	321.486
491.6315	9.837	321.805
491.1375	9.709	322.119
490.6435	9.585	322.457
490.1493	9.460	322.815
489.6550	9.336	323.188
489.1606	9.212	323.577
488.6661	9.087	323.985
488.1714	8.961	324.404
487.6767	8.833	324.850
487.1818	8.709	325.316
486.6869	8.587	325.783
486.1918	8.464	326.267
485.6966	8.340	326.770
485.2013	8.218	327.310
484.7058	8.096	327.875
484.2103	7.981	328.436
483.7146	7.863	329.064
483.2189	7.748	329.735
482.7230	7.630	330.419
482.2270	7.518	331.117
481.7309	7.403	331.852
481.2346	7.291	332.599
480.7383	7.179	333.395
480.2419	7.071	334.199
479.7453	6.965	335.071
479.2486	6.860	335.974
478.7518	6.756	336.904
478.2549	6.655	337.853
477.7579	6.554	338.853
477.2608	6.459	339.847
476.7635	6.363	340.929
476.2662	6.274	342.021
475.7687	6.187	343.172
475.2711	6.102	344.364
474.7734	6.021	345.624
474.2756	5.945	346.928
473.7776	5.869	348.263
473.2796	5.796	349.634
472.7814	5.730	351.022
472.2831	5.666	352.501
471.7848	5.608	354.020
471.2863	5.553	355.559
470.7876	5.502	357.164
470.2889	5.457	358.820
469.7900	5.415	0.477
469.2911	5.377	2.154
468.7920	5.353	3.840
468.2928	5.329	5.533
467.7935	5.310	7.289
467.2941	5.298	9.078
466.7945	5.292	10.937
466.2949	5.291	12.761
465.7951	5.297	14.532
465.2952	5.307	16.315
464.7952	5.326	18.047
464.2951	5.348	19.850
463.7949	5.380	21.646
463.2946	5.413	23.378
462.7941	5.453	25.067
462.2935	5.498	26.676
461.7928	5.547	28.332
461.2921	5.603	29.942
460.7911	5.668	31.505
460.2901	5.738	33.054
459.7889	5.813	34.566
459.2877	5.894	36.059
458.7863	5.981	37.488
458.2848	6.069	38.872
457.7832	6.162	40.274
457.2815	6.264	41.590
456.7796	6.370	42.819
456.2777	6.480	44.026
455.7756	6.592	45.227
455.2734	6.709	46.317
454.7711	6.827	47.398
454.2687	6.949	48.414
453.7662	7.079	49.389
453.2635	7.215	50.335
452.7608	7.351	51.223
452.2579	7.493	52.086
451.7549	7.637	52.899
451.2518	7.784	53.686
450.7485	7.935	54.436
450.2452	8.088	55.151
449.7417	8.245	55.843
449.2382	8.402	56.487
448.7345	8.565	57.116
448.2307	8.728	57.708
447.7267	8.894	58.273
447.2227	9.062	58.813
446.7186	9.235	59.335
446.2143	9.408	59.826
445.7099	9.583	60.295
445.2054	9.761	60.742
444.7008	9.941	61.169
444.1960	10.123	61.574
443.6912	10.308	61.962
443.1862	10.494	62.330
442.6812	10.680	62.677
442.1759	10.871	63.013
441.6706	11.063	63.329
441.1652	11.257	63.632
440.6596	11.452	63.919
440.1540	11.652	64.195
439.6482	11.652	64.195

