Source : TiO2_SiO2_Si.D1.14h 06mn 27s.spe
Spectrum : 1

Wavelength	Psi	Delta

999.7925	2.225	224.652
999.4089	2.225	224.652
999.0253	2.225	224.652
998.6415	2.225	224.652
998.2578	2.225	224.652
997.8739	2.225	224.652
997.4900	2.225	224.652
997.1060	2.225	224.652
996.7219	2.225	224.652
996.3377	2.225	224.652
995.9535	2.225	224.652
995.5692	2.225	224.652
995.1848	2.225	224.652
994.8003	87.775	44.652
994.4158	87.775	44.652
994.0311	38.683	297.213
993.6464	50.439	276.450
993.2617	57.884	241.685
992.8768	45.369	249.109
992.4919	44.435	211.029
992.1069	43.680	65.348
991.7218	32.362	60.253
991.3367	29.930	49.032
990.9514	28.036	43.696
990.5661	17.149	47.520
990.1807	13.655	41.239
989.7953	6.874	77.340
989.4097	12.115	71.238
989.0241	15.765	78.860
988.6384	27.131	84.120
988.2526	21.592	61.327
987.8668	25.127	52.295
987.4809	18.786	56.222
987.0949	17.409	58.590
986.7088	16.617	61.091
986.3226	16.835	74.014
985.9364	19.726	67.412
985.5501	17.803	63.046
985.1638	21.975	54.128
984.7773	27.301	51.743
984.3907	31.579	43.876
984.0041	26.843	48.749
983.6174	4.198	40.002
983.2307	16.867	223.896
982.8438	23.547	217.291
982.4569	15.722	198.996
982.0699	8.857	119.666
981.6828	38.477	63.428
981.2957	40.432	36.078
980.9084	46.710	56.569
980.5211	49.417	50.983
980.1337	48.524	78.896
979.7463	47.582	100.982
979.3587	48.541	106.649
978.9711	44.780	176.433
978.5834	43.420	185.922
978.1956	40.640	194.388
977.8077	37.633	199.211
977.4199	33.472	207.554
977.0319	25.120	170.569
976.6437	16.832	125.272
976.2556	21.641	128.298
975.8674	24.050	73.874
975.4790	33.853	61.503
975.0906	31.418	77.146
974.7021	32.859	74.955
974.3136	29.758	78.267
973.9250	33.278	76.071
973.5363	41.144	75.504
973.1475	55.550	78.961
972.7586	67.986	108.331
972.3697	76.816	131.023
971.9807	80.702	123.485
971.5916	82.487	94.929
971.2024	88.236	87.424
970.8131	75.661	90.378
970.4238	81.268	302.275
970.0344	67.883	208.314
969.6449	70.194	319.271
969.2553	55.058	343.636
968.8657	49.472	349.758
968.4760	48.019	350.080
968.0861	47.489	349.832
967.6962	47.512	349.997
967.3063	48.908	349.488
966.9163	50.413	345.427
966.5261	58.184	323.213
966.1359	58.548	210.358
965.7457	56.660	315.214
965.3553	54.000	316.321
964.9649	51.823	318.233
964.5743	47.097	335.509
964.1838	30.600	82.356
963.7931	63.435	303.924
963.4023	65.277	289.126
963.0115	73.852	321.465
962.6207	79.900	348.468
962.2297	45.005	82.309
961.8386	19.294	21.228
961.4474	19.260	297.844
961.0562	18.528	286.213
960.6649	21.018	281.309
960.2736	25.069	272.454
959.8821	15.199	303.907
959.4905	32.394	64.432
959.0989	51.477	77.656
958.7073	65.870	79.543
958.3155	54.896	80.075
957.9236	53.015	84.496
957.5317	50.195	86.649
957.1396	25.846	80.725
956.7476	12.113	73.751
956.3554	1.108	287.888
955.9632	13.578	120.516
955.5709	9.736	29.076
955.1784	15.848	345.086
954.7859	25.717	334.724
954.3934	35.566	340.694
954.0007	45.455	342.136
953.6080	47.881	358.388
953.2152	59.553	23.592
952.8223	61.073	21.382
952.4293	58.208	35.794
952.0363	52.249	78.308
951.6432	37.589	24.394
951.2499	39.118	23.821
950.8567	23.370	52.941
950.4633	25.294	354.014
950.0699	63.806	275.638
949.6763	72.453	262.231
949.2827	75.110	253.228
948.8890	71.421	254.901
948.4953	72.520	256.646
948.1014	70.538	256.855
947.7075	78.728	250.987
947.3135	19.321	70.205
946.9194	16.468	68.192
946.5253	9.378	62.790
946.1310	36.941	158.585
945.7367	37.256	158.789
945.3423	37.048	158.722
944.9478	37.031	158.708
944.5532	37.023	158.708
944.1586	37.018	158.703
943.7639	37.005	158.707
943.3691	37.019	158.714
942.9742	37.028	158.726
942.5792	37.095	158.850
942.1841	37.003	158.644
941.7890	43.858	315.057
941.3938	35.791	338.361
940.9985	36.965	324.908
940.6031	29.197	331.603
940.2077	17.207	327.975
939.8122	21.527	108.735
939.4166	28.337	122.935
939.0209	25.444	111.176
938.6251	31.004	105.070
938.2292	39.809	136.495
937.8333	38.251	83.527
937.4373	42.557	59.729
937.0412	43.369	26.687
936.6450	41.544	16.588
936.2487	44.008	12.688
935.8524	47.424	13.625
935.4560	55.876	12.211
935.0594	59.051	341.478
934.6629	5.069	89.067
934.2662	44.852	198.826
933.8694	73.512	351.959
933.4727	22.381	164.931
933.0757	25.081	165.487
932.6787	26.074	171.097
932.2817	26.900	179.795
931.8845	26.665	183.129
931.4873	27.073	189.375
931.0900	30.956	196.940
930.6926	27.524	73.899
930.2951	42.696	171.600
929.8975	64.504	84.940
929.4999	76.298	140.094
929.1022	48.995	65.316
928.7043	56.188	72.095
928.3065	59.661	71.666
927.9085	28.536	253.821
927.5104	26.668	255.372
927.1123	24.134	254.821
926.7141	26.244	267.432
926.3158	40.499	259.423
925.9174	73.816	48.558
925.5190	64.380	292.730
925.1204	50.648	281.126
924.7218	55.414	286.739
924.3231	50.170	300.279
923.9243	46.261	1.426
923.5255	42.440	57.627
923.1265	47.457	95.987
922.7275	41.931	56.432
922.3283	31.561	5.089
921.9291	31.220	2.488
921.5298	30.160	346.998
921.1305	29.926	350.713
920.7311	30.581	334.746
920.3315	28.317	355.901
919.9319	31.740	23.957
919.5322	35.582	51.300
919.1324	40.390	78.015
918.7326	34.764	54.979
918.3326	37.889	56.692
917.9326	34.313	46.612
917.5325	14.547	339.300
917.1323	11.720	348.254
916.7321	14.762	275.744
916.3317	13.410	66.173
915.9313	18.924	32.107
915.5308	17.945	17.126
915.1302	16.233	332.689
914.7295	22.562	318.285
914.3287	39.503	344.985
913.9279	40.100	323.203
913.5270	24.935	324.280
913.1259	20.070	2.978
912.7249	22.689	26.982
912.3237	29.945	61.027
911.9224	19.236	35.484
911.5211	41.560	74.280
911.1196	32.570	356.511
910.7181	25.563	217.191
910.3165	7.164	171.807
909.9149	22.869	89.757
909.5131	21.047	62.516
909.1113	34.635	7.818
908.7093	63.414	344.276
908.3073	71.607	336.729
907.9052	79.524	1.499
907.5031	84.736	43.653
907.1008	45.786	40.023
906.6984	9.458	57.903
906.2960	8.294	68.333
905.8935	10.889	74.559
905.4909	7.588	63.610
905.0883	6.504	54.478
904.6855	5.504	36.361
904.2826	6.270	15.526
903.8797	21.585	194.795
903.4767	84.344	77.374
903.0736	74.764	64.696
902.6704	83.835	38.653
902.2672	85.384	337.882
901.8638	83.817	302.245
901.4604	86.362	334.570
901.0569	80.609	286.379
900.6533	68.767	229.644
900.2496	64.500	34.889
899.8458	40.627	41.319
899.4420	43.368	30.539
899.0380	41.875	29.930
898.6340	40.464	29.295
898.2299	51.242	199.231
897.8257	39.971	35.025
897.4214	42.052	53.017
897.0171	48.305	73.116
896.6127	55.412	116.633
896.2081	48.459	80.990
895.8035	45.505	76.175
895.3989	42.985	72.210
894.9941	38.059	65.149
894.5892	26.281	34.219
894.1843	26.134	311.211
893.7792	13.588	354.761
893.3741	9.949	346.452
892.9689	14.055	335.026
892.5637	22.289	315.480
892.1583	51.758	229.062
891.7528	10.841	26.354
891.3473	18.671	47.861
890.9417	28.771	57.907
890.5359	30.804	61.231
890.1302	33.510	64.588
889.7243	54.447	160.296
889.3184	32.032	23.016
888.9123	34.722	12.048
888.5062	45.035	28.760
888.1000	34.045	38.466
887.6937	36.719	42.069
887.2873	38.448	42.582
886.8808	43.466	46.311
886.4743	40.086	47.990
886.0676	46.401	61.063
885.6609	63.824	107.221
885.2541	39.451	60.636
884.8472	37.450	61.522
884.4402	38.296	61.085
884.0332	40.440	61.760
883.6260	60.060	60.527
883.2188	41.051	61.133
882.8115	48.713	0.868
882.4041	19.991	123.219
881.9966	63.069	342.162
881.5890	61.102	351.248
881.1813	62.289	357.864
880.7736	60.998	343.698
880.3658	59.752	338.807
879.9579	58.501	329.458
879.5499	57.970	326.318
879.1418	31.838	132.163
878.7336	31.476	97.676
878.3253	31.769	139.254
877.9170	35.176	137.979
877.5085	42.362	135.211
877.1000	39.981	124.692
876.6915	41.795	111.410
876.2828	50.222	97.392
875.8740	57.020	72.336
875.4651	43.775	93.181
875.0562	41.647	94.776
874.6472	28.218	89.362
874.2380	42.944	315.407
873.8289	44.556	75.814
873.4196	54.954	80.156
873.0102	48.967	79.985
872.6007	47.017	81.316
872.1912	47.530	69.341
871.7816	43.198	67.259
871.3718	43.426	56.663
870.9620	67.780	82.656
870.5521	76.416	199.136
870.1422	71.723	198.372
869.7321	68.468	98.190
869.3219	63.168	74.345
868.9117	54.669	66.226
868.5013	51.031	62.341
868.0909	49.000	60.361
867.6805	48.974	60.976
867.2699	49.448	60.759
866.8592	49.009	60.015
866.4485	45.037	58.018
866.0376	45.702	54.271
865.6267	41.489	58.534
865.2157	41.499	61.408
864.8046	42.712	63.813
864.3934	42.488	65.828
863.9821	43.648	69.373
863.5707	41.927	67.985
863.1593	39.450	69.019
862.7477	37.761	63.310
862.3361	37.367	58.001
861.9244	41.472	53.987
861.5126	38.652	57.506
861.1008	35.212	59.879
860.6888	34.169	60.645
860.2767	35.790	58.953
859.8646	36.626	60.199
859.4523	35.504	56.345
859.0400	37.915	55.402
858.6276	40.253	54.804
858.2151	42.390	57.002
857.8026	43.277	58.820
857.3899	43.661	61.429
856.9771	44.038	62.235
856.5643	44.600	61.703
856.1514	44.545	61.901
855.7383	44.901	60.586
855.3253	45.222	60.136
854.9120	45.319	60.554
854.4988	45.319	58.702
854.0854	45.559	59.071
853.6719	45.964	60.312
853.2584	45.723	59.526
852.8448	45.883	58.947
852.4311	46.167	58.955
852.0173	45.928	57.739
851.6034	45.994	57.575
851.1894	45.108	57.318
850.7753	44.788	57.225
850.3612	44.358	57.601
849.9470	44.264	58.118
849.5326	43.975	57.984
849.1182	43.716	57.662
848.7037	43.405	57.652
848.2891	43.538	57.906
847.8744	43.684	57.845
847.4597	43.523	57.592
847.0448	43.117	57.529
846.6298	42.804	57.371
846.2148	43.175	57.085
845.7997	42.835	56.926
845.3845	42.891	56.827
844.9692	42.343	56.780
844.5538	41.905	56.760
844.1383	41.864	56.684
843.7227	41.592	56.714
843.3071	41.782	56.479
842.8914	41.577	56.452
842.4755	41.809	56.458
842.0596	41.637	56.437
841.6436	41.166	56.274
841.2275	41.125	56.056
840.8113	41.249	56.022
840.3951	41.542	55.781
839.9787	41.620	55.794
839.5623	42.135	55.855
839.1457	42.300	56.130
838.7291	42.462	56.089
838.3124	42.630	56.015
837.8956	42.598	56.003
837.4787	42.471	55.915
837.0617	42.521	55.759
836.6447	42.422	55.666
836.2275	42.382	55.591
835.8102	42.349	55.371
835.3929	42.285	55.227
834.9755	42.245	55.078
834.5579	42.160	54.947
834.1403	42.022	54.959
833.7227	42.110	54.935
833.3049	42.100	54.839
832.8870	42.030	54.726
832.4691	42.141	54.764
832.0510	42.120	54.648
831.6329	42.184	54.560
831.2146	42.274	54.417
830.7963	42.230	54.308
830.3779	42.288	54.173
829.9594	42.303	54.098
829.5408	42.294	54.007
829.1221	42.289	53.924
828.7034	42.340	53.904
828.2845	42.377	53.841
827.8656	42.376	53.768
827.4465	42.413	53.696
827.0275	42.449	53.591
826.6082	42.437	53.544
826.1889	42.449	53.465
825.7695	42.460	53.407
825.3500	42.442	53.349
824.9305	42.419	53.322
824.5108	42.416	53.270
824.0911	42.382	53.186
823.6713	42.316	53.133
823.2513	42.296	53.101
822.8313	42.306	53.067
822.4112	42.278	53.057
821.9910	42.326	53.068
821.5707	42.328	53.021
821.1503	42.287	52.994
820.7299	42.234	52.951
820.3093	42.238	52.935
819.8886	42.363	52.910
819.4679	42.382	52.869
819.0471	42.392	52.849
818.6262	42.385	52.806
818.2051	42.410	52.743
817.7841	42.384	52.714
817.3629	42.359	52.704
816.9416	42.358	52.701
816.5202	42.318	52.657
816.0988	42.287	52.641
815.6772	42.278	52.562
815.2556	42.310	52.523
814.8338	42.333	52.502
814.4120	42.325	52.457
813.9901	42.286	52.479
813.5681	42.336	52.479
813.1460	42.339	52.415
812.7238	42.337	52.395
812.3015	42.332	52.321
811.8792	42.305	52.322
811.4567	42.314	52.304
811.0341	42.369	52.263
810.6115	42.348	52.300
810.1888	42.339	52.233
809.7659	42.382	52.168
809.3430	42.424	52.114
808.9200	42.452	52.013
808.4969	42.501	51.936
808.0737	42.571	51.876
807.6505	42.582	51.856
807.2271	42.595	51.827
806.8036	42.642	51.733
806.3801	42.698	51.673
805.9564	42.768	51.594
805.5327	42.823	51.536
805.1089	42.900	51.445
804.6850	42.933	51.400
804.2610	42.961	51.342
803.8369	43.000	51.280
803.4127	43.068	51.226
802.9884	43.112	51.190
802.5640	43.136	51.150
802.1396	43.164	51.098
801.7150	43.210	51.068
801.2903	43.282	50.992
800.8657	43.333	50.961
800.4408	43.371	50.898
800.0159	43.414	50.870
799.5909	43.453	50.799
799.1658	43.481	50.761
798.7406	43.508	50.686
798.3153	43.573	50.643
797.8899	43.618	50.566
797.4644	43.636	50.526
797.0389	43.655	50.443
796.6132	43.678	50.372
796.1875	43.724	50.315
795.7617	43.755	50.253
795.3357	43.832	50.183
794.9097	43.885	50.099
794.4836	43.947	50.000
794.0574	43.985	49.973
793.6310	44.002	49.903
793.2047	44.054	49.809
792.7782	44.094	49.752
792.3516	44.130	49.709
791.9249	44.142	49.663
791.4982	44.199	49.601
791.0714	44.233	49.558
790.6444	44.265	49.514
790.2173	44.332	49.460
789.7902	44.379	49.389
789.3630	44.422	49.325
788.9357	44.466	49.293
788.5083	44.499	49.239
788.0807	44.513	49.214
787.6532	44.538	49.163
787.2255	44.577	49.123
786.7977	44.612	49.033
786.3699	44.620	48.987
785.9419	44.653	48.944
785.5139	44.696	48.899
785.0857	44.720	48.842
784.6575	44.760	48.760
784.2291	44.794	48.721
783.8007	44.828	48.662
783.3722	44.869	48.611
782.9435	44.928	48.550
782.5148	44.959	48.498
782.0861	44.972	48.475
781.6572	44.988	48.451
781.2282	45.020	48.408
780.7991	45.064	48.376
780.3699	45.109	48.333
779.9407	45.158	48.291
779.5113	45.192	48.251
779.0818	45.260	48.186
778.6523	45.312	48.105
778.2227	45.363	48.026
777.7930	45.410	47.983
777.3632	45.463	47.931
776.9332	45.521	47.875
776.5032	45.566	47.822
776.0731	45.607	47.765
775.6429	45.645	47.695
775.2126	45.711	47.642
774.7822	45.777	47.591
774.3517	45.812	47.563
773.9212	45.848	47.506
773.4905	45.884	47.464
773.0598	45.920	47.408
772.6289	45.970	47.343
772.1980	46.036	47.263
771.7669	46.072	47.195
771.3358	46.116	47.139
770.9046	46.159	47.081
770.4733	46.198	47.032
770.0419	46.237	46.985
769.6104	46.282	46.937
769.1787	46.317	46.893
768.7471	46.362	46.846
768.3152	46.406	46.798
767.8834	46.450	46.714
767.4514	46.504	46.627
767.0193	46.559	46.564
766.5872	46.610	46.492
766.1549	46.663	46.420
765.7225	46.715	46.378
765.2901	46.768	46.334
764.8575	46.811	46.292
764.4249	46.842	46.229
763.9922	46.877	46.170
763.5593	46.942	46.091
763.1264	46.999	46.046
762.6934	47.029	45.955
762.2603	47.091	45.883
761.8271	47.126	45.824
761.3938	47.196	45.754
760.9604	47.256	45.670
760.5269	47.298	45.609
760.0933	47.351	45.532
759.6597	47.397	45.450
759.2259	47.453	45.402
758.7921	47.493	45.351
758.3581	47.551	45.264
757.9240	47.608	45.192
757.4899	47.660	45.126
757.0556	47.723	45.064
756.6213	47.770	44.996
756.1868	47.834	44.907
755.7523	47.870	44.850
755.3177	47.916	44.776
754.8830	47.977	44.718
754.4482	48.032	44.661
754.0132	48.082	44.605
753.5782	48.113	44.528
753.1431	48.159	44.456
752.7079	48.205	44.385
752.2726	48.260	44.309
751.8373	48.317	44.235
751.4018	48.371	44.132
750.9662	48.423	44.055
750.5306	48.480	43.989
750.0948	48.535	43.898
749.6589	48.578	43.814
749.2230	48.631	43.732
748.7869	48.683	43.662
748.3508	48.725	43.574
747.9146	48.753	43.518
747.4782	48.805	43.459
747.0417	48.846	43.381
746.6052	48.894	43.293
746.1686	48.939	43.198
745.7319	48.997	43.099
745.2950	49.038	43.014
744.8582	49.092	42.907
744.4211	49.132	42.829
743.9841	49.160	42.754
743.5468	49.216	42.652
743.1096	49.266	42.574
742.6722	49.312	42.508
742.2347	49.364	42.435
741.7971	49.418	42.337
741.3594	49.468	42.251
740.9216	49.509	42.173
740.4838	49.561	42.088
740.0458	49.610	42.019
739.6077	49.653	41.947
739.1696	49.694	41.857
738.7313	49.738	41.774
738.2930	49.789	41.675
737.8545	49.834	41.582
737.4160	49.877	41.491
736.9773	49.938	41.405
736.5386	49.995	41.317
736.0997	50.048	41.239
735.6608	50.097	41.154
735.2218	50.146	41.070
734.7827	50.197	41.003
734.3434	50.241	40.904
733.9041	50.292	40.797
733.4647	50.342	40.700
733.0252	50.396	40.618
732.5856	50.441	40.507
732.1459	50.499	40.408
731.7061	50.565	40.317
731.2662	50.611	40.235
730.8262	50.660	40.141
730.3861	50.725	40.059
729.9459	50.781	39.957
729.5057	50.847	39.857
729.0653	50.906	39.733
728.6248	50.952	39.637
728.1843	51.000	39.540
727.7436	51.060	39.438
727.3028	51.112	39.349
726.8619	51.166	39.226
726.4210	51.216	39.123
725.9799	51.267	39.013
725.5388	51.338	38.885
725.0975	51.398	38.758
724.6561	51.456	38.643
724.2147	51.517	38.530
723.7732	51.572	38.418
723.3315	51.634	38.309
722.8898	51.689	38.170
722.4479	51.743	38.053
722.0060	51.797	37.933
721.5640	51.864	37.787
721.1218	51.921	37.664
720.6796	51.972	37.545
720.2373	52.034	37.413
719.7949	52.085	37.308
719.3524	52.136	37.184
718.9097	52.192	37.057
718.4670	52.250	36.922
718.0242	52.304	36.773
717.5813	52.368	36.624
717.1383	52.434	36.481
716.6952	52.494	36.335
716.2520	52.553	36.199
715.8087	52.615	36.038
715.3653	52.674	35.892
714.9218	52.735	35.765
714.4782	52.790	35.621
714.0345	52.847	35.457
713.5907	52.902	35.312
713.1469	52.971	35.157
712.7028	53.031	35.003
712.2588	53.082	34.850
711.8146	53.139	34.690
711.3703	53.205	34.532
710.9259	53.260	34.362
710.4814	53.316	34.206
710.0369	53.373	34.050
709.5922	53.428	33.889
709.1474	53.480	33.733
708.7026	53.537	33.572
708.2576	53.595	33.414
707.8125	53.650	33.257
707.3674	53.717	33.089
706.9221	53.776	32.922
706.4767	53.839	32.750
706.0313	53.900	32.565
705.5857	53.958	32.394
705.1401	54.012	32.224
704.6943	54.068	32.056
704.2484	54.128	31.884
703.8025	54.185	31.713
703.3564	54.236	31.525
702.9103	54.293	31.353
702.4641	54.354	31.164
702.0177	54.409	30.985
701.5712	54.464	30.808
701.1247	54.517	30.634
700.6780	54.577	30.457
700.2313	54.630	30.277
699.7844	54.678	30.094
699.3375	54.732	29.915
698.8904	54.784	29.729
698.4433	54.837	29.546
697.9961	54.892	29.342
697.5488	54.955	29.145
697.1013	55.009	28.958
696.6537	55.066	28.769
696.2061	55.122	28.569
695.7584	55.179	28.382
695.3105	55.238	28.187
694.8626	55.293	27.989
694.4146	55.348	27.796
693.9664	55.403	27.603
693.5182	55.446	27.409
693.0699	55.501	27.211
692.6215	55.548	27.018
692.1729	55.601	26.815
691.7243	55.655	26.610
691.2756	55.711	26.404
690.8267	55.761	26.200
690.3778	55.807	25.988
689.9288	55.857	25.775
689.4797	55.911	25.564
689.0304	55.966	25.361
688.5811	56.014	25.157
688.1317	56.063	24.947
687.6821	56.109	24.742
687.2325	56.157	24.521
686.7828	56.208	24.309
686.3329	56.254	24.095
685.8830	56.306	23.882
685.4330	56.360	23.669
684.9828	56.411	23.447
684.5327	56.459	23.235
684.0823	56.511	23.009
683.6319	56.562	22.788
683.1813	56.610	22.569
682.7307	56.659	22.333
682.2800	56.714	22.107
681.8292	56.770	21.871
681.3782	56.821	21.644
680.9272	56.870	21.413
680.4761	56.924	21.180
680.0248	56.972	20.945
679.5735	57.017	20.713
679.1221	57.074	20.477
678.6705	57.122	20.245
678.2189	57.165	20.013
677.7672	57.205	19.773
677.3154	57.249	19.537
676.8634	57.290	19.297
676.4114	57.338	19.060
675.9592	57.381	18.813
675.5070	57.423	18.572
675.0547	57.469	18.336
674.6022	57.515	18.092
674.1497	57.555	17.845
673.6971	57.596	17.600
673.2443	57.634	17.357
672.7915	57.677	17.107
672.3386	57.720	16.858
671.8855	57.760	16.610
671.4324	57.797	16.355
670.9791	57.833	16.102
670.5258	57.873	15.835
670.0723	57.909	15.575
669.6188	57.952	15.317
669.1651	57.985	15.060
668.7114	58.016	14.804
668.2575	58.046	14.543
667.8035	58.078	14.281
667.3495	58.111	14.011
666.8953	58.141	13.747
666.4411	58.170	13.481
665.9868	58.198	13.222
665.5323	58.221	12.949
665.0777	58.247	12.677
664.6230	58.275	12.398
664.1683	58.303	12.126
663.7134	58.327	11.853
663.2584	58.350	11.576
662.8034	58.371	11.292
662.3482	58.389	11.018
661.8929	58.408	10.738
661.4376	58.429	10.458
660.9821	58.453	10.180
660.5265	58.473	9.901
660.0708	58.493	9.623
659.6151	58.509	9.336
659.1592	58.528	9.051
658.7032	58.540	8.766
658.2471	58.552	8.477
657.7909	58.563	8.190
657.3346	58.575	7.904
656.8782	58.584	7.621
656.4218	58.595	7.328
655.9651	58.607	7.033
655.5084	58.617	6.738
655.0516	58.629	6.440
654.5947	58.632	6.149
654.1377	58.630	5.854
653.6806	58.635	5.554
653.2234	58.644	5.256
652.7661	58.647	4.957
652.3087	58.653	4.655
651.8511	58.652	4.357
651.3936	58.644	4.058
650.9358	58.640	3.757
650.4780	58.639	3.460
650.0201	58.639	3.156
649.5620	58.641	2.860
649.1039	58.642	2.549
648.6457	58.640	2.236
648.1873	58.637	1.928
647.7289	58.628	1.615
647.2703	58.622	1.311
646.8117	58.612	0.989
646.3530	58.606	0.681
645.8941	58.597	0.372
645.4351	58.587	0.055
644.9761	58.575	359.750
644.5169	58.560	359.425
644.0577	58.544	359.108
643.5983	58.530	358.791
643.1389	58.513	358.489
642.6793	58.493	358.178
642.2196	58.475	357.862
641.7598	58.458	357.546
641.2999	58.435	357.227
640.8400	58.415	356.906
640.3799	58.387	356.584
639.9197	58.360	356.258
639.4594	58.333	355.943
638.9990	58.312	355.617
638.5385	58.281	355.296
638.0779	58.257	354.978
637.6172	58.228	354.662
637.1564	58.196	354.345
636.6954	58.164	354.032
636.2344	58.131	353.706
635.7733	58.102	353.396
635.3121	58.067	353.072
634.8508	58.024	352.743
634.3893	57.988	352.423
633.9278	57.941	352.103
633.4662	57.902	351.777
633.0044	57.863	351.456
632.5425	57.824	351.151
632.0806	57.783	350.836
631.6186	57.743	350.545
631.1564	57.703	350.239
630.6942	57.670	349.921
630.2318	57.614	349.590
629.7693	57.559	349.272
629.3068	57.501	348.942
628.8441	57.451	348.634
628.3813	57.397	348.311
627.9184	57.338	347.982
627.4554	57.281	347.678
626.9923	57.222	347.364
626.5291	57.177	347.068
626.0658	57.106	346.753
625.6024	57.051	346.443
625.1389	56.996	346.167
624.6753	56.989	345.900
624.2115	56.928	345.613
623.7477	56.856	345.309
623.2838	56.750	344.991
622.8198	56.639	344.659
622.3557	56.501	344.240
621.8914	56.399	343.848
621.4271	56.301	343.455
620.9626	56.229	343.061
620.4980	56.193	342.702
620.0334	56.139	342.312
619.5687	56.116	341.926
619.1038	56.073	341.558
618.6388	56.012	341.187
618.1737	55.956	340.811
617.7086	55.923	340.449
617.2433	55.885	340.094
616.7779	55.834	339.740
616.3124	55.787	339.399
615.8468	55.734	339.069
615.3810	55.690	338.718
614.9153	55.643	338.384
614.4493	55.600	338.058
613.9833	55.553	337.751
613.5172	55.500	337.429
613.0510	55.455	337.114
612.5847	55.414	336.808
612.1182	55.369	336.504
611.6517	55.325	336.199
611.1850	55.273	335.906
610.7183	55.220	335.624
610.2514	55.170	335.331
609.7844	55.119	335.045
609.3173	55.065	334.766
608.8502	55.010	334.489
608.3829	54.961	334.232
607.9155	54.901	333.971
607.4480	54.841	333.718
606.9804	54.776	333.465
606.5127	54.711	333.208
606.0449	54.640	332.961
605.5770	54.572	332.723
605.1089	54.499	332.482
604.6408	54.423	332.236
604.1726	54.344	331.996
603.7042	54.265	331.770
603.2358	54.179	331.546
602.7673	54.094	331.326
602.2986	54.003	331.108
601.8298	53.919	330.889
601.3610	53.830	330.677
600.8920	53.741	330.467
600.4229	53.645	330.264
599.9537	53.548	330.063
599.4844	53.446	329.869
599.0150	53.345	329.678
598.5455	53.241	329.472
598.0759	53.137	329.271
597.6062	53.034	329.083
597.1364	52.918	328.904
596.6664	52.806	328.726
596.1964	52.693	328.545
595.7263	52.573	328.377
595.2560	52.457	328.200
594.7857	52.332	328.027
594.3152	52.208	327.851
593.8447	52.079	327.678
593.3740	51.949	327.507
592.9032	51.813	327.336
592.4323	51.670	327.159
591.9613	51.520	326.995
591.4902	51.387	326.830
591.0190	51.251	326.665
590.5477	51.115	326.497
590.0763	50.971	326.336
589.6048	50.821	326.167
589.1331	50.674	325.994
588.6614	50.525	325.802
588.1896	50.382	325.632
587.7176	50.230	325.467
587.2455	50.091	325.277
586.7734	49.934	325.089
586.3011	49.774	324.859
585.8287	49.571	324.647
585.3563	49.406	324.399
584.8837	49.245	324.135
584.4109	49.105	323.827
583.9382	48.978	323.526
583.4652	48.885	323.274
582.9922	48.774	323.017
582.5191	48.679	322.779
582.0458	48.576	322.565
581.5725	48.456	322.365
581.0991	48.339	322.155
580.6255	48.192	321.969
580.1519	48.059	321.763
579.6780	47.943	321.551
579.2042	47.823	321.343
578.7302	47.686	321.147
578.2561	47.554	320.953
577.7819	47.426	320.754
577.3076	47.301	320.555
576.8332	47.186	320.349
576.3586	47.057	320.165
575.8840	46.936	319.984
575.4093	46.812	319.801
574.9344	46.689	319.611
574.4595	46.572	319.425
573.9844	46.450	319.240
573.5092	46.327	319.051
573.0339	46.202	318.867
572.5586	46.075	318.685
572.0831	45.953	318.504
571.6075	45.832	318.319
571.1318	45.708	318.150
570.6559	45.582	317.979
570.1801	45.456	317.808
569.7040	45.327	317.642
569.2278	45.197	317.475
568.7516	45.070	317.307
568.2753	44.941	317.140
567.7988	44.816	316.972
567.3222	44.687	316.802
566.8455	44.563	316.637
566.3687	44.432	316.476
565.8918	44.304	316.319
565.4149	44.178	316.164
564.9377	44.049	316.012
564.4605	43.920	315.857
563.9832	43.792	315.693
563.5057	43.659	315.534
563.0282	43.534	315.373
562.5505	43.407	315.218
562.0728	43.276	315.064
561.5948	43.146	314.910
561.1169	43.014	314.755
560.6388	42.886	314.601
560.1606	42.758	314.446
559.6823	42.628	314.288
559.2039	42.499	314.137
558.7253	42.363	313.986
558.2467	42.231	313.843
557.7679	42.099	313.690
557.2891	41.968	313.538
556.8102	41.840	313.393
556.3311	41.708	313.248
555.8519	41.575	313.110
555.3726	41.442	312.960
554.8932	41.307	312.813
554.4137	41.174	312.666
553.9341	41.039	312.523
553.4543	40.904	312.381
552.9745	40.765	312.237
552.4946	40.629	312.103
552.0145	40.492	311.969
551.5344	40.356	311.833
551.0541	40.217	311.701
550.5737	40.081	311.565
550.0933	39.944	311.428
549.6127	39.809	311.296
549.1320	39.670	311.160
548.6511	39.530	311.022
548.1702	39.390	310.887
547.6891	39.249	310.755
547.2080	39.111	310.625
546.7267	38.971	310.497
546.2454	38.833	310.371
545.7639	38.694	310.246
545.2823	38.552	310.117
544.8007	38.413	309.985
544.3188	38.271	309.851
543.8369	38.134	309.724
543.3549	37.995	309.595
542.8728	37.857	309.470
542.3905	37.712	309.347
541.9082	37.574	309.218
541.4257	37.432	309.088
540.9431	37.290	308.960
540.4604	37.148	308.841
539.9777	37.007	308.716
539.4948	36.867	308.587
539.0118	36.726	308.464
538.5286	36.583	308.349
538.0454	36.443	308.232
537.5621	36.299	308.112
537.0786	36.160	307.993
536.5950	36.025	307.875
536.1114	35.883	307.759
535.6276	35.739	307.643
535.1437	35.597	307.525
534.6597	35.457	307.412
534.1756	35.320	307.298
533.6913	35.176	307.184
533.2070	35.037	307.067
532.7226	34.904	306.959
532.2380	34.766	306.844
531.7534	34.626	306.737
531.2686	34.490	306.633
530.7837	34.351	306.526
530.2987	34.215	306.408
529.8136	34.078	306.298
529.3284	33.941	306.189
528.8430	33.806	306.084
528.3576	33.671	305.969
527.8720	33.535	305.857
527.3864	33.399	305.751
526.9006	33.265	305.639
526.4147	33.138	305.529
525.9287	33.004	305.423
525.4426	32.871	305.312
524.9564	32.739	305.201
524.4700	32.613	305.092
523.9836	32.481	304.987
523.4971	32.352	304.873
523.0104	32.222	304.770
522.5236	32.092	304.666
522.0367	31.967	304.560
521.5497	31.841	304.453
521.0626	31.714	304.347
520.5754	31.588	304.244
520.0881	31.460	304.141
519.6006	31.334	304.040
519.1131	31.201	303.932
518.6254	31.077	303.827
518.1377	30.949	303.721
517.6498	30.822	303.615
517.1618	30.688	303.519
516.6737	30.558	303.418
516.1855	30.432	303.307
515.6971	30.307	303.203
515.2087	30.178	303.096
514.7202	30.050	302.994
514.2314	29.916	302.881
513.7427	29.784	302.786
513.2538	29.658	302.684
512.7648	29.532	302.573
512.2757	29.402	302.464
511.7864	29.278	302.355
511.2971	29.150	302.240
510.8076	29.025	302.130
510.3181	28.895	302.020
509.8284	28.762	301.911
509.3386	28.624	301.805
508.8488	28.493	301.694
508.3587	28.364	301.588
507.8686	28.236	301.485
507.3784	28.101	301.363
506.8880	27.962	301.251
506.3976	27.829	301.132
505.9070	27.694	301.019
505.4163	27.564	300.895
504.9255	27.428	300.778
504.4346	27.293	300.656
503.9436	27.156	300.544
503.4525	27.013	300.422
502.9612	26.874	300.303
502.4698	26.734	300.179
501.9784	26.592	300.053
501.4868	26.447	299.943
500.9951	26.304	299.832
500.5033	26.161	299.715
500.0114	26.021	299.597
499.5193	25.877	299.469
499.0272	25.732	299.355
498.5349	25.586	299.238
498.0426	25.438	299.119
497.5501	25.291	299.004
497.0575	25.149	298.880
496.5648	25.003	298.752
496.0720	24.855	298.629
495.5790	24.710	298.505
495.0860	24.568	298.374
494.5928	24.423	298.254
494.0995	24.278	298.127
493.6062	24.132	297.999
493.1127	23.987	297.877
492.6190	23.842	297.749
492.1253	23.696	297.621
491.6315	23.547	297.497
491.1375	23.401	297.368
490.6435	23.253	297.238
490.1493	23.107	297.102
489.6550	22.957	296.980
489.1606	22.807	296.844
488.6661	22.659	296.709
488.1714	22.512	296.569
487.6767	22.362	296.429
487.1818	22.216	296.299
486.6869	22.069	296.164
486.1918	21.923	296.034
485.6966	21.768	295.903
485.2013	21.618	295.757
484.7058	21.467	295.623
484.2103	21.320	295.497
483.7146	21.171	295.364
483.2189	21.022	295.229
482.7230	20.872	295.100
482.2270	20.723	294.966
481.7309	20.570	294.824
481.2346	20.415	294.692
480.7383	20.260	294.555
480.2419	20.110	294.422
479.7453	19.958	294.284
479.2486	19.802	294.140
478.7518	19.642	293.994
478.2549	19.489	293.855
477.7579	19.332	293.716
477.2608	19.178	293.574
476.7635	19.020	293.427
476.2662	18.872	293.281
475.7687	18.719	293.133
475.2711	18.559	292.995
474.7734	18.398	292.836
474.2756	18.240	292.687
473.7776	18.076	292.537
473.2796	17.914	292.402
472.7814	17.756	292.242
472.2831	17.586	292.088
471.7848	17.423	291.949
471.2863	17.262	291.797
470.7876	17.092	291.636
470.2889	16.922	291.484
469.7900	16.751	291.326
469.2911	16.581	291.163
468.7920	16.418	291.004
468.2928	16.258	290.841
467.7935	16.087	290.668
467.2941	15.911	290.499
466.7945	15.735	290.324
466.2949	15.561	290.171
465.7951	15.393	289.997
465.2952	15.217	289.833
464.7952	15.049	289.655
464.2951	14.865	289.483
463.7949	14.683	289.294
463.2946	14.503	289.136
462.7941	14.322	288.939
462.2935	14.152	288.772
461.7928	13.966	288.584
461.2921	13.789	288.404
460.7911	13.606	288.224
460.2901	13.426	288.026
459.7889	13.243	287.828
459.2877	13.058	287.648
458.7863	12.876	287.444
458.2848	12.697	287.230
457.7832	12.501	287.012
457.2815	12.306	286.798
456.7796	12.126	286.588
456.2777	11.945	286.379
455.7756	11.753	286.159
455.2734	11.572	285.952
454.7711	11.386	285.717
454.2687	11.206	285.474
453.7662	11.017	285.234
453.2635	10.825	284.986
452.7608	10.636	284.736
452.2579	10.444	284.477
451.7549	10.253	284.214
451.2518	10.060	283.941
450.7485	9.866	283.661
450.2452	9.672	283.372
449.7417	9.475	283.071
449.2382	9.282	282.768
448.7345	9.084	282.448
448.2307	8.887	282.121
447.7267	8.690	281.781
447.2227	8.491	281.428
446.7186	8.290	281.057
446.2143	8.091	280.675
445.7099	7.890	280.276
445.2054	7.688	279.858
444.7008	7.486	279.421
444.1960	7.284	278.963
443.6912	7.080	278.481
443.1862	6.876	277.973
442.6812	6.673	277.443
442.1759	6.468	276.874
441.6706	6.263	276.275
441.1652	6.057	275.636
440.6596	5.851	274.958
440.1540	5.643	274.222
439.6482	5.643	274.222

