# lams, desv_psi, desv_delta
999.792500 0.121025 0.143563
999.408900 0.121025 0.143563
999.025300 0.121025 0.143563
998.641500 0.121025 0.143563
998.257800 0.121025 0.143563
997.873900 0.121025 0.143563
997.490000 0.121025 0.143563
997.106000 0.121025 0.143563
996.721900 0.121025 0.143563
996.337700 0.121025 0.143563
995.953500 0.121025 0.143563
995.569200 0.121025 0.143563
995.184800 0.121025 0.143563
994.800300 49.939477 103.805590
994.415800 49.939477 103.805590
994.031100 5.347066 84.921977
993.646400 5.606367 93.832578
993.261700 14.789162 70.866458
992.876800 3.962850 99.869893
992.491900 8.362510 95.566549
992.106900 1.114607 5.729077
991.721800 0.762820 5.329689
991.336700 0.678230 5.404268
990.951400 0.545309 2.261468
990.566100 1.094100 1.675234
990.180700 0.967676 0.967006
989.795300 0.960899 1.374994
989.409700 1.127506 0.526913
989.024100 1.002791 0.294232
988.638400 1.760803 0.324577
988.252600 0.323608 0.085407
987.866800 0.395659 0.134179
987.480900 2.375426 0.933270
987.094900 0.239450 0.304436
986.708800 0.253544 0.770520
986.322600 0.244313 0.981574
985.936400 0.940435 0.901203
985.550100 0.193194 1.678282
985.163800 0.583577 1.575400
984.777300 0.799116 1.306611
984.390700 0.474131 0.735844
984.004100 0.527287 1.437343
983.617400 1.783268 6.454669
983.230700 1.056168 3.331085
982.843800 0.730417 0.283285
982.456900 0.667272 4.008378
982.069900 1.770975 12.611301
981.682800 3.479653 2.062714
981.295700 2.368977 1.222206
980.908400 0.463403 0.286047
980.521100 0.246711 0.779193
980.133700 0.268475 0.563757
979.746300 0.207505 0.277366
979.358700 0.263989 0.746420
978.971100 0.316877 2.270344
978.583400 0.174646 1.528785
978.195600 0.116914 0.794915
977.807700 0.224135 0.364452
977.419900 0.358555 0.520770
977.031900 0.557922 0.267975
976.643700 0.771619 2.642492
976.255600 0.413946 0.569827
975.867400 0.447451 0.257062
975.479000 0.513310 0.535288
975.090600 0.803104 0.790696
974.702100 1.008501 0.670843
974.313600 0.754948 0.737521
973.925000 1.011415 0.657633
973.536300 1.272135 0.812597
973.147500 1.876498 2.430746
972.758600 2.772504 5.554771
972.369700 2.426263 5.734103
971.980700 0.919257 0.788354
971.591600 0.437687 3.244415
971.202400 0.577864 5.405795
970.813100 18.380026 2.580552
970.423800 4.060258 98.249016
970.034400 9.630557 103.034524
969.644900 20.869649 100.273256
969.255300 11.999607 102.323580
968.865700 9.926938 102.648568
968.476000 8.988541 103.175928
968.086100 8.452122 103.482037
967.696200 8.129242 103.446267
967.306300 7.975812 103.257784
966.916300 7.884781 102.864220
966.526100 10.461308 100.501273
966.135900 7.746719 103.470500
965.745700 29.769668 95.674695
965.355300 12.592257 95.197968
964.964900 13.096568 94.336498
964.574300 12.673141 10.515160
964.183800 17.444627 7.152041
963.793100 5.935903 1.918745
963.402300 6.653196 2.765129
963.011500 2.376158 2.819679
962.620700 6.779072 4.166203
962.229700 2.983555 1.677692
961.838600 0.460485 3.197232
961.447400 1.243548 6.913269
961.056200 1.468234 3.868374
960.664900 1.823056 3.622213
960.273600 1.262260 3.108305
959.882100 2.239395 9.794752
959.490500 1.152701 1.852172
959.098900 0.768220 1.147086
958.707300 1.432948 1.337419
958.315500 1.177443 0.218976
957.923600 1.079012 0.189637
957.531700 1.825399 0.513115
957.139600 1.369836 1.756963
956.747600 0.455685 0.806744
956.355400 0.461607 14.972284
955.963200 0.370506 1.389134
955.570900 0.191768 1.934558
955.178400 0.694805 2.392486
954.785900 1.149005 2.147321
954.393400 1.091514 1.788766
954.000700 0.848702 2.349559
953.608000 1.010273 3.138578
953.215200 1.434627 2.472784
952.822300 1.148383 1.418242
952.429300 0.774534 1.016003
952.036300 1.085037 0.513945
951.643200 0.492711 2.075238
951.249900 0.712353 1.997550
950.856700 1.991437 2.896696
950.463300 4.061841 9.255941
950.069900 4.329146 2.723558
949.676300 2.566650 0.988160
949.282700 32.865122 103.636746
948.889000 30.223603 102.299121
948.495300 31.075359 103.394258
948.101400 7.678984 32.540504
947.707500 4.162615 21.606926
947.313500 7.599888 44.773869
946.919400 4.991133 32.860590
946.525300 12.008887 50.496996
946.131000 0.900083 92.989274
945.736700 8.645308 23.490120
945.342300 1.961326 6.175557
944.947800 3.829090 13.560713
944.553200 4.457808 17.459431
944.158600 4.687306 17.984061
943.763900 4.084869 17.230303
943.369100 3.764497 12.641521
942.974200 1.778010 4.982270
942.579200 6.209860 12.639123
942.184100 1.022864 82.200421
941.789000 2.747509 84.740898
941.393800 3.404936 2.034790
940.998500 0.383072 1.978920
940.603100 1.733752 1.544769
940.207700 1.868078 2.380555
939.812200 0.604762 4.250392
939.416600 0.496160 1.685033
939.020900 0.428493 2.052780
938.625100 0.705109 1.972063
938.229200 1.195199 0.481200
937.833300 0.730759 1.273898
937.437300 0.493056 0.583483
937.041200 0.379117 0.949411
936.645000 0.588507 0.667549
936.248700 0.925860 0.777026
935.852400 2.709831 1.703768
935.456000 1.419589 1.160645
935.059400 1.046884 0.926605
934.662900 0.742677 0.788461
934.266200 0.872451 1.261461
933.869400 0.360767 1.577766
933.472700 0.570383 1.094841
933.075700 0.499676 1.894281
932.678700 0.556905 1.843936
932.281700 0.678550 1.902839
931.884500 0.720222 2.273721
931.487300 0.885368 1.637788
931.090000 21.723513 103.782568
930.692600 0.309287 0.648560
930.295100 0.173908 0.682487
929.897500 0.200492 0.718062
929.499900 1.270620 6.211711
929.102200 1.606290 2.791342
928.704300 0.310026 2.290103
928.306500 17.665944 178.030154
927.908500 0.589636 1.609350
927.510400 0.742823 1.284106
927.112300 0.863002 0.803988
926.714100 1.103997 0.419475
926.315800 1.324651 0.314533
925.917400 1.696132 13.216106
925.519000 0.621476 2.646610
925.120400 0.173166 1.117427
924.721800 0.821127 1.634354
924.323100 1.082812 2.590813
923.924300 2.168471 1.094159
923.525500 0.717584 0.562630
923.126500 0.611628 1.201503
922.727500 0.568022 1.285959
922.328300 1.167252 5.100459
921.929100 1.045199 4.096491
921.529800 1.361352 3.231500
921.130500 1.381476 3.634547
920.731100 1.890911 3.466592
920.331500 1.287914 3.617845
919.931900 0.973866 2.834837
919.532200 0.927268 0.933807
919.132400 1.120714 1.423085
918.732600 0.938654 0.783737
918.332600 0.940960 0.958377
917.932600 1.041240 0.365845
917.532500 0.190348 6.862793
917.132300 0.272149 4.104166
916.732100 1.055681 2.199184
916.331700 0.650096 10.373766
915.931300 0.007550 5.666939
915.530800 0.113694 2.191834
915.130200 0.802920 4.085899
914.729500 6.246328 5.277403
914.328700 1.075623 1.317792
913.927900 1.668606 4.891407
913.527000 0.999617 9.515044
913.125900 0.466572 1.767906
912.724900 0.593799 0.887804
912.323700 0.632663 0.401329
911.922400 0.511480 0.701459
911.521100 3.468485 8.849579
911.119600 10.953606 99.348109
910.718100 10.332519 39.347651
910.316500 2.216035 97.020954
909.914900 5.680002 86.034031
909.513100 9.593379 94.579552
909.111300 11.927858 100.329583
908.709300 12.874181 102.929780
908.307300 13.009017 103.215912
907.905200 10.974700 101.593953
907.503100 2.325471 95.157150
907.100800 10.031800 94.394938
906.698400 9.116489 87.350999
906.296000 3.174610 78.378353
905.893500 6.401591 71.015788
905.490900 7.022841 76.461309
905.088300 5.799692 75.284337
904.685500 1.653932 62.218161
904.282600 13.925249 80.962722
903.879700 0.605486 1.603282
903.476700 5.385527 1.332223
903.073600 13.829450 2.128656
902.670400 8.293487 0.611883
902.267200 3.390731 3.522352
901.863800 0.753598 79.976455
901.460400 1.448187 4.794199
901.056900 0.319297 0.546328
900.653300 0.611399 3.019530
900.249600 0.470754 1.158495
899.845800 0.303286 2.000803
899.442000 0.274257 2.649420
899.038000 0.262491 2.779857
898.634000 0.223178 2.855389
898.229900 9.667567 100.851564
897.825700 0.174684 2.508341
897.421400 0.202372 0.844618
897.017100 0.508511 0.191818
896.612700 0.229502 2.890434
896.208100 0.362915 0.434456
895.803500 0.407982 0.211851
895.398900 0.485620 0.008000
894.994100 0.451115 0.095002
894.589200 0.458485 0.080075
894.184300 0.398924 1.020746
893.779200 0.307508 2.286446
893.374100 0.303161 2.479685
892.968900 0.189613 2.117723
892.563700 1.224297 1.803933
892.158300 3.209907 1.885422
891.752800 0.212713 3.931069
891.347300 0.323277 2.145098
890.941700 0.691247 1.389269
890.535900 0.968335 1.228851
890.130200 1.265528 1.281040
889.724300 2.278204 3.255763
889.318400 0.735303 1.833609
888.912300 1.063114 0.872982
888.506200 2.495728 0.606247
888.100000 1.011825 1.273940
887.693700 0.800546 1.067500
887.287300 0.744093 1.079148
886.880800 0.660561 1.025059
886.474300 0.982092 1.088283
886.067600 0.559823 1.034910
885.660900 1.284409 2.125119
885.254100 0.768368 0.215738
884.847200 0.944206 0.126532
884.440200 1.072646 0.344596
884.033200 1.241349 0.098605
883.626000 5.775198 0.053780
883.218800 8.922228 0.084831
882.811500 11.543999 1.101465
882.404100 5.497202 7.231048
881.996600 0.459501 3.906194
881.589000 1.341232 1.797456
881.181300 0.814990 0.342580
880.773600 1.766898 3.480460
880.365800 0.851681 3.046619
879.957900 0.685302 3.688446
879.549900 0.435243 2.392174
879.141800 0.315863 1.149138
878.733600 0.918245 3.972008
878.325300 0.537009 0.626010
877.917000 0.439393 2.870187
877.508500 0.398398 5.720964
877.100000 0.417522 7.870958
876.691500 0.538150 8.423013
876.282800 0.388269 7.795671
875.874000 0.151133 6.238166
875.465100 0.314800 5.645274
875.056200 0.329564 3.108635
874.647200 0.765937 13.439352
874.238000 0.313530 0.413219
873.828900 0.926585 1.245259
873.419600 0.885753 0.567712
873.010200 1.027482 0.503405
872.600700 0.917061 0.512502
872.191200 0.745071 0.270666
871.781600 0.843414 0.142903
871.371800 1.071481 0.404218
870.962000 2.646852 0.693837
870.552100 4.278514 4.773575
870.142200 4.771363 0.583087
869.732100 2.170889 0.942444
869.321900 1.308706 0.350292
868.911700 0.882343 0.222617
868.501300 0.703798 0.112758
868.090900 0.689503 0.136873
867.680500 0.761150 0.133960
867.269900 0.944682 0.029670
866.859200 1.042211 0.047057
866.448500 1.189179 0.141743
866.037600 1.112722 0.157925
865.626700 1.063220 0.219810
865.215700 1.132987 0.188550
864.804600 0.965687 0.199369
864.393400 0.836278 0.199164
863.982100 0.627010 0.215251
863.570700 0.622778 0.173371
863.159300 0.719941 0.035346
862.747700 0.667220 0.103378
862.336100 0.780476 0.141783
861.924400 0.949500 0.093943
861.512600 1.027459 0.197198
861.100800 1.079750 0.266125
860.688800 1.157228 0.446069
860.276700 0.942741 0.496496
859.864600 0.728164 0.511003
859.452300 0.698543 0.441544
859.040000 1.026430 0.281624
858.627600 2.101101 0.125001
858.215100 1.867519 0.122940
857.802600 0.815347 0.073928
857.389900 0.703874 0.094241
856.977100 0.687849 0.079406
856.564300 0.729352 0.115572
856.151400 0.985801 0.158357
855.738300 1.330683 0.226213
855.325300 1.356748 0.171188
854.912000 1.186834 0.187662
854.498800 0.717298 0.130539
854.085400 0.895162 0.113618
853.671900 1.340943 0.003606
853.258400 2.327702 0.084890
852.844800 2.481427 0.176001
852.431100 2.069632 0.204105
852.017300 1.367269 0.157507
851.603400 0.882028 0.266346
851.189400 0.737686 0.308075
850.775300 0.750500 0.344597
850.361200 0.893769 0.345665
849.947000 0.787221 0.233072
849.532600 0.714522 0.251597
849.118200 0.676350 0.227921
848.703700 0.753748 0.132827
848.289100 0.746863 0.059045
847.874400 0.693658 0.054629
847.459700 0.728867 0.091657
847.044800 0.628744 0.118424
846.629800 0.617157 0.130806
846.214800 0.636562 0.138174
845.799700 0.752108 0.082614
845.384500 0.740525 0.094177
844.969200 0.742817 0.021221
844.553800 0.714560 0.117628
844.138300 0.839697 0.050319
843.722700 0.688189 0.191196
843.307100 0.693171 0.207926
842.891400 0.861553 0.169438
842.475500 0.779593 0.105513
842.059600 0.780942 0.061539
841.643600 0.772203 0.063151
841.227500 0.749539 0.055245
840.811300 0.705947 0.053395
840.395100 0.700297 0.061598
839.978700 0.678216 0.062931
839.562300 0.654165 0.062083
839.145700 0.657629 0.057813
838.729100 0.672536 0.056722
838.312400 0.661127 0.053426
837.895600 0.667856 0.079793
837.478700 0.672339 0.070614
837.061700 0.672364 0.082373
836.644700 0.673115 0.076009
836.227500 0.673431 0.083740
835.810200 0.671129 0.089400
835.392900 0.661553 0.097439
834.975500 0.669122 0.091929
834.557900 0.666509 0.092813
834.140300 0.658242 0.097823
833.722700 0.667953 0.098148
833.304900 0.672171 0.093490
832.887000 0.676458 0.086858
832.469100 0.684363 0.090512
832.051000 0.685895 0.090694
831.632900 0.679541 0.090996
831.214600 0.679373 0.084772
830.796300 0.690038 0.080649
830.377900 0.684872 0.077022
829.959400 0.685397 0.073242
829.540800 0.687332 0.068505
829.122100 0.690263 0.062788
828.703400 0.692901 0.057862
828.284500 0.695687 0.053948
827.865600 0.689331 0.046872
827.446500 0.700187 0.044736
827.027500 0.699574 0.049662
826.608200 0.704396 0.052539
826.188900 0.702883 0.047962
825.769500 0.699040 0.049518
825.350000 0.692775 0.044837
824.930500 0.681641 0.039879
824.510800 0.682818 0.036116
824.091100 0.681129 0.033126
823.671300 0.672056 0.030199
823.251300 0.666981 0.028160
822.831300 0.661955 0.026858
822.411200 0.660486 0.032234
821.991000 0.665163 0.030265
821.570700 0.668754 0.030436
821.150300 0.670469 0.033867
820.729900 0.662541 0.035019
820.309300 0.660857 0.036474
819.888600 0.668786 0.032517
819.467900 0.665745 0.031005
819.047100 0.666860 0.041065
818.626200 0.662453 0.050083
818.205100 0.661735 0.049689
817.784100 0.663500 0.046004
817.362900 0.668484 0.042618
816.941600 0.663172 0.049743
816.520200 0.659338 0.047427
816.098800 0.658098 0.052539
815.677200 0.659934 0.053563
815.255600 0.660836 0.058011
814.833800 0.655684 0.055501
814.412000 0.651913 0.063129
813.990100 0.646650 0.068296
813.568100 0.647487 0.074505
813.146000 0.650187 0.072113
812.723800 0.650265 0.076840
812.301500 0.650797 0.079008
811.879200 0.651242 0.080501
811.456700 0.649996 0.081101
811.034100 0.650976 0.082246
810.611500 0.649092 0.086626
810.188800 0.643638 0.093072
809.765900 0.641478 0.097278
809.343000 0.642799 0.097340
808.920000 0.649284 0.099912
808.496900 0.647460 0.101385
808.073700 0.650919 0.106039
807.650500 0.651811 0.113271
807.227100 0.652446 0.113846
806.803600 0.648250 0.114919
806.380100 0.647757 0.113934
805.956400 0.645737 0.115106
805.532700 0.646475 0.118196
805.108900 0.647460 0.121836
804.685000 0.648806 0.118609
804.261000 0.645725 0.116503
803.836900 0.644621 0.119509
803.412700 0.642001 0.120715
802.988400 0.638475 0.116316
802.564000 0.637548 0.114605
802.139600 0.642295 0.111509
801.715000 0.642847 0.112669
801.290300 0.641290 0.112000
800.865700 0.642209 0.108648
800.440800 0.644843 0.107643
800.015900 0.643314 0.108487
799.590900 0.644287 0.109436
799.165800 0.645255 0.113606
798.740600 0.647477 0.111132
798.315300 0.647630 0.108103
797.889900 0.647917 0.107686
797.464400 0.645424 0.103058
797.038900 0.640266 0.101887
796.613200 0.641802 0.094113
796.187500 0.642347 0.093927
795.761700 0.644438 0.089584
795.335700 0.651236 0.088068
794.909700 0.654593 0.085243
794.483600 0.656589 0.081794
794.057400 0.658002 0.082476
793.631000 0.655065 0.086604
793.204700 0.654035 0.091804
792.778200 0.657816 0.088636
792.351600 0.661810 0.086927
791.924900 0.659174 0.084672
791.498200 0.655598 0.083345
791.071400 0.654352 0.081265
790.644400 0.653957 0.078437
790.217300 0.656953 0.079956
789.790200 0.660371 0.080872
789.363000 0.659735 0.081267
788.935700 0.659200 0.082470
788.508300 0.660695 0.082638
788.080700 0.662852 0.086373
787.653200 0.663736 0.088453
787.225500 0.666133 0.087592
786.797700 0.667335 0.090139
786.369900 0.667501 0.087504
785.941900 0.665114 0.083516
785.513900 0.665841 0.081206
785.085700 0.666006 0.079356
784.657500 0.667067 0.079538
784.229100 0.668254 0.078156
783.800700 0.671459 0.076609
783.372200 0.672583 0.069407
782.943500 0.677538 0.072231
782.514800 0.678633 0.072452
782.086100 0.675827 0.077891
781.657200 0.673982 0.081206
781.228200 0.675261 0.085610
780.799100 0.677744 0.087008
780.369900 0.677025 0.088002
779.940700 0.680628 0.086639
779.511300 0.681767 0.093629
779.081800 0.683830 0.091263
778.652300 0.686646 0.092261
778.222700 0.687519 0.088580
777.793000 0.686471 0.091183
777.363200 0.689601 0.089002
776.933200 0.689287 0.090000
776.503200 0.690901 0.088523
776.073100 0.690843 0.091937
775.642900 0.688203 0.093696
775.212600 0.688151 0.099042
774.782200 0.691756 0.099571
774.351700 0.694853 0.099002
773.921200 0.696629 0.102007
773.490500 0.695314 0.104520
773.059800 0.693946 0.109075
772.628900 0.691056 0.112067
772.198000 0.689846 0.113421
771.766900 0.690809 0.113514
771.335800 0.693607 0.113165
770.904600 0.694166 0.116027
770.473300 0.694481 0.118289
770.041900 0.693837 0.124617
769.610400 0.692315 0.129259
769.178700 0.693195 0.136209
768.747100 0.692556 0.141481
768.315200 0.692737 0.140603
767.883400 0.692275 0.136841
767.451400 0.695710 0.139091
767.019300 0.698002 0.141001
766.587200 0.696719 0.145936
766.154900 0.696320 0.151000
765.722500 0.698243 0.153285
765.290100 0.698085 0.158184
764.857500 0.696248 0.162730
764.424900 0.698173 0.164435
763.992200 0.697457 0.166176
763.559300 0.696432 0.168506
763.126400 0.695779 0.171931
762.693400 0.693483 0.177325
762.260300 0.694141 0.178360
761.827100 0.696124 0.179238
761.393800 0.701251 0.179034
760.960400 0.702315 0.184659
760.526900 0.701097 0.189753
760.093300 0.700792 0.194850
759.659700 0.703432 0.196164
759.225900 0.701251 0.200709
758.792100 0.701809 0.200899
758.358100 0.702272 0.205242
757.924000 0.704418 0.204104
757.489900 0.707373 0.199767
757.055600 0.711939 0.198275
756.621300 0.709700 0.198484
756.186800 0.712276 0.198578
755.752300 0.713707 0.200163
755.317700 0.713863 0.199369
754.883000 0.712185 0.200562
754.448200 0.712011 0.202258
754.013200 0.709532 0.203927
753.578200 0.714095 0.201694
753.143100 0.715454 0.200356
752.707900 0.718908 0.198253
752.272600 0.719704 0.197110
751.837300 0.720756 0.196947
751.401800 0.719897 0.192967
750.966200 0.719213 0.193340
750.530600 0.719607 0.194672
750.094800 0.721970 0.194282
749.658900 0.723659 0.194652
749.223000 0.725177 0.193330
748.786900 0.725008 0.194104
748.350800 0.726645 0.194741
747.914600 0.727551 0.193236
747.478200 0.729903 0.193362
747.041700 0.729564 0.194301
746.605200 0.728045 0.198455
746.168600 0.731762 0.195044
745.731900 0.732547 0.194274
745.295000 0.731421 0.195425
744.858200 0.730759 0.191469
744.421100 0.730587 0.190904
743.984100 0.730587 0.190647
743.546800 0.733185 0.186950
743.109600 0.734358 0.184188
742.672200 0.735787 0.182782
742.234700 0.737478 0.183751
741.797100 0.737738 0.183745
741.359400 0.736567 0.186658
740.921600 0.738995 0.184578
740.483800 0.741990 0.184717
740.045800 0.743294 0.184598
739.607700 0.745588 0.185548
739.169600 0.748161 0.182774
738.731300 0.747387 0.183342
738.293000 0.748517 0.185135
737.854500 0.748102 0.184188
737.416000 0.749232 0.184164
736.977300 0.751878 0.182913
736.538600 0.754318 0.181528
736.099700 0.754499 0.185825
735.660800 0.754680 0.189437
735.221800 0.754884 0.192482
734.782700 0.756784 0.195264
734.343400 0.757529 0.196237
733.904100 0.758864 0.198316
733.464700 0.762459 0.197854
733.025200 0.761743 0.200360
732.585600 0.764419 0.203161
732.145900 0.766711 0.205456
731.706100 0.770170 0.211022
731.266200 0.770211 0.215352
730.826200 0.771123 0.217709
730.386100 0.773245 0.218055
729.945900 0.775326 0.218760
729.505700 0.779057 0.220922
729.065300 0.783005 0.219848
728.624800 0.786778 0.221459
728.184300 0.786002 0.222448
727.743600 0.787907 0.224511
727.302800 0.787839 0.224148
726.861900 0.789325 0.223249
726.421000 0.792000 0.225764
725.979900 0.794645 0.229628
725.538800 0.796518 0.230435
725.097500 0.798420 0.232595
724.656100 0.801243 0.231332
724.214700 0.804840 0.230975
723.773200 0.807457 0.230793
723.331500 0.807996 0.231554
722.889800 0.810642 0.232341
722.447900 0.809671 0.234813
722.006000 0.810077 0.233830
721.564000 0.811932 0.235023
721.121800 0.812115 0.238840
720.679600 0.811932 0.238856
720.237300 0.813612 0.241715
719.794900 0.814164 0.243056
719.352400 0.813586 0.244790
718.909700 0.815471 0.247163
718.467000 0.817917 0.248658
718.024200 0.821509 0.248266
717.581300 0.826053 0.248562
717.138300 0.823967 0.249632
716.695200 0.824909 0.250605
716.252000 0.825286 0.254058
715.808700 0.825852 0.255856
715.365300 0.827365 0.257936
714.921800 0.828689 0.261405
714.478200 0.832089 0.260021
714.034500 0.833223 0.259052
713.590700 0.833223 0.261421
713.146900 0.832846 0.263279
712.702800 0.832279 0.265108
712.258800 0.834928 0.263686
711.814600 0.837956 0.264501
711.370300 0.839467 0.265729
710.925900 0.839668 0.265877
710.481400 0.841384 0.264762
710.036900 0.843461 0.265172
709.592200 0.843449 0.268407
709.147400 0.844017 0.269118
708.702600 0.847063 0.265575
708.257600 0.850830 0.264955
707.812500 0.853670 0.265617
707.367400 0.855942 0.265172
706.922100 0.858036 0.265583
706.476700 0.860132 0.267549
706.031300 0.860876 0.268924
705.585700 0.860524 0.272120
705.140100 0.860773 0.273819
704.694300 0.863788 0.275022
704.248400 0.865296 0.277663
703.802500 0.865097 0.279344
703.356400 0.867544 0.281267
702.910300 0.869053 0.284310
702.464100 0.870932 0.285832
702.017700 0.872861 0.287688
701.571200 0.873430 0.287522
701.124700 0.875706 0.288632
700.678000 0.879263 0.288720
700.231300 0.881711 0.290958
699.784400 0.883615 0.293691
699.337500 0.887200 0.292674
698.890400 0.888708 0.292932
698.443300 0.890612 0.293537
697.996100 0.893683 0.293846
697.548800 0.897067 0.293943
697.101300 0.899143 0.294756
696.653700 0.899912 0.298725
696.206100 0.903357 0.297450
695.758400 0.907579 0.295368
695.310500 0.910022 0.295619
694.862600 0.913072 0.294048
694.414600 0.916692 0.294096
693.966400 0.916938 0.294964
693.518200 0.918123 0.297046
693.069900 0.919833 0.299284
692.621500 0.921179 0.299844
692.172900 0.921749 0.301523
691.724300 0.922683 0.302422
691.275600 0.924346 0.304454
690.826700 0.925740 0.305123
690.377800 0.928906 0.309433
689.928800 0.931551 0.310662
689.479700 0.934813 0.310662
689.030400 0.936367 0.312186
688.581100 0.939582 0.312452
688.131700 0.942071 0.313962
687.682100 0.943057 0.316457
687.232500 0.944560 0.317428
686.782800 0.946634 0.317295
686.332900 0.948708 0.318403
685.883000 0.949695 0.319647
685.433000 0.953480 0.318676
684.982800 0.955820 0.320618
684.532700 0.958254 0.322144
684.082300 0.961468 0.323265
683.631900 0.963810 0.323818
683.181300 0.967806 0.321739
682.730700 0.970872 0.320369
682.280000 0.974510 0.320500
681.829200 0.977365 0.319264
681.378200 0.981004 0.318325
680.927200 0.983860 0.320206
680.476100 0.984143 0.321379
680.024800 0.987644 0.322610
679.573500 0.990214 0.325707
679.122100 0.993643 0.325033
678.670500 0.996715 0.325488
678.218900 0.999286 0.326151
677.767200 1.002500 0.325719
677.315400 1.002714 0.328110
676.863400 1.004858 0.330070
676.411400 1.009787 0.330824
675.959200 1.014932 0.329400
675.507000 1.018655 0.330491
675.054700 1.021081 0.332564
674.602200 1.024079 0.333001
674.149700 1.025084 0.335510
673.697100 1.029876 0.337583
673.244300 1.030529 0.341082
672.791500 1.033255 0.341857
672.338600 1.036908 0.342821
671.885500 1.038009 0.344349
671.432400 1.040299 0.347515
670.979100 1.042459 0.350590
670.525800 1.045321 0.352209
670.072300 1.046882 0.354425
669.618800 1.049397 0.355641
669.165100 1.053059 0.355522
668.711400 1.055106 0.356430
668.257500 1.058078 0.356247
667.803500 1.061637 0.357598
667.349500 1.065303 0.357529
666.895300 1.067588 0.357957
666.441100 1.069421 0.359425
665.986800 1.072866 0.360402
665.532300 1.076660 0.358700
665.077700 1.078846 0.359851
664.623000 1.082398 0.360653
664.168300 1.086525 0.361600
663.713400 1.089394 0.360170
663.258400 1.091814 0.359525
662.803400 1.093195 0.362133
662.348200 1.095491 0.363771
661.892900 1.097554 0.366170
661.437600 1.100873 0.367266
660.982100 1.102813 0.371568
660.526500 1.105340 0.371815
660.070800 1.106147 0.374869
659.615100 1.108567 0.376744
659.159200 1.111097 0.378434
658.703200 1.112926 0.380856
658.247100 1.112479 0.383108
657.790900 1.113861 0.385622
657.334600 1.115010 0.389216
656.878200 1.116604 0.392439
656.421800 1.119240 0.397648
655.965100 1.121984 0.401239
655.508400 1.125088 0.402053
655.051600 1.129106 0.404396
654.594700 1.132210 0.406498
654.137700 1.135550 0.406873
653.680600 1.138865 0.409389
653.223400 1.143798 0.409389
652.766100 1.148731 0.409002
652.308700 1.152516 0.411902
651.851100 1.156300 0.413739
651.393600 1.161023 0.413280
650.935800 1.163085 0.413885
650.478000 1.165278 0.414568
650.020100 1.168723 0.414110
649.562000 1.173215 0.413195
649.103900 1.175648 0.416402
648.645700 1.179808 0.416187
648.187300 1.182821 0.417259
647.728900 1.185694 0.419077
647.270300 1.190866 0.419219
646.811700 1.193643 0.421125
646.353000 1.195419 0.421659
645.894100 1.200111 0.421967
645.435100 1.202076 0.424410
644.976100 1.206434 0.425935
644.516900 1.210940 0.427172
644.057700 1.214873 0.428626
643.598300 1.219140 0.431283
643.138900 1.222258 0.432566
642.679300 1.226283 0.436460
642.219600 1.229005 0.440147
641.759800 1.232366 0.442342
641.299900 1.234998 0.446173
640.840000 1.239422 0.448438
640.379900 1.243448 0.449290
639.919700 1.246812 0.451070
639.459400 1.251489 0.452869
638.999000 1.254200 0.453230
638.538500 1.257243 0.455056
638.077900 1.260288 0.458563
637.617200 1.265140 0.459328
637.156400 1.266712 0.463295
636.695400 1.268938 0.466877
636.234400 1.271592 0.470386
635.773300 1.274722 0.471678
635.312100 1.278286 0.471299
634.850800 1.281924 0.472746
634.389300 1.285565 0.474883
633.927800 1.289463 0.474506
633.466200 1.292343 0.474728
633.004400 1.294006 0.476484
632.542500 1.297334 0.477702
632.080600 1.300471 0.480067
631.618600 1.305595 0.480525
631.156400 1.307717 0.483192
630.694200 1.309646 0.484870
630.231800 1.313421 0.487386
629.769300 1.318234 0.489524
629.306800 1.321896 0.492040
628.844100 1.327084 0.494173
628.381300 1.330748 0.497920
627.918400 1.334523 0.499761
627.455400 1.336623 0.503389
626.992300 1.341551 0.506172
626.529100 1.346107 0.505708
626.065800 1.349511 0.507631
625.602400 1.354070 0.512135
625.138900 1.356953 0.516390
624.675300 1.360988 0.518379
624.211500 1.364448 0.520835
623.747700 1.368169 0.522121
623.283800 1.372153 0.523997
622.819800 1.375512 0.526044
622.355700 1.380388 0.531191
621.891400 1.385530 0.533298
621.427100 1.390360 0.537456
620.962600 1.394973 0.540440
620.498000 1.398964 0.546467
620.033400 1.403889 0.552555
619.568700 1.407085 0.556941
619.103800 1.412852 0.560861
618.638800 1.419150 0.563378
618.173700 1.425139 0.564144
617.708600 1.431173 0.564614
617.243300 1.434901 0.569647
616.777900 1.438672 0.571637
616.312400 1.443553 0.573796
615.846800 1.448744 0.577251
615.381000 1.453894 0.577195
614.915300 1.458467 0.582117
614.449300 1.463350 0.582480
613.983300 1.467079 0.585363
613.517200 1.473077 0.586935
613.051000 1.476808 0.590866
612.584700 1.480771 0.594378
612.118200 1.485079 0.596422
611.651700 1.489352 0.599934
611.185000 1.491896 0.602819
610.718300 1.496750 0.603394
610.251400 1.500756 0.607851
609.784400 1.504459 0.611590
609.317300 1.508771 0.614058
608.850200 1.512173 0.616526
608.382900 1.514726 0.620560
607.915500 1.519040 0.623075
607.448000 1.522750 0.628058
606.980400 1.526186 0.632950
606.512700 1.529321 0.637935
606.044900 1.532483 0.643441
605.577000 1.534767 0.649899
605.108900 1.536451 0.653888
604.640800 1.538737 0.659785
604.172600 1.542500 0.664771
603.704200 1.546197 0.668159
603.235800 1.549620 0.669635
602.767300 1.553064 0.672628
602.298600 1.555336 0.678175
601.829800 1.557314 0.683523
601.361000 1.559001 0.691544
600.892000 1.561578 0.697418
600.422900 1.565877 0.704710
599.953700 1.568753 0.712020
599.484400 1.570768 0.718496
599.015000 1.572471 0.724458
598.545500 1.575050 0.730026
598.075900 1.578496 0.736472
597.606200 1.581378 0.742350
597.136400 1.583974 0.748399
596.666400 1.586861 0.755205
596.196400 1.589166 0.763734
595.726300 1.590603 0.769374
595.256000 1.594353 0.779418
594.785700 1.598972 0.788977
594.315200 1.602436 0.799112
593.844700 1.605324 0.806679
593.374000 1.609658 0.816727
592.903200 1.612264 0.828289
592.432300 1.615441 0.838853
591.961300 1.620356 0.849486
591.490200 1.622962 0.860983
591.019000 1.625863 0.870966
590.547700 1.629619 0.880401
590.076300 1.633953 0.891482
589.604800 1.638864 0.900018
589.133100 1.643492 0.911651
588.661400 1.648139 0.921477
588.189600 1.651626 0.931727
587.717600 1.656833 0.942780
587.245500 1.660887 0.954082
586.773400 1.664646 0.964448
586.301100 1.669855 0.971041
585.828700 1.675938 0.980058
585.356300 1.680587 0.990414
584.883700 1.686095 1.001560
584.410900 1.690730 1.013705
583.938200 1.695348 1.026373
583.465200 1.698550 1.043839
582.992200 1.701175 1.058838
582.519100 1.703205 1.074357
582.045800 1.706110 1.093193
581.572500 1.709892 1.106339
581.099100 1.714253 1.122476
580.625500 1.719448 1.141228
580.151900 1.723532 1.160257
579.678000 1.726718 1.182848
579.204200 1.730504 1.202650
578.730200 1.734568 1.224398
578.256100 1.740340 1.245520
577.781900 1.744681 1.269263
577.307600 1.748144 1.291854
576.833200 1.753087 1.317751
576.358600 1.756299 1.344595
575.884000 1.760063 1.374243
575.409300 1.763854 1.404148
574.934400 1.767069 1.434246
574.459500 1.769405 1.467148
573.984400 1.773199 1.499587
573.509200 1.776084 1.531229
573.033900 1.779576 1.567187
572.558600 1.782795 1.603945
572.083100 1.785984 1.642839
571.607500 1.788596 1.686014
571.131800 1.791451 1.725703
570.655900 1.793789 1.772558
570.180100 1.796432 1.819328
569.704000 1.799045 1.865059
569.227800 1.803084 1.915465
568.751600 1.805729 1.968039
568.275300 1.807764 2.018708
567.798800 1.810715 2.075909
567.322200 1.812175 2.134470
566.845500 1.814822 2.197838
566.368700 1.816588 2.260782
565.891800 1.818013 2.328588
565.414900 1.818896 2.400095
564.937700 1.820121 2.473338
564.460500 1.820157 2.553932
563.983200 1.820464 2.639993
563.505700 1.820501 2.733313
563.028200 1.820771 2.826946
562.550500 1.820194 2.926291
562.072800 1.820231 3.028460
561.594800 1.820231 3.143539
561.116900 1.820231 3.257469
560.638800 1.818501 3.382319
560.160600 1.817616 3.507989
559.682300 1.815886 3.649515
559.203900 1.813271 3.799666
558.725300 1.811503 3.959183
558.246700 1.807464 4.127660
557.767900 1.804543 4.312350
557.289100 1.799927 4.509654
556.810200 1.794698 4.716489
556.331100 1.789740 4.942102
555.851900 1.784207 5.179147
555.372600 1.776128 5.437002
554.893200 1.768593 5.712850
554.413700 1.761296 6.009946
553.934100 1.752880 6.320640
553.454300 1.744769 6.662663
552.974500 1.733742 7.029367
552.494600 1.720956 7.424940
552.014500 1.707899 7.849930
551.534400 1.693389 8.316018
551.054100 1.675696 8.807394
550.573700 1.656277 9.334322
550.093300 1.635688 9.918723
549.612700 1.611068 10.527877
549.132000 1.585556 11.185213
548.651100 1.557196 11.893826
548.170200 1.523940 12.641735
547.689100 1.488698 13.445634
547.208000 1.450909 14.306339
546.726700 1.407695 15.195144
546.245400 1.361381 16.127957
545.763900 1.311107 17.104660
545.282300 1.254962 18.107248
544.800700 1.194627 19.118921
544.318800 1.129285 20.147325
543.836900 1.057087 21.157042
543.354900 0.980868 22.138716
542.872800 0.899459 23.094322
542.390500 0.815825 23.958692
541.908200 0.728149 24.740015
541.425700 0.636837 25.413157
540.943100 0.544114 25.980742
540.460400 0.451626 26.423614
539.977700 0.361501 26.726837
539.494800 0.279650 26.877561
539.011800 0.221766 26.874058
538.528600 0.204099 26.755945
538.045400 0.238923 26.483211
537.562100 0.306279 26.081388
537.078600 0.386504 25.549535
536.595000 0.472114 24.920022
536.111400 0.557121 24.199597
535.627600 0.641483 23.404385
535.143700 0.722087 22.556655
534.659700 0.799176 21.681251
534.175600 0.870741 20.756615
533.691300 0.937591 19.827655
533.207000 0.998646 18.880536
532.722600 1.057376 17.988994
532.238000 1.111991 17.103577
531.753400 1.161952 16.230739
531.268600 1.208457 15.390087
530.783700 1.251083 14.585102
530.298700 1.289804 13.840787
529.813600 1.327046 13.114874
529.328400 1.359016 12.419133
528.843000 1.388572 11.785454
528.357600 1.417171 11.168409
527.872000 1.442227 10.600761
527.386400 1.466701 10.072614
526.900600 1.487934 9.583820
526.414700 1.506933 9.126813
525.928700 1.526671 8.693492
525.442600 1.542424 8.288757
524.956400 1.554965 7.914325
524.470000 1.567509 7.566464
523.983600 1.579485 7.237671
523.497100 1.591825 6.919285
523.010400 1.602039 6.628049
522.523600 1.613296 6.353847
522.036700 1.621437 6.095485
521.549700 1.629425 5.850441
521.062600 1.635854 5.615152
520.575400 1.640059 5.406219
520.088100 1.644718 5.194624
519.600600 1.647780 5.001258
519.113100 1.653068 4.826340
518.625400 1.656702 4.645651
518.137700 1.660126 4.499127
517.649800 1.664692 4.351917
517.161800 1.667607 4.206343
516.673700 1.671332 4.074398
516.185500 1.672834 3.949945
515.697100 1.674186 3.824400
515.208700 1.674967 3.704565
514.720200 1.675327 3.587825
514.231400 1.675838 3.482422
513.742700 1.676770 3.382788
513.253800 1.675513 3.287779
512.764800 1.675820 3.201166
512.275700 1.675458 3.117756
511.786400 1.673746 3.038097
511.297100 1.672299 2.961576
510.807600 1.671937 2.880425
510.318100 1.671157 2.808540
509.828400 1.668361 2.744438
509.338600 1.667220 2.677751
508.848800 1.664005 2.617129
508.358700 1.659859 2.554487
507.868600 1.656702 2.498484
507.378400 1.654478 2.444212
506.888000 1.650542 2.388500
506.397600 1.647899 2.334810
505.907000 1.645316 2.283132
505.416300 1.637957 2.232332
504.925500 1.634023 2.182395
504.434600 1.633241 2.133920
503.943600 1.630026 2.092643
503.452500 1.626728 2.048772
502.961200 1.624297 2.004596
502.469800 1.620859 1.964211
501.978400 1.616358 1.923220
501.486800 1.614143 1.883980
500.995100 1.609643 1.842444
500.503300 1.606214 1.803507
500.011400 1.603214 1.764621
499.519300 1.600363 1.732365
499.027200 1.595865 1.700999
498.534900 1.591013 1.664705
498.042600 1.587443 1.631505
497.550100 1.584446 1.600614
497.057500 1.578512 1.573788
496.564800 1.574370 1.543610
496.072000 1.569736 1.514207
495.579000 1.565813 1.487054
495.086000 1.559031 1.458327
494.592800 1.553747 1.430771
494.099500 1.547485 1.404616
493.606200 1.543699 1.380158
493.112700 1.540704 1.354509
492.619000 1.537271 1.327530
492.125300 1.530929 1.300377
491.631500 1.524416 1.280597
491.137500 1.518258 1.256016
490.643500 1.513765 1.232901
490.149300 1.509053 1.210410
489.655000 1.505268 1.187031
489.160600 1.500203 1.165221
488.666100 1.494214 1.144727
488.171400 1.487482 1.126331
487.676700 1.481408 1.106992
487.181800 1.475418 1.087859
486.686900 1.468771 1.070564
486.191800 1.460846 1.051746
485.696600 1.455563 1.031670
485.201300 1.447553 1.014532
484.705800 1.441479 0.996870
484.210300 1.435709 0.981419
483.714600 1.427698 0.963759
483.218900 1.420699 0.944681
482.723000 1.412774 0.929375
482.227000 1.405860 0.914476
481.730900 1.397936 0.898545
481.234600 1.389925 0.883455
480.738300 1.381914 0.870339
480.241900 1.372979 0.857026
479.745300 1.366637 0.840882
479.248600 1.360649 0.827098
478.751800 1.352857 0.810848
478.254900 1.345946 0.796489
477.757900 1.337801 0.787526
477.260800 1.332036 0.773487
476.763500 1.325609 0.760807
476.266200 1.317114 0.749629
475.768700 1.309985 0.736316
475.271100 1.300917 0.720435
474.773400 1.293217 0.709277
474.275600 1.286663 0.698326
473.777600 1.277121 0.689195
473.279600 1.268627 0.678398
472.781400 1.260482 0.666361
472.283100 1.253684 0.654737
471.784800 1.245869 0.641077
471.286300 1.238297 0.629891
470.787600 1.231978 0.618579
470.288900 1.225780 0.606116
469.790000 1.216143 0.595925
469.291100 1.210056 0.589001
468.792000 1.203632 0.578512
468.292800 1.195830 0.569163
467.793500 1.191356 0.556248
467.294100 1.184476 0.545621
466.794500 1.178857 0.532962
466.294900 1.171282 0.518618
465.795100 1.166120 0.509431
465.295200 1.160730 0.497630
464.795200 1.156141 0.487874
464.295100 1.151782 0.474736
463.794900 1.148685 0.466441
463.294600 1.143412 0.456812
462.794100 1.137232 0.445967
462.293500 1.132998 0.440105
461.792800 1.126129 0.430293
461.292100 1.118092 0.421861
460.791100 1.111204 0.411523
460.290100 1.106738 0.403473
459.788900 1.099977 0.395638
459.287700 1.095618 0.385421
458.786300 1.089069 0.377903
458.284800 1.084968 0.367525
457.783200 1.081993 0.357980
457.281500 1.077635 0.345028
456.779600 1.076590 0.338380
456.277700 1.070744 0.327115
455.775600 1.066282 0.319314
455.273400 1.064928 0.310640
454.771100 1.061518 0.302533
454.268700 1.056685 0.294741
453.766200 1.052901 0.284933
453.263500 1.048780 0.274848
452.760800 1.044759 0.265331
452.257900 1.041212 0.254682
451.754900 1.037428 0.244594
451.251800 1.033644 0.234236
450.748500 1.029860 0.223885
450.245200 1.026077 0.213542
449.741700 1.022293 0.202897
449.238200 1.018509 0.192572
448.734500 1.015300 0.181364
448.230700 1.011516 0.170814
447.726700 1.008069 0.159632
447.222700 1.004859 0.149038
446.718600 1.001412 0.137652
446.214300 0.998203 0.126303
445.709900 0.994756 0.115214
445.205400 0.991546 0.103963
444.700800 0.987763 0.092414
444.196000 0.984315 0.081347
443.691200 0.981443 0.070031
443.186200 0.978234 0.058825
442.681200 0.974787 0.048170
442.175900 0.971914 0.037634
441.670600 0.968705 0.029297
441.165200 0.965595 0.023861
440.659600 0.962386 0.024826
440.154000 0.959514 0.031214
439.648200 0.959514 0.031214
439.648200 0.461607 0.951870
999.792500 0.549131 0.757439
