# lams, desv_psi, desv_delta
999.792500 0.154862 1.497218
999.408900 0.154862 1.497218
999.025300 0.154862 1.497218
998.641500 0.154862 1.497218
998.257800 0.154862 1.497218
997.873900 0.154862 1.497218
997.490000 0.154862 1.497218
997.106000 0.154862 1.497218
996.721900 0.154862 1.497218
996.337700 0.154862 1.497218
995.953500 0.154862 1.497218
995.569200 0.154862 1.497218
995.184800 0.154862 1.497218
994.800300 50.205602 103.490974
994.415800 50.205602 103.490974
994.031100 7.392342 168.887610
993.646400 6.500273 103.518406
993.261700 8.678351 94.878597
992.876800 5.128558 177.875408
992.491900 9.540594 177.653096
992.106900 2.024939 3.328785
991.721800 1.243387 3.328947
991.336700 0.733037 3.212077
990.951400 0.596785 3.025965
990.566100 0.352535 5.503549
990.180700 0.867590 5.282846
989.795300 0.830140 10.134241
989.409700 0.484182 4.037453
989.024100 0.322058 2.010737
988.638400 0.638573 0.745725
988.252600 0.509919 1.645399
987.866800 0.410943 1.758333
987.480900 0.165025 1.032506
987.094900 0.102471 0.908194
986.708800 0.318986 1.064392
986.322600 0.662142 0.672910
985.936400 0.759895 0.797848
985.550100 0.836178 1.419291
985.163800 0.637546 1.425633
984.777300 0.480179 1.129737
984.390700 0.418584 0.958523
984.004100 0.420978 0.461912
983.617400 1.730771 4.177294
983.230700 1.803044 9.924326
982.843800 0.745658 1.672885
982.456900 0.063319 3.383336
982.069900 1.683705 4.926809
981.682800 1.651175 1.917319
981.295700 1.853822 2.534280
980.908400 0.798734 1.963083
980.521100 0.770666 1.980976
980.133700 0.963830 1.529186
979.746300 1.192729 1.080403
979.358700 0.643017 1.458622
978.971100 0.479695 1.694591
978.583400 0.296501 0.667177
978.195600 0.113899 0.961293
977.807700 0.335479 1.480908
977.419900 0.332271 2.132528
977.031900 0.344885 1.583451
976.643700 0.488556 1.829271
976.255600 0.191792 0.746050
975.867400 0.482807 1.093231
975.479000 0.513051 1.478474
975.090600 0.515863 0.914300
974.702100 0.836464 0.889570
974.313600 0.887823 1.449235
973.925000 1.232300 1.421348
973.536300 1.882930 1.673959
973.147500 0.985494 0.914688
972.758600 2.623140 5.447525
972.369700 1.533264 8.203765
971.980700 0.853754 3.061161
971.591600 0.337793 1.826328
971.202400 0.161017 7.944011
970.813100 4.472199 1.688979
970.423800 6.809746 5.828212
970.034400 5.694838 101.557648
969.644900 3.010032 4.621172
969.255300 0.917193 2.325272
968.865700 0.508583 1.698627
968.476000 0.357816 1.252054
968.086100 0.243119 1.007533
967.696200 0.163500 1.015784
967.306300 0.181364 1.209860
966.916300 0.224447 1.769852
966.526100 1.675819 4.507744
966.135900 1.415693 2.499816
965.745700 3.104379 6.895691
965.355300 1.955700 7.425397
964.964900 1.969822 97.103834
964.574300 1.760044 3.258004
964.183800 3.646227 4.914343
963.793100 0.701442 2.490652
963.402300 1.274719 1.336662
963.011500 1.152887 3.253670
962.620700 1.388039 7.597629
962.229700 2.455652 1.878217
961.838600 0.694758 2.874477
961.447400 0.424759 3.958308
961.056200 0.341861 1.590443
960.664900 0.329248 1.667474
960.273600 1.085420 1.557420
959.882100 1.389010 8.118617
959.490500 0.989901 1.343069
959.098900 0.692527 0.893063
958.707300 1.931315 2.410000
958.315500 0.605792 1.092915
957.923600 0.547619 0.395007
957.531700 2.218569 0.196899
957.139600 2.174229 1.797006
956.747600 1.099691 1.613005
956.355400 0.450870 25.807565
955.963200 0.984226 1.665428
955.570900 0.554636 1.751898
955.178400 1.101883 1.247935
954.785900 1.789188 0.925510
954.393400 1.496773 0.628378
954.000700 0.766500 1.040630
953.608000 1.224180 1.918968
953.215200 1.997735 3.304515
952.822300 2.989279 2.789066
952.429300 4.085037 2.043003
952.036300 2.814199 1.073355
951.643200 1.541835 2.031614
951.249900 1.741180 1.194282
950.856700 0.951683 4.710933
950.463300 4.047926 11.702274
950.069900 3.368607 5.958156
949.676300 0.391616 1.226701
949.282700 30.669949 104.213799
948.889000 28.710152 103.457808
948.495300 28.318923 103.784890
948.101400 21.605343 90.988840
947.707500 12.103411 26.188504
947.313500 8.802855 49.968006
946.919400 4.531905 39.425083
946.525300 11.657733 54.024089
946.131000 2.495390 89.623791
945.736700 6.976201 25.539420
945.342300 3.469623 5.398561
944.947800 4.900345 13.368727
944.553200 5.020698 16.346971
944.158600 4.881660 16.991356
943.763900 4.048612 15.908511
943.369100 3.792644 11.314160
942.974200 1.626812 3.497824
942.579200 6.103221 13.356961
942.184100 1.443590 81.547394
941.789000 6.620908 87.079825
941.393800 6.021032 1.070090
940.998500 3.795419 2.836419
940.603100 1.864507 3.874712
940.207700 1.526202 7.008113
939.812200 1.072979 5.523479
939.416600 0.541962 1.593663
939.020900 0.574589 3.072971
938.625100 0.758997 2.378643
938.229200 1.481752 4.675554
937.833300 0.732485 0.505368
937.437300 0.523613 1.667210
937.041200 1.009533 0.511064
936.645000 1.126697 4.398942
936.248700 0.896590 1.713014
935.852400 2.771638 50.606136
935.456000 1.658132 2.362866
935.059400 0.935565 16.555040
934.662900 4.714280 25.889317
934.266200 1.616275 57.911396
933.869400 0.742288 12.315466
933.472700 0.961493 4.306213
933.075700 2.837038 12.341532
932.678700 3.534562 18.999248
932.281700 2.993766 29.153325
931.884500 2.097751 30.804443
931.487300 0.707223 23.828463
931.090000 21.198932 101.427143
930.692600 3.834845 9.303044
930.295100 5.493164 29.109510
929.897500 4.569389 8.024792
929.499900 2.210944 28.693430
929.102200 2.052933 4.506569
928.704300 0.959192 4.198589
928.306500 0.413186 4.973785
927.908500 20.131751 99.393696
927.510400 0.747396 4.801575
927.112300 0.990735 5.875421
926.714100 1.283443 3.539747
926.315800 1.279020 2.702375
925.917400 1.202853 51.364303
925.519000 2.054802 2.612463
925.120400 1.372423 0.553828
924.721800 1.799535 0.831606
924.323100 2.487002 1.783783
923.924300 5.417284 6.527650
923.525500 1.536085 0.837741
923.126500 0.464368 0.845961
922.727500 1.287745 1.626258
922.328300 0.758750 4.646558
921.929100 0.744971 3.531616
921.529800 0.653541 2.753298
921.130500 0.758202 2.488683
920.731100 0.631173 0.837056
920.331500 0.765278 2.214434
919.931900 1.271337 2.067978
919.532200 1.286255 0.762621
919.132400 0.876233 0.598264
918.732600 1.025327 0.393775
918.332600 1.091746 0.275340
917.932600 1.164434 0.746282
917.532500 0.380153 4.450202
917.132300 0.158465 3.145347
916.732100 0.738237 2.183640
916.331700 0.088051 8.584461
915.931300 0.650570 3.979579
915.530800 0.833421 1.581969
915.130200 1.762449 1.838942
914.729500 1.494672 4.454577
914.328700 1.012394 1.050194
913.927900 2.579548 3.602383
913.527000 3.919258 3.174245
913.125900 0.926407 2.188416
912.724900 0.768350 2.071829
912.323700 0.652491 1.780976
911.922400 0.539040 1.578786
911.521100 2.803397 9.315686
911.119600 7.796041 99.680810
910.718100 10.855876 43.781441
910.316500 1.125030 97.581629
909.914900 5.349955 88.018349
909.513100 8.874206 95.872245
909.111300 11.028645 101.095676
908.709300 11.997284 103.402455
908.307300 12.213643 102.996735
907.905200 10.399825 102.052517
907.503100 1.526248 96.104573
907.100800 9.241135 95.055838
906.698400 8.878291 88.554332
906.296000 3.673523 80.247568
905.893500 7.329673 73.426330
905.490900 7.932982 78.842117
905.088300 6.969870 77.941923
904.685500 2.390206 65.720075
904.282600 14.839086 86.583033
903.879700 0.101076 0.278952
903.476700 4.202295 3.413869
903.073600 12.663158 1.794827
902.670400 5.261689 4.999289
902.267200 1.864270 28.909499
901.863800 1.241228 9.752935
901.460400 0.488791 90.512953
901.056900 0.323534 1.587531
900.653300 0.735930 1.410674
900.249600 1.623776 1.764509
899.845800 0.184706 1.543595
899.442000 0.357717 0.885622
899.038000 0.316784 0.688574
898.634000 8.202268 103.478468
898.229900 0.223433 0.303115
897.825700 0.226593 0.673567
897.421400 0.392039 1.324018
897.017100 0.525484 1.417561
896.612700 0.251792 1.367882
896.208100 0.463606 1.986296
895.803500 0.300312 0.812905
895.398900 0.189635 0.375681
894.994100 0.295635 0.592636
894.589200 0.553959 0.686209
894.184300 2.512016 6.925778
893.779200 1.455123 6.946334
893.374100 1.654730 7.431023
892.968900 0.980123 8.539377
892.563700 2.198643 6.633737
892.158300 7.727417 7.468900
891.752800 0.314921 3.073084
891.347300 0.847071 2.767270
890.941700 1.561732 1.704231
890.535900 1.264343 1.632212
890.130200 2.245865 1.773703
889.724300 4.953598 2.605328
889.318400 2.950961 5.896620
888.912300 0.676075 1.747132
888.506200 1.165322 0.237243
888.100000 0.414761 0.256188
887.693700 0.452364 0.478554
887.287300 0.568469 0.674925
886.880800 0.661309 0.719284
886.474300 0.969516 0.914064
886.067600 1.314961 1.293523
885.660900 2.406523 2.200698
885.254100 1.269236 0.941672
884.847200 1.355080 0.647830
884.440200 1.318165 0.550120
884.033200 0.978342 0.755711
883.626000 1.068246 0.822072
883.218800 1.040803 1.242351
882.811500 0.269847 1.829790
882.404100 2.155845 7.537787
881.996600 1.961685 5.526695
881.589000 3.230279 3.417492
881.181300 4.065194 1.654595
880.773600 3.330176 3.709533
880.365800 2.308036 2.538852
879.957900 0.089646 2.917808
879.549900 0.487935 1.775924
879.141800 2.998695 0.803258
878.733600 5.367382 4.498706
878.325300 0.696494 0.737085
877.917000 2.092016 1.619997
877.508500 1.947403 4.321383
877.100000 1.846734 6.686178
876.691500 1.586616 7.846630
876.282800 1.321625 8.411982
875.874000 0.457389 7.727423
875.465100 1.224163 5.583929
875.056200 4.852270 2.078463
874.647200 15.090146 20.956958
874.238000 1.001929 1.423602
873.828900 0.393943 1.601566
873.419600 3.173184 1.444964
873.010200 0.610607 1.265411
872.600700 0.314425 1.041598
872.191200 0.870586 0.812947
871.781600 1.354605 1.186429
871.371800 1.716254 1.898500
870.962000 4.633372 1.846247
870.552100 6.260507 4.910301
870.142200 7.749783 5.626408
869.732100 5.951012 3.300137
869.321900 2.974839 1.292197
868.911700 1.762280 1.171501
868.501300 1.215289 1.169593
868.090900 1.047188 1.100462
867.680500 0.987297 1.055001
867.269900 1.062017 1.053254
866.859200 1.111758 1.006979
866.448500 1.133317 0.974281
866.037600 0.946507 0.944615
865.626700 0.797066 0.837523
865.215700 0.856900 0.905904
864.804600 0.855388 0.906973
864.393400 0.779834 0.908026
863.982100 0.668056 0.958157
863.570700 0.688558 1.007158
863.159300 0.842481 1.146257
862.747700 0.793162 1.040707
862.336100 0.868677 1.103060
861.924400 0.895675 1.174137
861.512600 0.892749 1.160597
861.100800 0.980024 1.296955
860.688800 0.929988 1.537663
860.276700 0.986893 1.506631
859.864600 0.598585 1.371475
859.452300 1.183030 1.575889
859.040000 1.424711 1.430825
858.627600 1.714025 1.323054
858.215100 1.704789 1.215833
857.802600 1.508211 1.084395
857.389900 0.711619 0.977953
856.977100 1.367089 0.952486
856.564300 1.575997 0.992083
856.151400 1.963959 0.890002
855.738300 2.392502 0.939023
855.325300 2.366037 0.849248
854.912000 1.822162 0.796080
854.498800 0.996715 0.803076
854.085400 1.119731 0.804227
853.671900 0.922716 0.813205
853.258400 1.305507 0.857825
852.844800 1.601814 0.844280
852.431100 1.293804 1.009987
852.017300 1.208662 0.991583
851.603400 1.293332 1.080718
851.189400 1.559379 1.028481
850.775300 0.987596 1.020032
850.361200 0.710580 1.329171
849.947000 0.661927 1.247475
849.532600 0.753531 1.107469
849.118200 0.809965 1.197993
848.703700 0.784389 1.148026
848.289100 0.771585 1.151817
847.874400 0.837960 1.251403
847.459700 0.797373 1.194349
847.044800 0.875226 1.186708
846.629800 0.894963 1.160175
846.214800 0.813459 1.152870
845.799700 0.722402 1.076276
845.384500 0.740777 1.114393
844.969200 0.760066 1.005725
844.553800 0.529470 0.743500
844.138300 0.694015 1.004565
843.722700 0.717783 1.199443
843.307100 0.842545 1.269041
842.891400 0.864151 1.250585
842.475500 0.740226 1.081222
842.059600 0.545183 0.767815
841.643600 0.571509 0.748874
841.227500 0.685578 0.989482
840.811300 0.748186 1.067203
840.395100 0.591102 0.817534
839.978700 0.580336 0.792131
839.562300 0.627086 0.922469
839.145700 0.641017 0.932847
838.729100 0.609501 0.953105
838.312400 0.623068 0.950666
837.895600 0.635236 0.955195
837.478700 0.638727 0.973512
837.061700 0.613070 0.970717
836.644700 0.612551 0.960443
836.227500 0.614967 0.955226
835.810200 0.600401 0.965140
835.392900 0.602443 0.953289
834.975500 0.600811 0.963840
834.557900 0.617136 0.961889
834.140300 0.627319 0.970947
833.722700 0.629934 0.970902
833.304900 0.635909 0.964490
832.887000 0.631583 0.962821
832.469100 0.641087 0.960748
832.051000 0.638994 0.969066
831.632900 0.638461 0.975457
831.214600 0.639907 0.975307
830.796300 0.638994 0.979879
830.377900 0.635952 0.983622
829.959400 0.630148 0.980157
829.540800 0.624895 0.983903
829.122100 0.626384 0.982933
828.703400 0.630746 0.987366
828.284500 0.635340 0.986822
827.865600 0.636657 0.987649
827.446500 0.640190 0.982098
827.027500 0.641250 0.977804
826.608200 0.644249 0.979462
826.188900 0.642084 0.969758
825.769500 0.646125 0.969347
825.350000 0.646642 0.967822
824.930500 0.657159 0.962005
824.510800 0.654102 0.964799
824.091100 0.651561 0.967955
823.671300 0.652043 0.964964
823.251300 0.649588 0.964287
822.831300 0.650031 0.961678
822.411200 0.657112 0.962307
821.991000 0.656629 0.966001
821.570700 0.657073 0.965140
821.150300 0.657617 0.973210
820.729900 0.652554 0.980826
820.309300 0.658031 0.976280
819.888600 0.662082 0.977656
819.467900 0.660511 0.979265
819.047100 0.661501 0.972175
818.626200 0.657511 0.969152
818.205100 0.654528 0.961416
817.784100 0.649074 0.962909
817.362900 0.647630 0.958190
816.941600 0.652160 0.957634
816.520200 0.648739 0.964580
816.098800 0.649160 0.964170
815.677200 0.643571 0.965812
815.255600 0.643609 0.964819
814.833800 0.647642 0.959641
814.412000 0.643084 0.962147
813.990100 0.642044 0.958337
813.568100 0.634032 0.963877
813.146000 0.634572 0.962575
812.723800 0.631032 0.967006
812.301500 0.627524 0.969771
811.879200 0.620087 0.970755
811.456700 0.620556 0.971146
811.034100 0.619500 0.971568
810.611500 0.616007 0.972538
810.188800 0.617010 0.972136
809.765900 0.614542 0.969347
809.343000 0.612027 0.966993
808.920000 0.611039 0.963100
808.496900 0.611120 0.962274
808.073700 0.608604 0.962822
807.650500 0.604558 0.964762
807.227100 0.600100 0.966428
806.803600 0.596072 0.964490
806.380100 0.590041 0.964364
805.956400 0.586125 0.963291
805.532700 0.581073 0.968804
805.108900 0.582560 0.971601
804.685000 0.587041 0.967572
804.261000 0.584048 0.969187
803.836900 0.581560 0.965410
803.412700 0.578553 0.963458
802.988400 0.577569 0.962529
802.564000 0.580569 0.962230
802.139600 0.580065 0.966639
801.715000 0.582083 0.968014
801.290300 0.577569 0.972719
800.865700 0.575660 0.973695
800.440800 0.573599 0.975222
800.015900 0.577074 0.974729
799.590900 0.571600 0.977234
799.165800 0.576569 0.975715
798.740600 0.578578 0.970575
798.315300 0.577057 0.973692
797.889900 0.576065 0.973090
797.464400 0.573579 0.975279
797.038900 0.571084 0.976379
796.613200 0.569705 0.975239
796.187500 0.568155 0.973906
795.761700 0.570084 0.971206
795.335700 0.573599 0.973438
794.909700 0.577659 0.969288
794.483600 0.577673 0.970584
794.057400 0.578093 0.972227
793.631000 0.575674 0.969784
793.204700 0.574770 0.970125
792.778200 0.574212 0.970672
792.351600 0.572600 0.973639
791.924900 0.573074 0.970815
791.498200 0.572117 0.969259
791.071400 0.569562 0.971881
790.644400 0.567601 0.970878
790.217300 0.567562 0.972200
789.790200 0.565096 0.969237
789.363000 0.564562 0.966409
788.935700 0.566050 0.963771
788.508300 0.563030 0.968917
788.080700 0.562050 0.970218
787.653200 0.563533 0.968597
787.225500 0.559547 0.968740
786.797700 0.559108 0.966842
786.369900 0.555592 0.969056
785.941900 0.557097 0.964042
785.513900 0.558011 0.960356
785.085700 0.558501 0.957579
784.657500 0.559517 0.951762
784.229100 0.559015 0.950478
783.800700 0.557502 0.952005
783.372200 0.559500 0.949746
782.943500 0.560024 0.950189
782.514800 0.563591 0.950062
782.086100 0.565663 0.947528
781.657200 0.560186 0.946685
781.228200 0.559742 0.941001
780.799100 0.558234 0.940579
780.369900 0.556665 0.940318
779.940700 0.555203 0.942949
779.511300 0.555727 0.941395
779.081800 0.554188 0.940711
778.652300 0.557132 0.941263
778.222700 0.556108 0.939053
777.793000 0.554236 0.942478
777.363200 0.553728 0.942345
776.933200 0.553174 0.941032
776.503200 0.555203 0.940430
776.073100 0.553780 0.936488
775.642900 0.550255 0.936616
775.212600 0.554348 0.933399
774.782200 0.550860 0.935478
774.351700 0.547821 0.936359
773.921200 0.546275 0.937928
773.490500 0.543295 0.937974
773.059800 0.538807 0.939626
772.628900 0.533830 0.939801
772.198000 0.534382 0.937529
771.766900 0.533987 0.936436
771.335800 0.535498 0.936197
770.904600 0.536449 0.934626
770.473300 0.538034 0.936584
770.041900 0.539033 0.935174
769.610400 0.536473 0.935137
769.178700 0.533013 0.940151
768.747100 0.534577 0.940352
768.315200 0.532940 0.946968
767.883400 0.533605 0.949800
767.451400 0.533236 0.954059
767.019300 0.529211 0.958633
766.587200 0.525129 0.958086
766.154900 0.523562 0.956450
765.722500 0.524130 0.955807
765.290100 0.527099 0.954736
764.857500 0.529504 0.952385
764.424900 0.529364 0.955035
763.992200 0.533791 0.951385
763.559300 0.530213 0.954341
763.126400 0.529126 0.955000
762.693400 0.527139 0.954842
762.260300 0.528646 0.949467
761.827100 0.529167 0.948163
761.393800 0.527126 0.951014
760.960400 0.528608 0.950230
760.526900 0.528586 0.956244
760.093300 0.527053 0.958200
759.659700 0.525529 0.957584
759.225900 0.521518 0.959096
758.792100 0.520016 0.961248
758.358100 0.517001 0.960979
757.924000 0.518005 0.960532
757.489900 0.518001 0.959092
757.055600 0.517518 0.959275
756.621300 0.517073 0.957486
756.186800 0.516599 0.957399
755.752300 0.517093 0.958752
755.317700 0.517536 0.957035
754.883000 0.516529 0.957850
754.448200 0.517054 0.954453
754.013200 0.515063 0.957084
753.578200 0.513047 0.957000
753.143100 0.512005 0.953464
752.707900 0.511502 0.951572
752.272600 0.513001 0.949578
751.837300 0.511507 0.950029
751.401800 0.512504 0.951121
750.966200 0.513000 0.951193
750.530600 0.516000 0.948590
750.094800 0.517500 0.943199
749.658900 0.517500 0.943018
749.223000 0.515502 0.941940
748.786900 0.514008 0.945981
748.350800 0.512001 0.945986
747.914600 0.509518 0.945986
747.478200 0.509524 0.944907
747.041700 0.508055 0.943748
746.605200 0.507040 0.939247
746.168600 0.505074 0.942120
745.731900 0.506074 0.943108
745.295000 0.505021 0.944544
744.858200 0.503005 0.939785
744.421100 0.502027 0.940145
743.984100 0.503048 0.936825
743.546800 0.502075 0.935482
743.109600 0.504065 0.933600
742.672200 0.502626 0.933060
742.234700 0.505639 0.932706
741.797100 0.504626 0.930994
741.359400 0.502699 0.930919
740.921600 0.501716 0.928852
740.483800 0.497753 0.927703
740.045800 0.497753 0.929230
739.607700 0.496718 0.927894
739.169600 0.496210 0.927894
738.731300 0.495210 0.928946
738.293000 0.494774 0.928690
737.854500 0.494856 0.926433
737.416000 0.495389 0.928785
736.977300 0.495855 0.929392
736.538600 0.496344 0.928690
736.099700 0.496899 0.928500
735.660800 0.494974 0.930312
735.221800 0.494000 0.929771
734.782700 0.494081 0.931045
734.343400 0.492626 0.933558
733.904100 0.490719 0.934544
733.464700 0.491299 0.933462
733.025200 0.493328 0.931839
732.585600 0.493811 0.928785
732.145900 0.495500 0.926949
731.706100 0.496055 0.925374
731.266200 0.496498 0.923946
730.826200 0.497015 0.921092
730.386100 0.499604 0.920107
729.945900 0.501678 0.919565
729.505700 0.503275 0.921635
729.065300 0.502797 0.922961
728.624800 0.502447 0.924111
728.184300 0.502015 0.922380
727.743600 0.500112 0.924009
727.302800 0.500021 0.923907
726.861900 0.496554 0.924349
726.421000 0.495900 0.926160
725.979900 0.492953 0.929314
725.538800 0.493906 0.929413
725.097500 0.495815 0.926217
724.656100 0.494817 0.926901
724.214700 0.493697 0.924782
723.773200 0.494340 0.925520
723.331500 0.493259 0.925477
722.889800 0.492909 0.927101
722.447900 0.491479 0.927837
722.006000 0.492000 0.927739
721.564000 0.490006 0.929230
721.121800 0.490715 0.926717
720.679600 0.490764 0.925987
720.237300 0.490145 0.925242
719.794900 0.489671 0.925866
719.352400 0.489867 0.923267
718.909700 0.490098 0.919669
718.467000 0.491336 0.918681
718.024200 0.491017 0.918771
717.581300 0.491647 0.918504
717.138300 0.491286 0.919226
716.695200 0.489656 0.920661
716.252000 0.489131 0.919583
715.808700 0.488300 0.918861
715.365300 0.485429 0.920837
714.921800 0.486599 0.918952
714.478200 0.486659 0.917874
714.034500 0.484981 0.917335
713.590700 0.482401 0.918771
713.146900 0.481535 0.917965
712.702800 0.481600 0.916796
712.258800 0.482536 0.915718
711.814600 0.482606 0.915899
711.370300 0.483813 0.914015
710.925900 0.483575 0.913843
710.481400 0.481517 0.915370
710.036900 0.481133 0.914500
709.592200 0.481443 0.909284
709.147400 0.481058 0.908015
708.702600 0.480218 0.905948
708.257600 0.478925 0.908275
707.812500 0.477934 0.909170
707.367400 0.476865 0.909802
706.922100 0.476865 0.910176
706.476700 0.476253 0.910250
706.031300 0.474576 0.909170
705.585700 0.471144 0.910250
705.140100 0.470687 0.910882
704.694300 0.471526 0.907475
704.248400 0.472136 0.907381
703.802500 0.472669 0.907028
703.356400 0.471984 0.905408
702.910300 0.472295 0.904590
702.464100 0.469492 0.904406
702.017700 0.470485 0.902879
701.571200 0.470485 0.903146
701.124700 0.469102 0.904854
700.678000 0.468571 0.901710
700.231300 0.471068 0.898930
699.784400 0.470687 0.898117
699.337500 0.471299 0.898482
698.890400 0.471080 0.896324
698.443300 0.472151 0.894706
697.996100 0.472151 0.892549
697.548800 0.474667 0.890393
697.101300 0.476192 0.886262
696.653700 0.477182 0.885365
696.206100 0.476728 0.883838
695.758400 0.475121 0.883389
695.310500 0.473437 0.883480
694.862600 0.472367 0.882504
694.414600 0.472669 0.881429
693.966400 0.472212 0.880354
693.518200 0.471377 0.882869
693.069900 0.470230 0.883149
692.621500 0.469543 0.880182
692.172900 0.467485 0.879475
691.724300 0.465811 0.877614
691.275600 0.463609 0.878892
690.826700 0.462617 0.877658
690.377800 0.461411 0.874963
689.928800 0.461342 0.874507
689.479700 0.461021 0.872904
689.030400 0.461342 0.870614
688.581100 0.460211 0.872446
688.131700 0.459150 0.872607
687.682100 0.457097 0.872074
687.232500 0.455641 0.872920
686.782800 0.452527 0.873308
686.332900 0.452199 0.872172
685.883000 0.451467 0.872744
685.433000 0.451997 0.869766
684.982800 0.451003 0.869492
684.532700 0.449878 0.869158
684.082300 0.445970 0.873132
683.631900 0.443983 0.871816
683.181300 0.443194 0.869622
682.730700 0.441740 0.868099
682.280000 0.440147 0.867106
681.829200 0.438517 0.870021
681.378200 0.437380 0.870886
680.927200 0.435396 0.871351
680.476100 0.433632 0.870230
680.024800 0.433782 0.870695
679.573500 0.431266 0.871880
679.122100 0.431498 0.870822
678.670500 0.428526 0.871752
678.218900 0.429756 0.870486
677.767200 0.429550 0.871015
677.315400 0.427914 0.870616
676.863400 0.424677 0.872139
676.411400 0.422883 0.874126
675.959200 0.422082 0.875855
675.507000 0.420649 0.877971
675.054700 0.419853 0.877314
674.602200 0.419505 0.874609
674.149700 0.417244 0.875418
673.697100 0.416895 0.876699
673.244300 0.415563 0.875644
672.791500 0.415021 0.877166
672.338600 0.414134 0.880501
671.885500 0.414233 0.879974
671.432400 0.412364 0.882318
670.979100 0.411584 0.882432
670.525800 0.411896 0.883017
670.072300 0.411352 0.883017
669.618800 0.411125 0.881554
669.165100 0.411778 0.880618
668.711400 0.411341 0.880327
668.257500 0.411014 0.880740
667.803500 0.411450 0.880740
667.349500 0.409597 0.881457
666.895300 0.407199 0.880407
666.441100 0.406218 0.882132
665.986800 0.405463 0.882500
665.532300 0.403733 0.884544
665.077700 0.403894 0.886115
664.623000 0.402609 0.886745
664.168300 0.402429 0.883704
663.713400 0.401577 0.882604
663.258400 0.401830 0.881188
662.803400 0.399752 0.882398
662.348200 0.400135 0.881925
661.892900 0.400817 0.877266
661.437600 0.400727 0.875978
660.982100 0.399879 0.875126
660.526500 0.400854 0.873607
660.070800 0.399455 0.872709
659.615100 0.398057 0.870193
659.159200 0.397505 0.869770
658.703200 0.397249 0.868723
658.247100 0.397634 0.868300
657.790900 0.396369 0.867155
657.334600 0.396790 0.864019
656.878200 0.396766 0.861504
656.421800 0.396766 0.860318
655.965100 0.396080 0.855625
655.508400 0.394000 0.853541
655.051600 0.393448 0.853281
654.594700 0.392187 0.853801
654.137700 0.391067 0.853366
653.680600 0.390787 0.848901
653.223400 0.390094 0.849122
652.766100 0.389961 0.849876
652.308700 0.389547 0.846792
651.851100 0.388454 0.846460
651.393600 0.388309 0.845842
650.935800 0.386811 0.843374
650.478000 0.384618 0.842237
650.020100 0.384512 0.842666
649.562000 0.382735 0.840672
649.103900 0.382430 0.838973
648.645700 0.380807 0.838973
648.187300 0.380154 0.837590
647.728900 0.377827 0.836979
647.270300 0.377342 0.834985
646.811700 0.375745 0.833988
646.353000 0.376306 0.831473
645.894100 0.374717 0.830566
645.435100 0.373080 0.829435
644.976100 0.373251 0.827917
644.516900 0.372641 0.827702
644.057700 0.370519 0.826705
643.598300 0.369919 0.824066
643.138900 0.369891 0.823028
642.679300 0.369302 0.822468
642.219600 0.365910 0.819876
641.759800 0.365142 0.818170
641.299900 0.363995 0.818133
640.840000 0.362846 0.817690
640.379900 0.359825 0.817440
639.919700 0.356804 0.815825
639.459400 0.355680 0.814215
638.999000 0.353424 0.813123
638.538500 0.351543 0.811008
638.077900 0.351171 0.807386
637.617200 0.349492 0.805745
637.156400 0.348587 0.806208
636.695400 0.346145 0.806137
636.234400 0.344684 0.807136
635.773300 0.342871 0.806672
635.312100 0.342150 0.806070
634.850800 0.341500 0.805028
634.389300 0.339724 0.803478
633.927800 0.335673 0.804892
633.466200 0.332207 0.802875
633.004400 0.331286 0.801300
632.542500 0.329445 0.799778
632.080600 0.328868 0.796708
631.618600 0.326927 0.798176
631.156400 0.326382 0.797141
630.694200 0.324464 0.796636
630.231800 0.323464 0.795616
629.769300 0.321895 0.794061
629.306800 0.320004 0.794054
628.844100 0.318123 0.795557
628.381300 0.315611 0.794054
627.918400 0.313125 0.794054
627.455400 0.312494 0.791041
626.992300 0.310664 0.788528
626.529100 0.308889 0.786515
626.065800 0.308808 0.785506
625.602400 0.308195 0.785500
625.138900 0.307859 0.783000
624.675300 0.306653 0.779002
624.211500 0.306353 0.775501
623.747700 0.304882 0.776001
623.283800 0.304856 0.773005
622.819800 0.303701 0.771500
622.355700 0.303688 0.769002
621.891400 0.303109 0.766504
621.427100 0.302533 0.767003
620.962600 0.301961 0.765008
620.498000 0.301138 0.762022
620.033400 0.300604 0.760032
619.568700 0.299812 0.757520
619.103800 0.297886 0.757509
618.638800 0.296777 0.755014
618.173700 0.295256 0.754512
617.708600 0.293333 0.754008
617.243300 0.292893 0.754011
616.777900 0.293123 0.753008
616.312400 0.292302 0.750006
615.846800 0.292476 0.749505
615.381000 0.291040 0.747513
614.915300 0.289421 0.745535
614.449300 0.287687 0.743554
613.983300 0.287125 0.745050
613.517200 0.286105 0.744594
613.051000 0.284651 0.744613
612.584700 0.282857 0.742164
612.118200 0.283359 0.740709
611.651700 0.281795 0.740768
611.185000 0.282468 0.738769
610.718300 0.282392 0.738784
610.251400 0.280840 0.737835
609.784400 0.280072 0.736853
609.317300 0.278938 0.735400
608.850200 0.277428 0.734420
608.382900 0.278204 0.730893
607.915500 0.276147 0.729527
607.448000 0.276392 0.725621
606.980400 0.274356 0.725670
606.512700 0.272389 0.725314
606.044900 0.270705 0.724371
605.577000 0.269817 0.723489
605.108900 0.269179 0.723944
604.640800 0.267749 0.722521
604.172600 0.266991 0.722583
603.704200 0.265010 0.723678
603.235800 0.264321 0.723814
602.767300 0.262981 0.724437
602.298600 0.261628 0.722629
601.829800 0.261570 0.722629
601.361000 0.260559 0.721710
600.892000 0.257936 0.722351
600.422900 0.257419 0.722912
599.953700 0.257473 0.721999
599.484400 0.257917 0.723994
599.015000 0.257877 0.723951
598.545500 0.257501 0.723431
598.075900 0.256231 0.724601
597.606200 0.256907 0.723172
597.136400 0.254576 0.720933
596.666400 0.253476 0.721649
596.196400 0.251118 0.724839
595.726300 0.251003 0.728350
595.256000 0.251321 0.728402
594.785700 0.251215 0.727457
594.315200 0.251130 0.727038
593.844700 0.252054 0.727944
593.374000 0.251003 0.732038
592.903200 0.250001 0.731273
592.432300 0.249054 0.731273
591.961300 0.248622 0.729462
591.490200 0.246784 0.730359
591.019000 0.246609 0.729556
590.547700 0.247351 0.728890
590.076300 0.247028 0.728237
589.604800 0.245616 0.728237
589.133100 0.246435 0.725611
588.661400 0.246833 0.725828
588.189600 0.246058 0.725517
587.717600 0.246822 0.722161
587.245500 0.247320 0.722006
586.773400 0.248218 0.719724
586.301100 0.249043 0.719427
585.828700 0.249985 0.717981
585.356300 0.250624 0.716327
584.883700 0.251858 0.715218
584.410900 0.253016 0.714399
583.938200 0.253790 0.713132
583.465200 0.254330 0.711237
582.992200 0.255178 0.709627
582.519100 0.258000 0.705679
582.045800 0.259808 0.705163
581.572500 0.261920 0.706089
581.099100 0.262995 0.702943
580.625500 0.262920 0.700276
580.151900 0.264593 0.698625
579.678000 0.265146 0.696668
579.204200 0.267034 0.694637
578.730200 0.268597 0.695940
578.256100 0.269245 0.695147
577.781900 0.270714 0.694118
577.307600 0.273293 0.692475
576.833200 0.273253 0.691996
576.358600 0.274611 0.693662
575.884000 0.275667 0.692491
575.409300 0.276862 0.693686
574.934400 0.276930 0.693450
574.459500 0.278931 0.689514
573.984400 0.280530 0.688111
573.509200 0.280993 0.688217
573.033900 0.282312 0.687374
572.558600 0.284199 0.684974
572.083100 0.284975 0.683516
571.607500 0.286088 0.680020
571.131800 0.287522 0.679618
570.655900 0.289296 0.679202
570.180100 0.291701 0.678511
569.704000 0.292962 0.678457
569.227800 0.294568 0.678115
568.751600 0.297303 0.675650
568.275300 0.299049 0.678286
567.798800 0.301591 0.678960
567.322200 0.303104 0.675798
566.845500 0.305353 0.676326
566.368700 0.307898 0.677604
565.891800 0.311153 0.678765
565.414900 0.313940 0.679466
564.937700 0.315673 0.680454
564.460500 0.318836 0.682758
563.983200 0.322215 0.680756
563.505700 0.324510 0.681020
563.028200 0.327248 0.681939
562.550500 0.328990 0.682431
562.072800 0.332433 0.686295
561.594800 0.335268 0.690543
561.116900 0.336021 0.691855
560.638800 0.337821 0.694177
560.160600 0.341354 0.698408
559.682300 0.342089 0.704666
559.203900 0.344675 0.708073
558.725300 0.347331 0.710565
558.246700 0.349069 0.715487
557.767900 0.351944 0.722629
557.289100 0.356316 0.727545
556.810200 0.358837 0.737516
556.331100 0.361268 0.740352
555.851900 0.363296 0.745762
555.372600 0.366329 0.751517
554.893200 0.370516 0.762680
554.413700 0.372752 0.769757
553.934100 0.375029 0.777582
553.454300 0.378833 0.787977
552.974500 0.381193 0.804007
552.494600 0.384557 0.818128
552.014500 0.387513 0.838842
551.534400 0.390500 0.858112
551.054100 0.393547 0.879108
550.573700 0.395629 0.906371
550.093300 0.399793 0.930556
549.612700 0.401994 0.955086
549.132000 0.404211 0.991117
548.651100 0.407424 1.029731
548.170200 0.410797 1.068389
547.689100 0.414177 1.116732
547.208000 0.417077 1.170259
546.726700 0.419487 1.226547
546.245400 0.422394 1.296041
545.763900 0.424338 1.363033
545.282300 0.426691 1.443686
544.800700 0.428150 1.535530
544.318800 0.429634 1.622423
543.836900 0.432220 1.720495
543.354900 0.433217 1.835991
542.872800 0.432363 1.967816
542.390500 0.431441 2.108757
541.908200 0.430000 2.249696
541.425700 0.428262 2.408690
540.943100 0.426995 2.588693
540.460400 0.423380 2.781704
539.977700 0.421343 3.012797
539.494800 0.418244 3.255342
539.011800 0.413135 3.526097
538.528600 0.406140 3.830786
538.045400 0.398801 4.159369
537.562100 0.390182 4.523107
537.078600 0.379582 4.896722
536.595000 0.365891 5.305126
536.111400 0.353215 5.750383
535.627600 0.337604 6.241032
535.143700 0.319501 6.756123
534.659700 0.297787 7.265887
534.175600 0.273987 7.800600
533.691300 0.246349 8.331175
533.207000 0.217084 8.832037
532.722600 0.185974 9.294647
532.238000 0.152018 9.696797
531.753400 0.117529 10.076217
531.268600 0.085757 10.353953
530.783700 0.066091 10.533329
530.298700 0.071164 10.576512
529.813600 0.097734 10.543755
529.328400 0.135975 10.398873
528.843000 0.174215 10.135314
528.357600 0.214642 9.816926
527.872000 0.253746 9.447713
527.386400 0.291812 9.033266
526.900600 0.327083 8.561863
526.414700 0.359735 8.113312
525.928700 0.390639 7.636279
525.442600 0.421031 7.166954
524.956400 0.447377 6.719375
524.470000 0.473000 6.311399
523.983600 0.495519 5.919917
523.497100 0.516926 5.537787
523.010400 0.538305 5.176300
522.523600 0.558356 4.846218
522.036700 0.575109 4.530201
521.549700 0.590197 4.253596
521.062600 0.603991 4.003928
520.575400 0.617821 3.759423
520.088100 0.631179 3.541874
519.600600 0.645093 3.343519
519.113100 0.658933 3.157301
518.625400 0.670089 2.977205
518.137700 0.680286 2.815583
517.649800 0.690942 2.670841
517.161800 0.699916 2.531974
516.673700 0.710866 2.413038
516.185500 0.720825 2.303936
515.697100 0.729893 2.187586
515.208700 0.738860 2.077639
514.720200 0.747839 1.972940
514.231400 0.756354 1.884183
513.742700 0.764346 1.797253
513.253800 0.772938 1.718131
512.764800 0.781883 1.650036
512.275700 0.791996 1.587731
511.786400 0.799608 1.523270
511.297100 0.805608 1.455423
510.807600 0.810032 1.397116
510.318100 0.818135 1.346082
509.828400 0.826416 1.296390
509.338600 0.835136 1.253127
508.848800 0.842463 1.206362
508.358700 0.848929 1.156275
507.868600 0.857245 1.118513
507.378400 0.864049 1.080462
506.888000 0.872052 1.038501
506.397600 0.877737 1.007425
505.907000 0.883771 0.978117
505.416300 0.890384 0.949924
504.925500 0.896115 0.928621
504.434600 0.903003 0.909276
503.943600 0.911354 0.886558
503.452500 0.920008 0.868461
502.961200 0.927530 0.850843
502.469800 0.933903 0.824109
501.978400 0.942005 0.801328
501.486800 0.947239 0.780301
500.995100 0.955929 0.758224
500.503300 0.963228 0.738415
500.011400 0.970271 0.720174
499.519300 0.977827 0.704666
499.027200 0.983929 0.690439
498.534900 0.990673 0.677825
498.042600 0.996476 0.670421
497.550100 1.001232 0.658034
497.057500 1.008578 0.644477
496.564800 1.013543 0.630873
496.072000 1.019750 0.621984
495.579000 1.024455 0.609587
495.086000 1.028948 0.593040
494.592800 1.034815 0.582151
494.099500 1.038432 0.572211
493.606200 1.043991 0.565119
493.112700 1.050127 0.555961
492.619000 1.056322 0.546806
492.125300 1.061886 0.538443
491.631500 1.067132 0.532806
491.137500 1.070969 0.527501
490.643500 1.074550 0.521801
490.149300 1.077879 0.516724
489.655000 1.081212 0.508524
489.160600 1.086532 0.499829
488.666100 1.091209 0.499140
488.171400 1.095057 0.491049
487.676700 1.098549 0.484208
487.181800 1.101178 0.482986
486.686900 1.101828 0.479338
486.191800 1.105014 0.476323
485.696600 1.107148 0.470295
485.201300 1.110025 0.467250
484.705800 1.111009 0.465146
484.210300 1.115776 0.464184
483.714600 1.117093 0.462872
483.218900 1.117914 0.460401
482.723000 1.119479 0.459428
482.227000 1.122282 0.463029
481.730900 1.123940 0.465095
481.234600 1.124694 0.467201
480.738300 1.125879 0.468694
480.241900 1.126548 0.466605
479.745300 1.127458 0.468710
479.248600 1.127888 0.465692
478.751800 1.128419 0.464360
478.254900 1.128380 0.465574
477.757900 1.129158 0.468420
477.260800 1.129129 0.469394
476.763500 1.128532 0.470574
476.266200 1.130236 0.471469
475.768700 1.128966 0.471102
475.271100 1.130105 0.472371
474.773400 1.132282 0.474928
474.275600 1.132167 0.476245
473.777600 1.130446 0.474735
473.279600 1.129531 0.474022
472.781400 1.129994 0.475357
472.283100 1.125420 0.476693
471.784800 1.123822 0.479140
471.286300 1.122001 0.480306
470.787600 1.121552 0.481217
470.288900 1.122922 0.484957
469.790000 1.121328 0.485330
469.291100 1.120880 0.485885
468.792000 1.120561 0.489843
468.292800 1.117956 0.491553
467.793500 1.116148 0.495541
467.294100 1.116590 0.501440
466.794500 1.114563 0.504471
466.294900 1.111129 0.507606
465.795100 1.108840 0.512988
465.295200 1.107477 0.516304
464.795200 1.106685 0.517459
464.295100 1.104668 0.520990
463.794900 1.103226 0.525388
463.294600 1.103443 0.523542
462.794100 1.100367 0.524341
462.293500 1.100584 0.523787
461.792800 1.100584 0.523008
461.292100 1.097788 0.527479
460.791100 1.098214 0.528296
460.290100 1.096431 0.531458
459.788900 1.092143 0.535980
459.287700 1.087863 0.537378
458.786300 1.084795 0.532936
458.284800 1.080080 0.532397
457.783200 1.078514 0.534079
457.281500 1.076590 0.534921
456.779600 1.072804 0.538105
456.277700 1.070099 0.543563
455.775600 1.067757 0.544708
455.273400 1.062621 0.545487
454.771100 1.060492 0.545671
454.268700 1.057125 0.546956
453.766200 1.052198 0.549105
453.263500 1.047634 0.551494
452.760800 1.042346 0.554315
452.257900 1.036279 0.557139
451.754900 1.030991 0.559418
451.251800 1.024924 0.561926
450.748500 1.019065 0.564756
450.245200 1.012636 0.568134
449.741700 1.005637 0.571078
449.238200 0.998846 0.574023
448.734500 0.992054 0.577514
448.230700 0.984484 0.580023
447.726700 0.976552 0.583515
447.222700 0.969191 0.586461
446.718600 0.960898 0.589953
446.214300 0.952395 0.593445
445.709900 0.943532 0.597045
445.205400 0.935240 0.600538
444.700800 0.925807 0.604138
444.196000 0.916375 0.607738
443.691200 0.906583 0.611230
443.186200 0.896792 0.615375
442.681200 0.887003 0.618976
442.175900 0.876644 0.623121
441.670600 0.866286 0.626722
441.165200 0.855001 0.630977
440.659600 0.844430 0.635124
440.154000 0.832793 0.639271
439.648200 0.832793 0.639271
439.648200 0.450870 1.773812
999.792500 0.403602 0.116889
