0.834136  
0.003935  
0.918130  
0.680311  
0.726486  
0.666683  
0.700807  
0.621850  
0.665420  
0.694219  
0.655222  
0.709391  
0.701100  
0.763093  
0.769981  
0.772439  
0.787498  
0.792087  
0.790727  
0.834515  
0.836597  
0.890077  
0.872048  
0.899421  
0.884966  
0.903501  
0.898033  
0.916465  
0.915653  
0.917643  
0.942895  
0.988010  
0.935892  
0.963503  
0.986083  
0.986697  
0.994156  
0.965249  
0.980152  
0.993714  
1.002926  
1.012468  
1.023728  
1.049733  
1.036733  
1.045801  
1.038045  
1.043456  
1.057665  
1.066185  
1.040853  
1.052651  
1.069970  
1.067060  
1.051695  
1.051426  
1.050758  
1.069313  
1.050708  
1.072034  
1.067368  
1.083650  
1.084354  
1.072471  
1.079339  
1.085113  
1.088275  
1.088133  
1.077283  
1.105403  
1.095429  
1.092647  
1.096842  
1.077935  
1.102137  
1.075479  
1.087807  
1.077109  
1.096540  
1.087019  
1.082783  
1.100401  
1.089157  
1.090125  
1.098364  
1.124422  
1.071406  
1.116980  
1.075306  
1.102071  
1.130520  
1.137733  
1.067251  
1.120451  
1.136764  
1.160715  
1.105459  
1.130883  
1.118411  
1.111276  
1.127298  
1.089968  
1.115003  
1.077477  
1.143849  
1.112644  
1.149347  
1.101335  
1.094791  
1.101127  
1.112497  
1.148275  
1.077080  
1.150588  
1.130012  
1.121096  
1.091224  
1.106283  
1.113238  
1.140381  
1.090294  
1.097287  
1.065117  
1.115869  
1.098225  
1.076201  
1.132991  
1.120806  
1.123005  
1.163662  
1.148114  
1.122238  
1.109696  
1.156722  
1.110200  
1.187860  
1.197235  
1.104726  
1.092361  
1.096850  
1.127581  
1.138276  
1.129124  
1.090384  
1.189418  
1.160353  
1.198355  
1.107157  
1.072134  
1.116670  
1.188033  
1.201046  
1.178720  
1.195756  
1.181845  
1.192944  
1.197825  
1.187982  
1.217170  
1.208037  
1.196288  
1.190494  
1.188943  
1.209223  
1.237793  
1.217232  
1.225607  
1.192116  
1.219725  
1.198653  
1.213234  
1.208926  
1.200257  
1.202902  
1.211118  
1.200947  
1.218524  
1.207675  
1.207302  
1.217696  
1.220171  
1.217292  
1.224001  
1.218257  
1.222564  
1.225105  
1.220229  
1.235577  
1.229307  
1.228909  
1.236797  
1.233262  
1.227831  
1.240382  
1.238417  
1.233018  
1.231552  
1.235524  
1.239035  
1.238726  
1.243879  
1.247754  
1.240103  
1.245715  
1.241337  
1.240360  
1.240062  
1.245697  
1.244138  
1.246059  
1.239064  
1.244723  
1.246992  
1.242582  
1.246538  
1.255509  
1.248940  
1.245046  
1.243981  
1.249833  
1.243766  
1.244944  
1.241197  
1.250097  
1.249052  
1.250519  
1.249639  
1.251419  
1.247304  
1.244109  
1.249844  
1.248836  
1.246179  
1.251740  
1.251615  
1.249917  
1.250910  
1.250799  
1.254525  
1.250478  
1.256062  
1.256332  
1.253511  
1.251982  
1.256724  
1.254068  
1.258392  
1.257147  
1.257628  
1.254650  
1.259363  
1.258096  
1.254253  
1.261101  
1.259692  
1.254793  
1.263088  
1.264488  
1.261139  
1.261265  
1.259778  
1.260691  
1.262331  
1.262811  
1.266238  
1.260707  
1.265021  
1.260462  
1.265443  
1.261635  
1.266396  
1.264473  
1.263536  
1.266425  
1.263873  
1.265771  
1.268816  
1.271371  
1.268833  
1.269988  
1.272763  
1.272719  
1.268622  
1.272493  
1.274672  
1.274398  
1.273886  
1.270811  
1.274680  
1.272777  
1.268503  
1.270102  
1.274476  
1.273383  
1.277318  
1.275948  
1.273002  
1.276648  
1.275169  
1.277557  
1.273465  
1.275196  
1.277261  
1.274672  
1.276789  
1.277412  
1.279373  
1.282006  
1.279257  
1.282009  
1.279274  
1.279875  
1.278834  
1.282520  
1.280685  
1.281367  
1.279575  
1.281931  
1.280991  
1.282146  
1.280290  
1.282568  
1.280692  
1.281292  
1.285504  
1.290569  
1.283013  
1.284743  
1.287975  
1.285730  
1.287549  
1.289228  
1.281651  
1.290592  
1.289253  
1.288583  
1.288488  
1.288046  
1.289277  
1.291676  
1.287708  
1.287629  
1.285807  
1.286536  
1.281541  
1.280330  
1.277551  
1.270783  
1.266560  
1.270100  
1.270498  
1.274916  
1.276460  
1.279044  
1.282451  
1.285737  
1.287107  
1.290308  
1.290861  
1.290120  
1.292659  
1.290620  
1.291541  
1.290486  
1.289844  
1.292261  
1.289883  
1.286636  
1.283514  
1.283516  
1.278653  
1.276091  
1.272280  
1.268058  
1.265576  
1.264936  
1.263362  
1.260935  
1.259474  
1.260679  
1.260013  
1.260951  
1.262437  
1.262753  
1.263846  
1.264393  
1.266345  
1.267714  
1.268880  
1.270418  
1.274445  
1.275741  
1.274551  
1.275927  
1.277706  
1.275449  
1.277876  
1.279549  
1.277619  
1.277478  
1.279044  
1.279776  
1.281043  
1.280538  
1.279073  
1.276293  
1.276770  
1.277772  
1.281852  
1.274473  
1.278726  
1.280199  
1.280277  
1.277654  
1.279345  
1.280668  
1.279822  
1.279254  
1.279624  
1.281724  
1.277896  
1.281025  
1.279182  
1.279506  
1.281264  
1.280612  
1.281929  
1.278473  
1.280886  
1.280303  
1.280391  
1.280441  
1.280390  
1.282062  
1.276922  
1.278322  
1.279971  
1.281512  
1.281699  
1.282556  
1.278935  
1.279672  
1.280994  
1.277038  
1.278895  
1.278256  
1.282885  
1.280494  
1.280132  
1.280442  
1.276197  
1.277678  
1.276582  
1.280758  
1.280035  
1.277485  
1.280243  
1.282220  
1.281216  
1.276904  
1.275366  
1.278036  
1.281469  
1.277510  
1.276602  
1.280908  
1.276278  
1.278952  
1.277762  
1.272306  
1.277235  
1.275057  
1.277968  
1.277233  
1.272598  
1.274411  
1.277382  
1.274156  
1.267799  
1.269215  
1.267761  
1.270103  
1.267576  
1.274869  
1.270683  
1.268275  
1.262771  
1.270463  
1.268583  
1.262563  
1.272579  
1.272319  
1.269781  
1.266024  
1.266254  
1.270404  
1.266491  
1.260976  
1.266824  
1.260861  
1.265960  
1.266116  
1.260868  
1.262253  
1.264548  
1.262975  
1.261017  
1.261457  
1.263271  
1.257219  
1.259559  
1.259922  
1.260348  
1.259008  
1.249641  
1.257693  
1.258831  
1.257393  
1.258106  
1.256781  
1.258791  
1.252250  
1.250667  
1.253737  
1.255731  
1.247720  
1.249972  
1.250054  
1.253006  
1.252576  
1.250842  
1.248460  
1.257133  
1.247142  
1.248164  
1.248625  
1.254259  
1.252065  
1.247827  
1.259371  
1.248760  
1.244039  
1.248440  
1.241674  
1.241458  
1.247193  
1.244942  
1.244342  
1.238907  
1.242459  
1.244436  
1.243769  
1.245024  
1.240212  
1.234036  
1.243255  
1.246031  
1.237243  
1.242500  
1.237041  
1.240496  
1.232645  
1.226688  
1.234804  
1.233076  
1.232123  
1.235381  
1.224149  
1.229588  
1.223753  
1.233831  
1.238376  
1.230713  
1.230944  
1.238656  
1.233516  
1.236442  
1.229850  
1.237255  
1.234349  
1.227435  
1.235630  
1.225059  
1.232765  
1.232009  
1.230546  
1.232179  
1.232223  
1.228539  
1.229705  
1.228675  
1.233576  
1.231309  
1.240151  
1.235399  
1.242702  
1.229273  
1.248221  
1.250964  
1.251807  
1.270525  
1.280479  
1.280807  
1.293252  
1.276362  
1.278229  
1.246497  
1.247045  
1.250228  
1.244934  
1.256769  
1.246939  
1.246453  
1.245625  
1.253982  
1.253141  
1.248074  
1.257304  
1.258762  
1.265486  
1.255784  
1.268994  
1.257840  
1.254297  
1.255696  
1.266307  
1.266742  
1.272002  
1.267955  
1.258302  
1.286250  
1.285113  
1.269771  
1.275564  
1.294308  
1.293029  
1.290446  
1.247670  
1.274920  
1.250809  
1.309001  
1.278305  
1.283214  
1.350992  
1.278449  
1.319097  
1.264275  
1.330073  
1.245036  
1.337749  
1.294521  
1.330695  
1.256118  
1.390874  
1.388781  
1.186727  
1.294509  
1.358271  
1.401046  
1.331279  
1.262692  
1.226573  
1.116308  
1.316523  
1.234425  
1.217207  
1.412872  
