0.660841  
66.110393 
1.096337  
1.184205  
1.015047  
1.209928  
1.105869  
1.208675  
1.340560  
1.129883  
1.130415  
1.022934  
1.035316  
0.956270  
1.013948  
0.934604  
0.914949  
0.964929  
0.975632  
0.905398  
0.949308  
0.840738  
0.874337  
0.854061  
0.885102  
0.859575  
0.860404  
0.803660  
0.850998  
0.846425  
0.828984  
0.806585  
0.824703  
0.807426  
0.783987  
0.768908  
0.740022  
0.767064  
0.731520  
0.724110  
0.707916  
0.701895  
0.691185  
0.677951  
0.680088  
0.668561  
0.659772  
0.667841  
0.657677  
0.654851  
0.688120  
0.665935  
0.666775  
0.654617  
0.678874  
0.677571  
0.681719  
0.673336  
0.684663  
0.675520  
0.679766  
0.674723  
0.670443  
0.680554  
0.685294  
0.673762  
0.684598  
0.685158  
0.694619  
0.674264  
0.682445  
0.673290  
0.669990  
0.683101  
0.672956  
0.690751  
0.676604  
0.673945  
0.662870  
0.663888  
0.630144  
0.657094  
0.650948  
0.607649  
0.639747  
0.599082  
0.647328  
0.598603  
0.592613  
0.587115  
0.551429  
0.528336  
0.556805  
0.507221  
0.547371  
0.496917  
0.504319  
0.478064  
0.457332  
0.489931  
0.464879  
0.475447  
0.428224  
0.421738  
0.380947  
0.387627  
0.397907  
0.402265  
0.390103  
0.385901  
0.357025  
0.366905  
0.374378  
0.366507  
0.367819  
0.353496  
0.341355  
0.333428  
0.363624  
0.382119  
0.332617  
0.320111  
0.339752  
0.370099  
0.318215  
0.352041  
0.310363  
0.318564  
0.283299  
0.333080  
0.292606  
0.309494  
0.342515  
0.348703  
0.308320  
0.312039  
0.279436  
0.327477  
0.333805  
0.321741  
0.329874  
0.340327  
0.324522  
0.331986  
0.289845  
0.316059  
0.325605  
0.355119  
0.339543  
0.335708  
0.322215  
0.326015  
0.329409  
0.323537  
0.331088  
0.334632  
0.336389  
0.346291  
0.342615  
0.348095  
0.353719  
0.357828  
0.368133  
0.364686  
0.354083  
0.364727  
0.364437  
0.377000  
0.365778  
0.364394  
0.364122  
0.363910  
0.367958  
0.354949  
0.353109  
0.346502  
0.337404  
0.340594  
0.335099  
0.327926  
0.322874  
0.321947  
0.315009  
0.315188  
0.314265  
0.307550  
0.305363  
0.299307  
0.300738  
0.300992  
0.294130  
0.291695  
0.291344  
0.284778  
0.284919  
0.284031  
0.283125  
0.280156  
0.281336  
0.275135  
0.275188  
0.272480  
0.275242  
0.273906  
0.272516  
0.267912  
0.269791  
0.268170  
0.268147  
0.265295  
0.264783  
0.265044  
0.262260  
0.264367  
0.262030  
0.260226  
0.259109  
0.261668  
0.261122  
0.259323  
0.257559  
0.257710  
0.256555  
0.255117  
0.254918  
0.255045  
0.255390  
0.254036  
0.252657  
0.253771  
0.252305  
0.252530  
0.251815  
0.251341  
0.252391  
0.253842  
0.251870  
0.251740  
0.251581  
0.251594  
0.250444  
0.249764  
0.250620  
0.250516  
0.248563  
0.250712  
0.248700  
0.248359  
0.247903  
0.249602  
0.248605  
0.247497  
0.250070  
0.248524  
0.246728  
0.248832  
0.249061  
0.248262  
0.248997  
0.248567  
0.248422  
0.247857  
0.247622  
0.247795  
0.247131  
0.249514  
0.250077  
0.250712  
0.248466  
0.249547  
0.248110  
0.248254  
0.248693  
0.249036  
0.249429  
0.248149  
0.249833  
0.247840  
0.249561  
0.248419  
0.248384  
0.247917  
0.249289  
0.248043  
0.249543  
0.247710  
0.249128  
0.249132  
0.246900  
0.248711  
0.250363  
0.249984  
0.249870  
0.249449  
0.249910  
0.249380  
0.251010  
0.249473  
0.249241  
0.248562  
0.251256  
0.251014  
0.250340  
0.251469  
0.250710  
0.251009  
0.251067  
0.250817  
0.250787  
0.250251  
0.251833  
0.252038  
0.252386  
0.251688  
0.252762  
0.251765  
0.251390  
0.250960  
0.251967  
0.252635  
0.253126  
0.252624  
0.253017  
0.254139  
0.253772  
0.251474  
0.253520  
0.253617  
0.254127  
0.253748  
0.254874  
0.253282  
0.255710  
0.254689  
0.254702  
0.254032  
0.255441  
0.255084  
0.255444  
0.255094  
0.256254  
0.255155  
0.255566  
0.254941  
0.256438  
0.254936  
0.256175  
0.256038  
0.255154  
0.255576  
0.256183  
0.256822  
0.255694  
0.256836  
0.256384  
0.256785  
0.257893  
0.257903  
0.257363  
0.258446  
0.259306  
0.258272  
0.258703  
0.258982  
0.258216  
0.257630  
0.258195  
0.259183  
0.259661  
0.259026  
0.258909  
0.259887  
0.259938  
0.259702  
0.260024  
0.259243  
0.259478  
0.258965  
0.259192  
0.259538  
0.259950  
0.260378  
0.259368  
0.260163  
0.260945  
0.260160  
0.260296  
0.259374  
0.261182  
0.260679  
0.260333  
0.260664  
0.261557  
0.261009  
0.261041  
0.262345  
0.262136  
0.260898  
0.261562  
0.262896  
0.262859  
0.262302  
0.262214  
0.263921  
0.263433  
0.264991  
0.264361  
0.263483  
0.263188  
0.264987  
0.264165  
0.263919  
0.264484  
0.265464  
0.264752  
0.263922  
0.265043  
0.265453  
0.266585  
0.265999  
0.266588  
0.265753  
0.265021  
0.266988  
0.266567  
0.267115  
0.265600  
0.266930  
0.265968  
0.267114  
0.266824  
0.266112  
0.266926  
0.266175  
0.267293  
0.268610  
0.266430  
0.267256  
0.266609  
0.267594  
0.267484  
0.267456  
0.267132  
0.268014  
0.269134  
0.268998  
0.266484  
0.267108  
0.268987  
0.268842  
0.269327  
0.271226  
0.270469  
0.269302  
0.269353  
0.270671  
0.269791  
0.270000  
0.269853  
0.270358  
0.271691  
0.270617  
0.270661  
0.269857  
0.270661  
0.270515  
0.271594  
0.270404  
0.272638  
0.274228  
0.271615  
0.271654  
0.270955  
0.270450  
0.271905  
0.273800  
0.271364  
0.271123  
0.271780  
0.271993  
0.274045  
0.273506  
0.274381  
0.272121  
0.274060  
0.273038  
0.275158  
0.271879  
0.273928  
0.273880  
0.270719  
0.270584  
0.272178  
0.272569  
0.273438  
0.273446  
0.273890  
0.274455  
0.273196  
0.274521  
0.275656  
0.273213  
0.273974  
0.276264  
0.276339  
0.276817  
0.274489  
0.273738  
0.277163  
0.274553  
0.273799  
0.278126  
0.275083  
0.275017  
0.278474  
0.277328  
0.274546  
0.279708  
0.279335  
0.275674  
0.277225  
0.277566  
0.280387  
0.277548  
0.275634  
0.277797  
0.276761  
0.276464  
0.278056  
0.277374  
0.280526  
0.282151  
0.277392  
0.276986  
0.280855  
0.277892  
0.279017  
0.279716  
0.279947  
0.273270  
0.279594  
0.277393  
0.277417  
0.278367  
0.282199  
0.279350  
0.281785  
0.279529  
0.278495  
0.283433  
0.281932  
0.289484  
0.290772  
0.289700  
0.296183  
0.289901  
0.285699  
0.283797  
0.280626  
0.283355  
0.284455  
0.286455  
0.314524  
0.310432  
0.315661  
0.317202  
0.324630  
0.317090  
0.335428  
0.308592  
0.312126  
0.302111  
0.308504  
0.313655  
0.312595  
0.313665  
0.302670  
0.283394  
0.282207  
0.283732  
0.278245  
0.280743  
0.284424  
0.282865  
0.280387  
0.279011  
0.284651  
0.284180  
0.288508  
0.288221  
0.280159  
0.282848  
0.283264  
0.280303  
0.284878  
0.284379  
0.284892  
0.278118  
0.280740  
0.276659  
0.281551  
0.273280  
0.276178  
0.272779  
0.274594  
0.272324  
0.282367  
0.283990  
0.283604  
0.286845  
0.278369  
0.283204  
0.283261  
0.281600  
0.284303  
0.280954  
0.284097  
0.283661  
0.281879  
0.281379  
0.279502  
0.276190  
0.288898  
0.281797  
0.283091  
0.284840  
0.283691  
0.284060  
0.284050  
0.281771  
0.276569  
0.290426  
0.282600  
0.283280  
0.284521  
0.286243  
0.281670  
0.293601  
0.288238  
0.290585  
0.275538  
0.287534  
0.291597  
0.260397  
0.292106  
0.297413  
0.300509  
0.287733  
0.281495  
0.295497  
0.304883  
0.306414  
0.262641  
0.249386  
0.325644  
0.387215  
0.304018  
0.234890  
0.196714  
0.330192  
0.156197  
0.246981  
0.305495  
0.334055  
0.274841  
0.311729  
0.282290  
