0.006654  
-128.000000
0.934072  
0.861156  
1.043629  
1.512619  
0.832513  
1.176366  
1.173099  
1.183201  
1.187781  
1.084748  
1.015661  
1.094239  
1.007667  
0.960128  
0.952106  
0.914772  
0.976348  
0.917833  
0.901070  
0.881437  
0.903734  
0.852528  
0.877907  
0.896302  
0.851454  
0.863114  
0.836187  
0.871277  
0.817567  
0.788799  
0.830439  
0.779735  
0.789497  
0.781284  
0.761218  
0.798619  
0.738230  
0.743840  
0.728811  
0.711340  
0.693394  
0.672890  
0.668123  
0.666099  
0.676065  
0.671486  
0.666697  
0.666560  
0.680583  
0.672506  
0.663644  
0.664667  
0.683073  
0.679214  
0.690601  
0.676238  
0.691838  
0.678011  
0.686771  
0.671902  
0.687466  
0.691968  
0.685403  
0.683475  
0.677653  
0.683942  
0.690248  
0.667513  
0.666605  
0.678089  
0.666062  
0.691202  
0.660007  
0.687974  
0.677597  
0.676176  
0.659206  
0.657049  
0.656302  
0.623611  
0.626897  
0.617357  
0.613774  
0.599540  
0.660158  
0.556584  
0.651370  
0.598251  
0.536526  
0.504907  
0.589850  
0.521066  
0.520539  
0.491827  
0.506967  
0.500575  
0.460013  
0.456199  
0.452449  
0.462446  
0.422344  
0.424862  
0.419330  
0.391778  
0.360197  
0.396855  
0.420117  
0.370654  
0.378837  
0.332372  
0.399082  
0.383963  
0.363450  
0.367973  
0.361912  
0.331197  
0.342452  
0.336575  
0.313361  
0.342732  
0.323439  
0.328418  
0.318956  
0.308543  
0.301242  
0.332424  
0.307519  
0.306527  
0.305409  
0.330549  
0.332770  
0.311045  
0.311683  
0.302803  
0.270066  
0.323745  
0.312415  
0.288856  
0.309066  
0.289196  
0.277885  
0.362893  
0.264442  
0.314438  
0.299657  
0.324326  
0.328872  
0.334275  
0.310471  
0.306735  
0.317074  
0.317138  
0.315290  
0.320154  
0.316169  
0.320975  
0.324609  
0.330275  
0.339391  
0.344058  
0.349966  
0.343234  
0.344184  
0.344336  
0.346406  
0.355345  
0.345468  
0.349748  
0.341965  
0.368515  
0.353452  
0.336757  
0.329979  
0.334230  
0.322839  
0.323755  
0.319483  
0.313324  
0.310151  
0.302019  
0.300640  
0.298276  
0.295988  
0.290082  
0.292217  
0.283830  
0.282070  
0.281346  
0.276732  
0.276089  
0.275622  
0.271527  
0.269677  
0.268040  
0.268241  
0.268171  
0.264320  
0.259861  
0.260481  
0.260144  
0.258411  
0.257847  
0.256245  
0.254544  
0.255760  
0.253698  
0.251524  
0.249777  
0.252674  
0.247050  
0.249662  
0.247503  
0.247670  
0.244844  
0.246399  
0.245456  
0.245122  
0.242000  
0.244911  
0.241939  
0.243283  
0.242805  
0.242667  
0.240479  
0.241447  
0.239048  
0.239758  
0.241558  
0.238712  
0.239159  
0.240857  
0.237883  
0.237646  
0.237359  
0.237298  
0.236182  
0.236161  
0.238253  
0.236767  
0.235482  
0.236626  
0.236685  
0.235434  
0.236435  
0.234463  
0.234972  
0.236468  
0.235883  
0.235676  
0.234781  
0.235749  
0.235978  
0.235269  
0.234888  
0.233506  
0.234097  
0.235948  
0.235228  
0.235204  
0.234750  
0.233516  
0.236011  
0.235098  
0.234778  
0.235687  
0.234592  
0.234556  
0.236345  
0.236393  
0.235821  
0.236571  
0.235823  
0.236719  
0.236281  
0.235500  
0.234075  
0.235517  
0.234457  
0.234786  
0.235741  
0.237246  
0.234939  
0.235536  
0.236380  
0.235042  
0.236057  
0.236130  
0.237691  
0.237045  
0.237445  
0.237172  
0.237349  
0.236763  
0.237210  
0.238101  
0.237923  
0.238171  
0.236211  
0.237723  
0.238340  
0.238272  
0.238912  
0.239569  
0.238565  
0.237463  
0.237927  
0.239694  
0.238035  
0.240541  
0.239788  
0.240913  
0.238656  
0.239681  
0.238787  
0.241099  
0.239874  
0.241030  
0.240088  
0.241469  
0.241344  
0.241190  
0.241725  
0.242157  
0.239918  
0.241566  
0.242167  
0.241358  
0.242395  
0.242710  
0.241551  
0.245352  
0.242243  
0.243419  
0.242899  
0.243735  
0.243668  
0.243558  
0.244225  
0.245281  
0.245186  
0.243392  
0.243709  
0.244178  
0.243876  
0.243871  
0.243568  
0.243677  
0.244028  
0.245773  
0.244703  
0.244403  
0.245517  
0.246081  
0.244963  
0.245535  
0.246564  
0.246808  
0.246577  
0.246443  
0.246613  
0.247474  
0.247575  
0.246965  
0.246645  
0.247974  
0.247591  
0.247707  
0.246439  
0.247400  
0.247542  
0.247833  
0.247732  
0.248722  
0.247746  
0.248209  
0.247814  
0.249010  
0.248567  
0.248085  
0.248912  
0.248356  
0.248854  
0.248620  
0.249573  
0.249159  
0.249534  
0.250022  
0.250298  
0.249365  
0.250445  
0.250288  
0.251099  
0.250891  
0.250756  
0.251864  
0.251811  
0.251188  
0.252436  
0.252116  
0.252090  
0.251397  
0.251615  
0.252494  
0.253422  
0.253203  
0.253297  
0.252992  
0.254274  
0.253931  
0.254550  
0.253530  
0.254041  
0.253720  
0.254169  
0.253633  
0.254369  
0.254026  
0.252954  
0.255711  
0.254256  
0.254456  
0.255883  
0.255224  
0.255025  
0.256461  
0.255751  
0.255656  
0.255969  
0.256489  
0.255494  
0.256081  
0.257157  
0.257600  
0.256490  
0.257464  
0.256278  
0.257443  
0.255875  
0.257880  
0.257439  
0.258015  
0.257858  
0.259372  
0.258225  
0.257799  
0.257814  
0.258517  
0.258529  
0.258555  
0.258888  
0.259226  
0.258980  
0.259029  
0.259642  
0.260252  
0.258665  
0.258651  
0.260134  
0.260882  
0.262005  
0.261395  
0.260164  
0.260520  
0.260827  
0.261255  
0.259686  
0.261154  
0.263431  
0.260926  
0.263160  
0.260985  
0.261099  
0.263252  
0.261649  
0.261966  
0.262181  
0.263989  
0.262415  
0.264273  
0.262308  
0.261624  
0.262172  
0.260441  
0.264113  
0.264462  
0.261975  
0.263169  
0.263655  
0.263343  
0.262508  
0.262600  
0.264632  
0.262564  
0.265824  
0.263824  
0.266747  
0.265692  
0.264935  
0.263752  
0.264688  
0.263624  
0.265007  
0.264545  
0.263715  
0.262552  
0.266075  
0.266612  
0.264910  
0.267316  
0.264274  
0.265025  
0.264942  
0.266974  
0.267496  
0.266014  
0.267419  
0.265879  
0.263065  
0.265151  
0.267080  
0.267550  
0.269635  
0.262913  
0.267400  
0.270059  
0.267400  
0.268305  
0.268042  
0.266916  
0.268657  
0.264730  
0.270032  
0.270477  
0.268291  
0.265920  
0.268131  
0.270083  
0.265677  
0.267509  
0.268143  
0.267021  
0.269091  
0.267480  
0.270871  
0.268736  
0.269136  
0.269887  
0.270466  
0.269147  
0.271172  
0.269344  
0.270690  
0.270239  
0.274276  
0.272150  
0.276073  
0.268565  
0.274419  
0.273734  
0.270456  
0.277865  
0.269764  
0.275967  
0.276983  
0.273183  
0.290994  
0.314075  
0.318609  
0.317540  
0.289087  
0.292335  
0.311660  
0.310417  
0.313172  
0.314205  
0.319142  
0.321720  
0.327639  
0.332728  
0.338255  
0.278373  
0.273203  
0.276597  
0.272162  
0.273912  
0.275638  
0.279193  
0.277245  
0.274246  
0.278670  
0.274342  
0.267134  
0.276054  
0.273172  
0.276176  
0.269026  
0.273323  
0.271066  
0.267126  
0.266298  
0.267578  
0.260956  
0.260950  
0.267404  
0.274266  
0.273401  
0.273086  
0.279947  
0.267750  
0.272770  
0.275154  
0.277589  
0.275567  
0.276821  
0.275433  
0.277752  
0.272659  
0.270973  
0.273353  
0.270362  
0.272995  
0.277109  
0.276430  
0.274512  
0.273360  
0.268229  
0.274647  
0.277125  
0.277333  
0.269799  
0.285198  
0.275829  
0.261535  
0.271474  
0.270339  
0.280216  
0.270116  
0.257467  
0.275764  
0.292416  
0.258310  
0.243413  
0.279263  
0.291810  
0.284122  
0.290222  
0.303533  
0.290811  
0.254599  
0.304710  
0.273656  
0.284981  
0.266333  
0.336994  
0.381458  
0.267745  
0.252876  
0.305924  
0.268964  
0.355588  
0.115997  
0.322159  
0.293327  
0.279413  
0.213712  
