1.167561  
-128.000000
0.480775  
1.373057  
0.852384  
1.145820  
1.144090  
1.046106  
1.245247  
1.226644  
1.213939  
1.073440  
1.103182  
0.948329  
1.019351  
0.977404  
0.966128  
0.989979  
0.974172  
0.915174  
0.938059  
0.897251  
0.915738  
0.866606  
0.922274  
0.878590  
0.886619  
0.873357  
0.861400  
0.865298  
0.850731  
0.797092  
0.846673  
0.817926  
0.786808  
0.768329  
0.764846  
0.776768  
0.779375  
0.758123  
0.731714  
0.724739  
0.706502  
0.694449  
0.683840  
0.685915  
0.698358  
0.690016  
0.681597  
0.669111  
0.691122  
0.686032  
0.677470  
0.672224  
0.701101  
0.706792  
0.696359  
0.692293  
0.701661  
0.694667  
0.699785  
0.684964  
0.693186  
0.695994  
0.695595  
0.696082  
0.695487  
0.693607  
0.706786  
0.674764  
0.675994  
0.691976  
0.675673  
0.691175  
0.674292  
0.692301  
0.678752  
0.690084  
0.658210  
0.662080  
0.675067  
0.649837  
0.668307  
0.664739  
0.617839  
0.572267  
0.627321  
0.591664  
0.591407  
0.584853  
0.552379  
0.574302  
0.580608  
0.543016  
0.542444  
0.469825  
0.498160  
0.470294  
0.490864  
0.445795  
0.471197  
0.477142  
0.436471  
0.423314  
0.391632  
0.396533  
0.386162  
0.408210  
0.416840  
0.356871  
0.362301  
0.375921  
0.384542  
0.351416  
0.361584  
0.361493  
0.383684  
0.348677  
0.369640  
0.368910  
0.364684  
0.343124  
0.338852  
0.314636  
0.335778  
0.326979  
0.353657  
0.324218  
0.348722  
0.271120  
0.304078  
0.302699  
0.327298  
0.298331  
0.300318  
0.315888  
0.280960  
0.307341  
0.304344  
0.283693  
0.285482  
0.319187  
0.348973  
0.363766  
0.299289  
0.325857  
0.278043  
0.343410  
0.327807  
0.315967  
0.313480  
0.314123  
0.315998  
0.317563  
0.321469  
0.319029  
0.323355  
0.323881  
0.321900  
0.330788  
0.339188  
0.344338  
0.347247  
0.347747  
0.336435  
0.345215  
0.346053  
0.361090  
0.352054  
0.353289  
0.204577  
0.307341  
0.349905  
0.339375  
0.337342  
0.330292  
0.325384  
0.324367  
0.321504  
0.315086  
0.308004  
0.306097  
0.302881  
0.296807  
0.294038  
0.291313  
0.292352  
0.284095  
0.285325  
0.283848  
0.279156  
0.274908  
0.277940  
0.272790  
0.268243  
0.272103  
0.270369  
0.265122  
0.263882  
0.264186  
0.260125  
0.258696  
0.260670  
0.259286  
0.257562  
0.255994  
0.255711  
0.253212  
0.253227  
0.252351  
0.251957  
0.251035  
0.247923  
0.248304  
0.246387  
0.246894  
0.245858  
0.248922  
0.246285  
0.243261  
0.245784  
0.243627  
0.244814  
0.242228  
0.243616  
0.240958  
0.242495  
0.240467  
0.239523  
0.241023  
0.239818  
0.238756  
0.239827  
0.239316  
0.238869  
0.239592  
0.238673  
0.238386  
0.238267  
0.236574  
0.236939  
0.236009  
0.235556  
0.237152  
0.238703  
0.238025  
0.237153  
0.236401  
0.236559  
0.236733  
0.235737  
0.236381  
0.237383  
0.233922  
0.237303  
0.236167  
0.234012  
0.234736  
0.236657  
0.237058  
0.237235  
0.236829  
0.235394  
0.234579  
0.234150  
0.236460  
0.235859  
0.236801  
0.236307  
0.236375  
0.236329  
0.234938  
0.235713  
0.236317  
0.237431  
0.236841  
0.235273  
0.236095  
0.236384  
0.236205  
0.235981  
0.236682  
0.237712  
0.237320  
0.236795  
0.236766  
0.237743  
0.237465  
0.239225  
0.237601  
0.238765  
0.238877  
0.238714  
0.237926  
0.238049  
0.238184  
0.238365  
0.239149  
0.238956  
0.239298  
0.240255  
0.238636  
0.240166  
0.239112  
0.239492  
0.239300  
0.241535  
0.239632  
0.241079  
0.240737  
0.240772  
0.240169  
0.240148  
0.240967  
0.241825  
0.240597  
0.241706  
0.241324  
0.241815  
0.242916  
0.242700  
0.242666  
0.243506  
0.243524  
0.242797  
0.242130  
0.243636  
0.243527  
0.242841  
0.244199  
0.242744  
0.244245  
0.244953  
0.243646  
0.244342  
0.244981  
0.244251  
0.244934  
0.245423  
0.246049  
0.244944  
0.245572  
0.245603  
0.245350  
0.245781  
0.244994  
0.245204  
0.245031  
0.243812  
0.245756  
0.245842  
0.246746  
0.247169  
0.247261  
0.248185  
0.247303  
0.248343  
0.247216  
0.247535  
0.248824  
0.247740  
0.248479  
0.248436  
0.249673  
0.249814  
0.249026  
0.250400  
0.250288  
0.248764  
0.249970  
0.248989  
0.249656  
0.249595  
0.250034  
0.249585  
0.249097  
0.249561  
0.250105  
0.250947  
0.249814  
0.250446  
0.249978  
0.249773  
0.250099  
0.250950  
0.250801  
0.251491  
0.251181  
0.252192  
0.252292  
0.251209  
0.251887  
0.252100  
0.252489  
0.253323  
0.253272  
0.253632  
0.252902  
0.253919  
0.253758  
0.253834  
0.254054  
0.253543  
0.253110  
0.254267  
0.255409  
0.254966  
0.255166  
0.254306  
0.255949  
0.255486  
0.255906  
0.255173  
0.256463  
0.256539  
0.255170  
0.256236  
0.257071  
0.256892  
0.255887  
0.257202  
0.256583  
0.256971  
0.257839  
0.257262  
0.256790  
0.256917  
0.257859  
0.257756  
0.258160  
0.258792  
0.257547  
0.258655  
0.257248  
0.259355  
0.258192  
0.259115  
0.257363  
0.258933  
0.259766  
0.260238  
0.259780  
0.259086  
0.260075  
0.259404  
0.261236  
0.258897  
0.260601  
0.259335  
0.260484  
0.261945  
0.261457  
0.261673  
0.261713  
0.260865  
0.262229  
0.260021  
0.261565  
0.259998  
0.262381  
0.263181  
0.262605  
0.262329  
0.261370  
0.262448  
0.262620  
0.264143  
0.261833  
0.263726  
0.264262  
0.262849  
0.263863  
0.263414  
0.265869  
0.264702  
0.265954  
0.262519  
0.263651  
0.265476  
0.264636  
0.265541  
0.264144  
0.263793  
0.264220  
0.266330  
0.266295  
0.265282  
0.265027  
0.268188  
0.264976  
0.262856  
0.266364  
0.263529  
0.267215  
0.265765  
0.265951  
0.266277  
0.267596  
0.267693  
0.268581  
0.265829  
0.265088  
0.264757  
0.267094  
0.265354  
0.267829  
0.268336  
0.264663  
0.269451  
0.268163  
0.269177  
0.267372  
0.266482  
0.269311  
0.273243  
0.266850  
0.269017  
0.267641  
0.270449  
0.267133  
0.268898  
0.269373  
0.267053  
0.269126  
0.270167  
0.270968  
0.270903  
0.270196  
0.270460  
0.269107  
0.273432  
0.271633  
0.273504  
0.274025  
0.275044  
0.273005  
0.267270  
0.270644  
0.272029  
0.271319  
0.274459  
0.275533  
0.270508  
0.276156  
0.271947  
0.269075  
0.274833  
0.274450  
0.273875  
0.274096  
0.270106  
0.269638  
0.272867  
0.269762  
0.275797  
0.277276  
0.276238  
0.278721  
0.277150  
0.275436  
0.276081  
0.276909  
0.280803  
0.275745  
0.275520  
0.278370  
0.281149  
0.280641  
0.285393  
0.301854  
0.281578  
0.310693  
0.318256  
0.310542  
0.314453  
0.315762  
0.319176  
0.320603  
0.325272  
0.330316  
0.332155  
0.336130  
0.342830  
0.297528  
0.271810  
0.290033  
0.291473  
0.294420  
0.284123  
0.277644  
0.276048  
0.274836  
0.278244  
0.270278  
0.275987  
0.269408  
0.275307  
0.277635  
0.273130  
0.275819  
0.269269  
0.266594  
0.269575  
0.264976  
0.269553  
0.261066  
0.272754  
0.279343  
0.279234  
0.273770  
0.275811  
0.275886  
0.279254  
0.279340  
0.278207  
0.275842  
0.278749  
0.273822  
0.278505  
0.274445  
0.277494  
0.273878  
0.279784  
0.278477  
0.274714  
0.277628  
0.273936  
0.287422  
0.283689  
0.280431  
0.278853  
0.261026  
0.270967  
0.267563  
0.273807  
0.263751  
0.275011  
0.288763  
0.283144  
0.272095  
0.257172  
0.283988  
0.286461  
0.283077  
0.290255  
0.268451  
0.313479  
0.256573  
0.279983  
0.257707  
0.262894  
0.267379  
0.284777  
0.270447  
0.264977  
0.343534  
0.361250  
0.295028  
0.291182  
0.264600  
0.331929  
0.221803  
0.327835  
0.188319  
0.405503  
0.286058  
0.300309  
