0.172986  
114.019778
0.300994  
0.467518  
0.622160  
0.500810  
0.739935  
0.856283  
0.844436  
0.820138  
0.787867  
0.734012  
0.698981  
0.765362  
0.761877  
0.741494  
0.787256  
0.748234  
0.828438  
0.776366  
0.762410  
0.747620  
0.749527  
0.716786  
0.705222  
0.708396  
0.733060  
0.730327  
0.743398  
0.750375  
0.734375  
0.695422  
0.765057  
0.740718  
0.719428  
0.711889  
0.671763  
0.702250  
0.681807  
0.666840  
0.649687  
0.652615  
0.643730  
0.635355  
0.663277  
0.647912  
0.666587  
0.666089  
0.661081  
0.655906  
0.683829  
0.660173  
0.675856  
0.679856  
0.675959  
0.687224  
0.674205  
0.675519  
0.702983  
0.691772  
0.703545  
0.686391  
0.696961  
0.711666  
0.713136  
0.715456  
0.714876  
0.730076  
0.755116  
0.713244  
0.744398  
0.735034  
0.746375  
0.762307  
0.752835  
0.762753  
0.764311  
0.775639  
0.757536  
0.742095  
0.771937  
0.703501  
0.715465  
0.704671  
0.720208  
0.669661  
0.733177  
0.659943  
0.738705  
0.705211  
0.665899  
0.625361  
0.705037  
0.670704  
0.665451  
0.614073  
0.678250  
0.640404  
0.645873  
0.659320  
0.624159  
0.649707  
0.651352  
0.649828  
0.580076  
0.606650  
0.611407  
0.601739  
0.602310  
0.576499  
0.574168  
0.535581  
0.595009  
0.473893  
0.502431  
0.502567  
0.508583  
0.519025  
0.505815  
0.493133  
0.514624  
0.517476  
0.504185  
0.485204  
0.515415  
0.534708  
0.544901  
0.503354  
0.532305  
0.476203  
0.497186  
0.502281  
0.525122  
0.522361  
0.515785  
0.483652  
0.519350  
0.550935  
0.555734  
0.536995  
0.558816  
0.559215  
0.596866  
0.553472  
0.509361  
0.504402  
0.517147  
0.516270  
0.525878  
0.520146  
0.482320  
0.481766  
0.476987  
0.473210  
0.466484  
0.466216  
0.456177  
0.467762  
0.450668  
0.453453  
0.457485  
0.465757  
0.451813  
0.455252  
0.447452  
0.461900  
0.454950  
0.471107  
0.462213  
0.475884  
0.443103  
0.432370  
0.419762  
0.464438  
0.458039  
0.461759  
0.453044  
0.457409  
0.452890  
0.451377  
0.450031  
0.452195  
0.448330  
0.447146  
0.446126  
0.446586  
0.449820  
0.439702  
0.442872  
0.446040  
0.438420  
0.436763  
0.440884  
0.437353  
0.435450  
0.436132  
0.436677  
0.430573  
0.427002  
0.425434  
0.417295  
0.415590  
0.414591  
0.411284  
0.409423  
0.404190  
0.401801  
0.397825  
0.392105  
0.386358  
0.383268  
0.378197  
0.372924  
0.371462  
0.365339  
0.357053  
0.356020  
0.352771  
0.350714  
0.346070  
0.345566  
0.341506  
0.338460  
0.337434  
0.336402  
0.334033  
0.333887  
0.330403  
0.330923  
0.334316  
0.332800  
0.332818  
0.334597  
0.333544  
0.334633  
0.337951  
0.338693  
0.340556  
0.337220  
0.344707  
0.343161  
0.343755  
0.348750  
0.350146  
0.351416  
0.352895  
0.355610  
0.357428  
0.359010  
0.360662  
0.363047  
0.364525  
0.367486  
0.367895  
0.370060  
0.371861  
0.373484  
0.372072  
0.373480  
0.375520  
0.380459  
0.378473  
0.377842  
0.379852  
0.378192  
0.382330  
0.382203  
0.384527  
0.380552  
0.384813  
0.381511  
0.380869  
0.381662  
0.381033  
0.382610  
0.377547  
0.377479  
0.376072  
0.376094  
0.373683  
0.370062  
0.368719  
0.368511  
0.364383  
0.360842  
0.360028  
0.358637  
0.355638  
0.352047  
0.350616  
0.348968  
0.346243  
0.342937  
0.340408  
0.336479  
0.335311  
0.330533  
0.327901  
0.326451  
0.322596  
0.320069  
0.317923  
0.315661  
0.314068  
0.311398  
0.309019  
0.308617  
0.304759  
0.304680  
0.301844  
0.302484  
0.300730  
0.299867  
0.297980  
0.298605  
0.296980  
0.299163  
0.296318  
0.296488  
0.297410  
0.297680  
0.298711  
0.298360  
0.299181  
0.299071  
0.298220  
0.301103  
0.301871  
0.302121  
0.303249  
0.303968  
0.306680  
0.309709  
0.307333  
0.309924  
0.312213  
0.313639  
0.314375  
0.316682  
0.317099  
0.320321  
0.319647  
0.321108  
0.323484  
0.324280  
0.325273  
0.326952  
0.328446  
0.329375  
0.330951  
0.334509  
0.332857  
0.335844  
0.337087  
0.338410  
0.338852  
0.340950  
0.342736  
0.343594  
0.345971  
0.345909  
0.347273  
0.347878  
0.348804  
0.349745  
0.349644  
0.350695  
0.352331  
0.352365  
0.351664  
0.353083  
0.353768  
0.354912  
0.354731  
0.355481  
0.354511  
0.354844  
0.355731  
0.355537  
0.355981  
0.356667  
0.356797  
0.357880  
0.357863  
0.358224  
0.358645  
0.358235  
0.358541  
0.359254  
0.359824  
0.357712  
0.357673  
0.358808  
0.357846  
0.357379  
0.357900  
0.355840  
0.355057  
0.355779  
0.353629  
0.352567  
0.351501  
0.351487  
0.350835  
0.348679  
0.349555  
0.347739  
0.346242  
0.343983  
0.345606  
0.343187  
0.341191  
0.339861  
0.339717  
0.336785  
0.335021  
0.333236  
0.333502  
0.330667  
0.329354  
0.328900  
0.325373  
0.325492  
0.323718  
0.322972  
0.321118  
0.320589  
0.319014  
0.317644  
0.316625  
0.316045  
0.315124  
0.312438  
0.312405  
0.310937  
0.311823  
0.309420  
0.309034  
0.307289  
0.307370  
0.306268  
0.306426  
0.306038  
0.305363  
0.305440  
0.304722  
0.302093  
0.302197  
0.302634  
0.302339  
0.302742  
0.302170  
0.303868  
0.302668  
0.302438  
0.301999  
0.302596  
0.302162  
0.302995  
0.303956  
0.304280  
0.304199  
0.304242  
0.304280  
0.304938  
0.302430  
0.305183  
0.304967  
0.307485  
0.306684  
0.305682  
0.308171  
0.308650  
0.308805  
0.311578  
0.310412  
0.311614  
0.311088  
0.312110  
0.313230  
0.314338  
0.314512  
0.315008  
0.313372  
0.316107  
0.317436  
0.320995  
0.317715  
0.320226  
0.318854  
0.317538  
0.320980  
0.322094  
0.322123  
0.322097  
0.322137  
0.326568  
0.325025  
0.325664  
0.328470  
0.326766  
0.329684  
0.330645  
0.328724  
0.328262  
0.331400  
0.330388  
0.331952  
0.330297  
0.335129  
0.333131  
0.334182  
0.335081  
0.335132  
0.335399  
0.337600  
0.336378  
0.336050  
0.339740  
0.339719  
0.339657  
0.343415  
0.344286  
0.340909  
0.341767  
0.346696  
0.345414  
0.341826  
0.345314  
0.343534  
0.346678  
0.346782  
0.343385  
0.349467  
0.347055  
0.344866  
0.340028  
0.344564  
0.347816  
0.347524  
0.349276  
0.353830  
0.352134  
0.351898  
0.351638  
0.349461  
0.353755  
0.354502  
0.356424  
0.353849  
0.356665  
0.356898  
0.354638  
0.358588  
0.357217  
0.343469  
0.346993  
0.355216  
0.353286  
0.358894  
0.338108  
0.342503  
0.349186  
0.350630  
0.351959  
0.357180  
0.338130  
0.343403  
0.350041  
0.361137  
0.357954  
0.321792  
0.367138  
0.342637  
0.336143  
0.341005  
0.341597  
0.345314  
0.346645  
0.348428  
0.354495  
0.357475  
0.372831  
0.369020  
0.363101  
0.370949  
0.366154  
0.367807  
0.368471  
0.365449  
0.369582  
0.368081  
0.367051  
0.364561  
0.356924  
0.363230  
0.365710  
0.367235  
0.366415  
0.362144  
0.356488  
0.351559  
0.354113  
0.353204  
0.350402  
0.359713  
0.368690  
0.362379  
0.361403  
0.368339  
0.362866  
0.362286  
0.371227  
0.372262  
0.361555  
0.366252  
0.362174  
0.368419  
0.369731  
0.366630  
0.367991  
0.358470  
0.368518  
0.375034  
0.363802  
0.366171  
0.369110  
0.359404  
0.364177  
0.367366  
0.355299  
0.358353  
0.366290  
0.362116  
0.354107  
0.380295  
0.359620  
0.359940  
0.362001  
0.365413  
0.379544  
0.370296  
0.367950  
0.346343  
0.382621  
0.397042  
0.379257  
0.324660  
0.359374  
0.377321  
0.352536  
0.312632  
0.362082  
0.374392  
0.307024  
0.410542  
0.404575  
0.269610  
0.385435  
0.413335  
0.345802  
0.427271  
0.454844  
0.258381  
0.655996  
0.206194  
0.259552  
