0.002771  
-128.000000
0.978145  
1.019183  
1.257133  
0.728414  
0.901328  
1.041379  
0.983788  
0.976546  
0.892561  
0.980327  
0.943107  
0.944607  
0.893319  
0.900185  
0.887464  
0.902802  
0.948321  
0.909860  
0.909195  
0.861864  
0.878828  
0.888845  
0.878684  
0.879327  
0.894873  
0.859692  
0.857150  
0.884529  
0.866846  
0.805715  
0.876269  
0.847854  
0.833096  
0.824992  
0.823320  
0.839233  
0.834835  
0.830456  
0.810843  
0.789828  
0.786276  
0.782461  
0.780212  
0.784941  
0.790361  
0.785166  
0.780938  
0.769346  
0.805022  
0.794799  
0.787202  
0.799370  
0.820115  
0.823073  
0.815244  
0.824534  
0.841104  
0.812646  
0.828858  
0.815363  
0.828823  
0.842831  
0.823751  
0.832901  
0.834287  
0.850926  
0.831983  
0.821065  
0.831326  
0.834565  
0.824313  
0.847449  
0.821509  
0.845843  
0.840986  
0.846888  
0.821278  
0.835181  
0.867224  
0.868340  
0.809628  
0.785290  
0.766791  
0.775835  
0.767815  
0.781012  
0.780855  
0.746601  
0.717739  
0.711512  
0.745441  
0.696462  
0.691447  
0.658321  
0.638241  
0.653546  
0.655684  
0.607357  
0.628844  
0.629265  
0.608670  
0.621239  
0.598295  
0.590263  
0.558187  
0.583162  
0.561589  
0.561766  
0.552490  
0.528227  
0.588844  
0.505902  
0.503973  
0.537056  
0.482125  
0.497372  
0.494111  
0.482438  
0.504321  
0.516907  
0.517082  
0.431805  
0.509359  
0.474473  
0.463316  
0.461531  
0.454376  
0.422528  
0.416801  
0.440405  
0.457837  
0.417320  
0.446699  
0.400138  
0.416661  
0.465725  
0.464451  
0.408826  
0.413651  
0.468931  
0.367122  
0.437229  
0.394041  
0.404776  
0.374749  
0.417300  
0.414148  
0.403988  
0.417346  
0.407821  
0.410718  
0.405721  
0.415558  
0.411266  
0.417422  
0.414848  
0.411158  
0.411790  
0.415739  
0.415101  
0.417880  
0.417519  
0.404283  
0.409935  
0.408058  
0.416422  
0.398437  
0.403791  
0.396658  
0.391114  
0.379748  
0.373117  
0.368472  
0.365011  
0.351105  
0.348231  
0.342963  
0.333041  
0.326216  
0.324454  
0.313388  
0.312551  
0.303225  
0.302150  
0.297715  
0.289560  
0.285079  
0.282993  
0.275144  
0.275515  
0.273658  
0.266321  
0.264202  
0.262519  
0.261386  
0.256076  
0.251554  
0.250262  
0.245963  
0.243845  
0.243324  
0.237473  
0.236495  
0.236994  
0.234504  
0.230247  
0.230119  
0.226414  
0.225430  
0.222083  
0.220844  
0.218506  
0.215846  
0.213627  
0.214273  
0.214132  
0.213335  
0.209732  
0.210532  
0.207131  
0.207839  
0.204535  
0.203608  
0.203029  
0.199953  
0.199547  
0.199757  
0.198105  
0.197089  
0.194808  
0.195815  
0.193817  
0.193341  
0.191361  
0.191953  
0.190609  
0.189904  
0.188981  
0.188505  
0.187602  
0.186714  
0.186798  
0.184751  
0.185837  
0.184445  
0.183180  
0.183547  
0.182952  
0.181562  
0.182543  
0.182842  
0.181420  
0.181221  
0.180059  
0.179021  
0.178790  
0.178334  
0.179303  
0.179158  
0.177811  
0.177499  
0.175934  
0.176896  
0.175896  
0.176989  
0.177035  
0.175440  
0.175461  
0.177036  
0.175103  
0.173981  
0.174623  
0.175741  
0.174894  
0.173536  
0.174286  
0.174361  
0.174164  
0.174161  
0.173465  
0.174442  
0.173912  
0.173085  
0.173571  
0.173492  
0.173351  
0.173929  
0.174244  
0.174700  
0.173478  
0.172998  
0.173695  
0.172786  
0.173008  
0.173204  
0.173793  
0.174177  
0.172650  
0.173468  
0.174182  
0.173354  
0.173689  
0.173585  
0.174768  
0.173520  
0.173889  
0.174628  
0.173052  
0.174779  
0.173758  
0.174206  
0.174048  
0.174992  
0.175284  
0.176326  
0.175112  
0.175022  
0.175892  
0.176664  
0.176445  
0.176485  
0.176692  
0.176561  
0.175090  
0.176434  
0.177542  
0.176129  
0.177938  
0.179031  
0.177216  
0.178082  
0.178120  
0.177718  
0.178833  
0.179197  
0.178734  
0.179372  
0.179424  
0.179281  
0.179921  
0.180437  
0.179850  
0.180973  
0.179810  
0.180104  
0.179912  
0.180316  
0.180882  
0.181702  
0.181895  
0.182151  
0.182055  
0.182515  
0.184029  
0.182903  
0.182633  
0.183475  
0.184000  
0.184379  
0.184330  
0.185078  
0.185226  
0.185525  
0.185598  
0.184907  
0.186229  
0.185980  
0.186107  
0.186408  
0.186529  
0.186167  
0.186274  
0.186671  
0.185971  
0.186974  
0.186989  
0.186664  
0.186588  
0.187123  
0.187860  
0.187099  
0.187930  
0.188840  
0.189069  
0.188810  
0.188801  
0.190353  
0.189357  
0.190333  
0.190341  
0.191283  
0.191415  
0.191237  
0.192479  
0.192135  
0.191774  
0.192655  
0.193716  
0.192788  
0.192740  
0.193516  
0.193817  
0.194057  
0.195051  
0.194695  
0.195391  
0.194802  
0.196208  
0.196340  
0.195599  
0.196413  
0.196253  
0.196674  
0.196803  
0.197067  
0.197233  
0.197499  
0.197705  
0.199130  
0.197577  
0.198627  
0.199133  
0.198757  
0.199795  
0.198208  
0.200221  
0.200415  
0.200766  
0.201423  
0.200849  
0.200302  
0.201351  
0.202424  
0.202442  
0.201871  
0.202548  
0.203236  
0.201721  
0.203770  
0.202969  
0.203357  
0.204839  
0.204412  
0.203723  
0.205356  
0.204778  
0.205327  
0.205803  
0.205199  
0.206899  
0.206380  
0.206520  
0.205761  
0.206253  
0.207241  
0.207826  
0.207756  
0.208260  
0.208591  
0.209127  
0.208272  
0.208824  
0.209323  
0.209749  
0.209615  
0.209120  
0.209236  
0.211040  
0.209501  
0.210800  
0.209509  
0.211591  
0.212977  
0.211288  
0.212050  
0.214068  
0.212344  
0.212926  
0.213797  
0.212918  
0.214126  
0.212019  
0.214703  
0.213463  
0.213826  
0.215873  
0.213912  
0.216462  
0.213482  
0.213504  
0.216213  
0.216101  
0.215121  
0.215832  
0.215521  
0.216132  
0.216093  
0.217986  
0.216762  
0.216734  
0.218839  
0.219067  
0.217818  
0.218604  
0.217110  
0.219897  
0.217386  
0.220193  
0.218878  
0.220796  
0.218374  
0.220723  
0.221449  
0.219995  
0.220467  
0.219465  
0.219952  
0.222041  
0.221686  
0.222878  
0.223450  
0.222727  
0.222594  
0.223133  
0.222952  
0.223933  
0.223958  
0.224026  
0.224303  
0.224173  
0.223221  
0.224930  
0.222418  
0.223803  
0.223754  
0.227101  
0.225785  
0.222550  
0.221964  
0.226463  
0.224874  
0.227623  
0.228460  
0.226192  
0.227039  
0.229269  
0.227379  
0.227582  
0.225817  
0.229434  
0.228739  
0.229215  
0.234025  
0.235356  
0.243125  
0.255206  
0.256031  
0.258905  
0.259894  
0.261411  
0.262202  
0.263152  
0.284441  
0.291651  
0.293862  
0.298877  
0.295909  
0.300991  
0.295192  
0.301019  
0.290311  
0.297024  
0.309992  
0.279270  
0.291859  
0.242521  
0.235269  
0.237316  
0.238093  
0.234399  
0.249830  
0.251982  
0.243945  
0.235937  
0.233403  
0.238904  
0.231959  
0.237981  
0.236494  
0.233677  
0.244033  
0.233590  
0.233498  
0.234109  
0.232208  
0.233126  
0.231822  
0.234486  
0.233119  
0.231082  
0.229890  
0.227442  
0.231956  
0.232159  
0.237041  
0.238489  
0.238559  
0.235097  
0.241617  
0.241520  
0.242034  
0.235618  
0.239956  
0.239401  
0.243783  
0.242654  
0.242447  
0.240282  
0.240611  
0.236701  
0.245159  
0.238811  
0.243375  
0.236721  
0.241616  
0.239187  
0.241274  
0.251590  
0.234777  
0.237792  
0.241319  
0.245270  
0.244222  
0.248094  
0.250808  
0.252915  
0.247522  
0.246758  
0.237334  
0.237890  
0.256085  
0.231143  
0.254149  
0.250218  
0.220697  
0.242216  
0.280517  
0.232251  
0.252635  
0.231917  
0.265664  
0.218971  
0.240598  
0.269702  
0.268726  
0.287354  
0.324588  
0.257914  
0.259357  
0.396557  
0.243010  
0.310782  
0.282571  
0.282716  
0.228860  
