190.00
191.07
192.13
193.20
194.26
195.33
196.40
197.46
198.53
199.59
200.66
201.73
202.79
203.86
204.92
205.99
207.06
208.12
209.19
210.26
211.32
212.39
213.45
214.52
215.59
216.65
217.72
218.78
219.85
220.92
221.98
223.05
224.11
225.18
226.25
227.31
228.38
229.44
230.51
231.58
232.64
233.71
234.77
235.84
236.91
237.97
239.04
240.11
241.17
242.24
243.30
244.37
245.44
246.50
247.57
248.63
249.70
250.77
251.83
252.90
253.96
255.03
256.10
257.16
258.23
259.29
260.36
261.43
262.49
263.56
264.62
265.69
266.76
267.82
268.89
269.95
271.02
272.09
273.15
274.22
275.29
276.35
277.42
278.48
279.55
280.62
281.68
282.75
283.81
284.88
285.95
287.01
288.08
289.14
290.21
291.28
292.34
293.41
294.47
295.54
296.61
297.67
298.74
299.80
300.87
301.94
303.00
304.07
305.14
306.20
307.27
308.33
309.40
310.47
311.53
312.60
313.66
314.73
315.80
316.86
317.93
318.99
320.06
321.13
322.19
323.26
324.32
325.39
326.46
327.52
328.59
329.65
330.72
331.79
332.85
333.92
334.98
336.05
337.12
338.18
339.25
340.32
341.38
342.45
343.51
344.58
345.65
346.71
347.78
348.84
349.91
350.98
352.04
353.11
354.17
355.24
356.31
357.37
358.44
359.50
360.57
361.64
362.70
363.77
364.83
365.90
366.97
368.03
369.10
370.17
371.23
372.30
373.36
374.43
375.50
376.56
377.63
378.69
379.76
380.83
381.89
382.96
384.02
385.09
386.16
387.22
388.29
389.35
390.42
391.49
392.55
393.62
394.68
395.75
396.82
397.88
398.95
400.02
401.08
402.15
403.21
404.28
405.35
406.41
407.48
408.54
409.61
410.68
411.74
412.81
413.87
414.94
416.01
417.07
418.14
419.20
420.27
421.34
422.40
423.47
424.53
425.60
426.67
427.73
428.80
429.86
430.93
432.00
433.06
434.13
435.20
436.26
437.33
438.39
439.46
440.53
441.59
442.66
443.72
444.79
445.86
446.92
447.99
449.05
450.12
451.19
452.25
453.32
454.38
455.45
456.52
457.58
458.65
459.71
460.78
461.85
462.91
463.98
465.05
466.11
467.18
468.24
469.31
470.38
471.44
472.51
473.57
474.64
475.71
476.77
477.84
478.90
479.97
481.04
482.10
483.17
484.23
485.30
486.37
487.43
488.50
489.56
490.63
491.70
492.76
493.83
494.89
495.96
497.03
498.09
499.16
500.23
501.29
502.36
503.42
504.49
505.56
506.62
507.69
508.75
509.82
510.89
511.95
513.02
514.08
515.15
516.22
517.28
518.35
519.41
520.48
521.55
522.61
523.68
524.74
525.81
526.88
527.94
529.01
530.08
531.14
532.21
533.27
534.34
535.41
536.47
537.54
538.60
539.67
540.74
541.80
542.87
543.93
545.00
546.07
547.13
548.20
549.26
550.33
551.40
552.46
553.53
554.59
555.66
556.73
557.79
558.86
559.92
560.99
562.06
563.12
564.19
565.26
566.32
567.39
568.45
569.52
570.59
571.65
572.72
573.78
574.85
575.92
576.98
578.05
579.11
580.18
581.25
582.31
583.38
584.44
585.51
586.58
587.64
588.71
589.77
590.84
591.91
592.97
594.04
595.11
596.17
597.24
598.30
599.37
600.44
601.50
602.57
603.63
604.70
605.77
606.83
607.90
608.96
610.03
611.10
612.16
613.23
614.29
615.36
616.43
617.49
618.56
619.62
620.69
621.76
622.82
623.89
624.95
626.02
627.09
628.15
629.22
630.29
631.35
632.42
633.48
634.55
635.62
636.68
637.75
638.81
639.88
640.95
642.01
643.08
644.14
645.21
646.28
647.34
648.41
649.47
650.54
651.61
652.67
653.74
654.80
655.87
656.94
658.00
659.07
660.14
661.20
662.27
663.33
664.40
665.47
666.53
667.60
668.66
669.73
670.80
671.86
672.93
673.99
675.06
676.13
677.19
678.26
679.32
680.39
681.46
682.52
683.59
684.65
685.72
686.79
687.85
688.92
689.98
691.05
692.12
693.18
694.25
695.32
696.38
697.45
698.51
699.58
700.65
701.71
702.78
703.84
704.91
705.98
707.04
708.11
709.17
710.24
711.31
712.37
713.44
714.50
715.57
716.64
717.70
718.77
719.83
720.90
721.97
723.03
724.10
725.17
726.23
727.30
728.36
729.43
730.50
731.56
732.63
733.69
734.76
735.83
736.89
737.96
739.02
740.09
741.16
742.22
743.29
744.35
745.42
746.49
747.55
748.62
749.68
750.75
751.82
752.88
753.95
755.02
756.08
757.15
758.21
759.28
760.35
761.41
762.48
763.54
764.61
765.68
766.74
767.81
768.87
769.94
771.01
772.07
773.14
774.20
775.27
776.34
777.40
778.47
779.53
780.60
781.67
782.73
783.80
784.86
785.93
787.00
788.06
789.13
790.20
791.26
792.33
793.39
794.46
795.53
796.59
797.66
798.72
799.79
800.86
801.92
802.99
804.05
805.12
806.19
807.25
808.32
809.38
810.45
811.52
812.58
813.65
814.71
815.78
816.85
817.91
818.98
820.05
821.11
822.18
823.24
824.31
825.38
826.44
827.51
828.57
829.64
830.71
831.77
832.84
833.90
834.97
836.04
837.10
838.17
839.23
840.30
841.37
842.43
843.50
844.56
845.63
846.70
847.76
848.83
849.89
850.96
852.03
853.09
854.16
855.23
856.29
857.36
858.42
859.49
860.56
861.62
862.69
863.75
864.82
865.89
866.95
868.02
869.08
870.15
871.22
872.28
873.35
874.41
875.48
876.55
877.61
878.68
879.74
880.81
881.88
882.94
884.01
885.08
886.14
887.21
888.27
889.34
890.41
891.47
892.54
893.60
894.67
895.74
896.80
897.87
898.93
900.00
