0.004318  
0.884869  
0.216593  
0.482830  
0.530498  
0.530633  
0.600443  
0.664313  
0.637684  
0.618765  
0.691090  
0.629474  
0.734258  
0.668826  
0.750888  
0.725471  
0.706954  
0.743922  
0.771175  
0.764721  
0.799343  
0.793387  
0.827273  
0.811604  
0.814436  
0.810305  
0.855021  
0.851739  
0.887528  
0.865047  
0.895757  
0.884289  
0.878418  
0.915324  
0.929717  
0.901648  
0.918050  
0.932245  
0.919581  
0.937577  
0.930892  
0.936256  
0.967202  
0.958484  
0.972143  
0.968822  
0.974953  
0.974435  
0.975690  
0.976581  
0.993320  
0.986070  
0.991424  
0.991756  
0.996134  
1.015752  
0.998866  
1.004959  
1.016837  
1.016728  
1.011339  
1.019581  
1.027291  
1.017045  
1.019663  
1.023207  
1.023105  
1.026897  
1.045013  
1.030821  
1.018708  
1.024113  
1.017562  
1.014629  
1.036074  
1.031753  
1.035880  
1.016387  
1.037830  
1.026974  
1.066340  
1.043884  
1.022397  
1.035173  
1.026845  
1.034427  
1.023142  
1.066339  
1.041863  
1.052971  
1.046891  
1.028625  
1.096447  
1.051516  
1.003114  
1.059208  
1.025268  
1.053971  
1.053385  
1.045567  
1.042003  
1.077807  
1.021393  
1.068016  
1.102666  
1.019422  
1.068601  
1.068224  
1.071468  
1.053396  
1.083961  
1.043824  
1.059409  
1.051572  
1.124429  
1.054539  
1.079601  
1.067394  
1.062792  
1.076095  
1.060509  
1.070210  
1.079705  
1.050867  
1.003140  
1.035941  
1.080363  
1.071996  
1.074493  
1.133473  
1.082509  
1.074988  
1.083509  
1.137044  
1.117211  
1.061514  
1.025276  
1.094290  
1.102078  
1.115509  
1.072764  
1.015675  
1.031224  
1.035605  
1.043668  
1.122386  
1.114748  
0.999054  
1.091916  
1.074749  
1.135737  
1.135236  
1.144648  
1.125811  
1.126829  
1.119092  
1.141908  
1.124246  
1.124846  
1.142517  
1.137842  
1.137414  
1.123332  
1.116593  
1.141116  
1.123434  
1.128231  
1.144606  
1.133605  
1.150007  
1.144362  
1.149721  
1.153861  
1.145178  
1.160021  
1.156366  
1.151029  
1.149690  
1.155026  
1.157393  
1.158518  
1.164721  
1.157964  
1.158607  
1.168094  
1.165177  
1.161485  
1.170568  
1.169298  
1.165029  
1.173838  
1.179800  
1.178119  
1.177314  
1.179239  
1.171536  
1.175895  
1.178916  
1.182181  
1.175936  
1.178236  
1.179211  
1.178343  
1.180784  
1.184939  
1.180341  
1.188056  
1.186232  
1.184513  
1.187798  
1.177937  
1.183940  
1.186785  
1.183002  
1.187430  
1.189009  
1.192731  
1.190425  
1.188353  
1.192582  
1.191082  
1.186634  
1.195167  
1.189450  
1.189987  
1.191098  
1.186646  
1.193971  
1.193500  
1.193868  
1.192100  
1.188762  
1.190031  
1.188575  
1.190715  
1.192077  
1.195777  
1.194244  
1.197394  
1.195695  
1.198924  
1.196238  
1.197614  
1.196991  
1.198673  
1.200382  
1.197197  
1.195763  
1.194388  
1.200616  
1.200679  
1.202358  
1.201229  
1.202542  
1.202371  
1.204095  
1.203487  
1.202368  
1.200570  
1.200831  
1.200272  
1.205909  
1.203420  
1.205781  
1.201058  
1.207333  
1.204327  
1.202066  
1.204326  
1.205601  
1.202733  
1.207459  
1.205451  
1.209234  
1.206907  
1.209639  
1.212079  
1.202857  
1.206353  
1.209494  
1.209885  
1.207741  
1.206918  
1.205114  
1.210068  
1.209419  
1.213405  
1.216553  
1.211687  
1.216992  
1.212728  
1.212542  
1.213319  
1.211509  
1.213229  
1.213117  
1.214050  
1.214744  
1.213247  
1.212044  
1.216237  
1.214961  
1.212429  
1.212832  
1.214538  
1.215441  
1.216330  
1.216589  
1.213440  
1.216486  
1.216145  
1.221526  
1.216740  
1.218035  
1.218347  
1.216758  
1.215254  
1.215237  
1.215237  
1.219132  
1.218052  
1.216854  
1.220975  
1.216439  
1.221069  
1.220360  
1.219708  
1.221640  
1.220482  
1.219413  
1.220612  
1.223908  
1.226115  
1.220147  
1.222427  
1.222768  
1.222846  
1.224402  
1.226362  
1.224788  
1.225333  
1.219073  
1.219874  
1.217397  
1.216310  
1.212738  
1.209217  
1.205252  
1.198863  
1.203086  
1.202864  
1.208641  
1.207110  
1.209636  
1.213156  
1.219223  
1.217688  
1.217447  
1.220997  
1.221586  
1.223367  
1.220240  
1.222247  
1.223370  
1.222102  
1.224235  
1.219413  
1.220301  
1.214927  
1.214990  
1.210949  
1.209903  
1.206271  
1.202733  
1.200124  
1.199208  
1.197626  
1.195400  
1.194485  
1.195262  
1.194406  
1.194267  
1.193750  
1.194746  
1.196717  
1.197516  
1.198282  
1.199924  
1.198652  
1.200814  
1.201913  
1.200714  
1.203697  
1.203041  
1.205355  
1.203446  
1.205328  
1.206758  
1.204915  
1.206914  
1.206611  
1.207935  
1.207260  
1.207693  
1.205494  
1.207230  
1.207408  
1.206880  
1.208572  
1.208019  
1.209865  
1.205278  
1.210782  
1.208250  
1.207882  
1.208461  
1.209045  
1.210022  
1.207642  
1.208174  
1.207988  
1.208613  
1.210388  
1.207281  
1.206466  
1.208461  
1.208004  
1.208784  
1.209073  
1.209435  
1.204903  
1.208458  
1.209388  
1.208732  
1.208519  
1.209788  
1.209760  
1.207185  
1.210816  
1.207679  
1.209589  
1.209523  
1.208310  
1.212419  
1.206177  
1.207839  
1.206886  
1.208183  
1.209863  
1.208261  
1.207622  
1.205377  
1.207665  
1.206865  
1.207903  
1.211204  
1.211139  
1.207745  
1.207711  
1.208427  
1.204411  
1.207477  
1.206342  
1.206533  
1.201193  
1.207356  
1.204017  
1.206100  
1.203470  
1.204955  
1.207296  
1.205860  
1.207748  
1.205201  
1.209172  
1.204817  
1.204027  
1.204806  
1.201518  
1.200230  
1.200523  
1.200594  
1.197903  
1.199516  
1.204548  
1.197639  
1.198266  
1.204037  
1.202244  
1.200859  
1.202527  
1.195085  
1.197147  
1.196133  
1.200012  
1.201377  
1.198407  
1.194164  
1.190445  
1.192566  
1.198330  
1.198803  
1.196921  
1.194282  
1.197730  
1.194376  
1.189906  
1.202369  
1.195084  
1.191346  
1.198390  
1.188073  
1.196250  
1.193982  
1.192508  
1.195424  
1.189666  
1.188898  
1.189927  
1.190232  
1.188193  
1.200196  
1.193585  
1.183237  
1.186113  
1.193854  
1.186762  
1.188651  
1.187617  
1.187677  
1.179583  
1.182106  
1.189671  
1.184799  
1.184813  
1.182692  
1.184985  
1.183897  
1.175221  
1.180793  
1.179951  
1.176366  
1.178647  
1.176002  
1.176482  
1.173138  
1.173943  
1.179640  
1.174670  
1.178481  
1.185288  
1.176397  
1.169979  
1.170562  
1.171735  
1.173657  
1.178346  
1.173929  
1.166291  
1.177820  
1.174566  
1.175974  
1.157486  
1.162805  
1.163526  
1.172829  
1.170006  
1.165375  
1.168859  
1.171852  
1.170467  
1.168792  
1.169143  
1.168946  
1.168711  
1.162761  
1.163433  
1.175577  
1.175924  
1.176252  
1.159071  
1.170743  
1.171395  
1.165071  
1.168100  
1.154680  
1.169229  
1.173126  
1.168708  
1.168603  
1.174645  
1.168399  
1.182136  
1.171422  
1.172842  
1.163257  
1.165215  
1.165622  
1.170024  
1.160675  
1.170945  
1.169508  
1.172204  
1.161433  
1.155254  
1.162795  
1.156100  
1.170653  
1.176111  
1.180283  
1.180219  
1.171700  
1.176508  
1.192745  
1.191056  
1.187032  
1.181931  
1.180952  
1.194151  
1.195668  
1.177616  
1.189052  
1.181644  
1.183255  
1.193672  
1.207336  
1.200720  
1.192173  
1.197858  
1.225853  
1.182756  
1.189509  
1.216284  
1.204367  
1.225938  
1.209150  
1.184048  
1.206784  
1.198212  
1.205731  
1.211321  
1.208806  
1.212655  
1.257442  
1.231649  
1.263318  
1.220400  
1.227797  
1.173690  
1.254406  
1.242122  
1.292594  
1.160152  
1.174772  
1.313438  
1.225122  
1.096395  
1.081153  
1.270772  
1.253391  
1.059083  
1.320120  
1.268937  
1.573042  
1.259507  
1.394586  
1.350471  
