-128.000000
0.247846  
1.389250  
0.118742  
0.935546  
0.379761  
0.467001  
0.328275  
0.489849  
0.351993  
0.384993  
0.449080  
0.423395  
0.432790  
0.369536  
0.461481  
0.397375  
0.393721  
0.396379  
0.389232  
0.361693  
0.388008  
0.369889  
0.397863  
0.414887  
0.391865  
0.365170  
0.377834  
0.361100  
0.387045  
0.370561  
0.393486  
0.387655  
0.370300  
0.376217  
0.388739  
0.382141  
0.370535  
0.376673  
0.378635  
0.389885  
0.379318  
0.371543  
0.379003  
0.377908  
0.385185  
0.384415  
0.385350  
0.386813  
0.388285  
0.396379  
0.395092  
0.391556  
0.392070  
0.389780  
0.385386  
0.397007  
0.411766  
0.395165  
0.407525  
0.401823  
0.403499  
0.403418  
0.406734  
0.410221  
0.417680  
0.419246  
0.415195  
0.411837  
0.421060  
0.414810  
0.417685  
0.418024  
0.415705  
0.411918  
0.408949  
0.416986  
0.434101  
0.415799  
0.418782  
0.416047  
0.415065  
0.439792  
0.387966  
0.430314  
0.460726  
0.441127  
0.414043  
0.432369  
0.431731  
0.421900  
0.439709  
0.433985  
0.432193  
0.464723  
0.444810  
0.454346  
0.430903  
0.450519  
0.433586  
0.469001  
0.415895  
0.475636  
0.426964  
0.417859  
0.492986  
0.445212  
0.459197  
0.437187  
0.430340  
0.434233  
0.451568  
0.465840  
0.486693  
0.460310  
0.472192  
0.451966  
0.442761  
0.452839  
0.481905  
0.479310  
0.480008  
0.451407  
0.500351  
0.527554  
0.513892  
0.465415  
0.506491  
0.477791  
0.439632  
0.480394  
0.499987  
0.481776  
0.464604  
0.457956  
0.527762  
0.545184  
0.503133  
0.473230  
0.470095  
0.516959  
0.525997  
0.523003  
0.510323  
0.510208  
0.503176  
0.509487  
0.604348  
0.505624  
0.530744  
0.494056  
0.482349  
0.478936  
0.488385  
0.489573  
0.487564  
0.475101  
0.473461  
0.469777  
0.455926  
0.449656  
0.448419  
0.442195  
0.442993  
0.407876  
0.404208  
0.390713  
0.371958  
0.368094  
0.386935  
0.374306  
0.363778  
0.350551  
0.283061  
0.267382  
0.251346  
0.237991  
0.225318  
0.210166  
0.197948  
0.185316  
0.173785  
0.167548  
0.157202  
0.146934  
0.140480  
0.130688  
0.125706  
0.118469  
0.112369  
0.106116  
0.099810  
0.094753  
0.088520  
0.086191  
0.081307  
0.078599  
0.073753  
0.069857  
0.065468  
0.064035  
0.061027  
0.058807  
0.055710  
0.053009  
0.052850  
0.049351  
0.047405  
0.045124  
0.044254  
0.042562  
0.041889  
0.040477  
0.039328  
0.037672  
0.037458  
0.035754  
0.035324  
0.034761  
0.033291  
0.033893  
0.033883  
0.032461  
0.032637  
0.032189  
0.031874  
0.032152  
0.031812  
0.032415  
0.032164  
0.032648  
0.031762  
0.033485  
0.033362  
0.033044  
0.033676  
0.033384  
0.034319  
0.034988  
0.034815  
0.035847  
0.035732  
0.036725  
0.037475  
0.037592  
0.038101  
0.038974  
0.039886  
0.040868  
0.041537  
0.042052  
0.043086  
0.043371  
0.043582  
0.045070  
0.045489  
0.046453  
0.047782  
0.048654  
0.048803  
0.049742  
0.050476  
0.051745  
0.052178  
0.053706  
0.053684  
0.054935  
0.056330  
0.056685  
0.057768  
0.058942  
0.059736  
0.059723  
0.061721  
0.062687  
0.064374  
0.063894  
0.065619  
0.066854  
0.067355  
0.068457  
0.069667  
0.070151  
0.071570  
0.072258  
0.073477  
0.073982  
0.074415  
0.075278  
0.076223  
0.078121  
0.079600  
0.079654  
0.080540  
0.082198  
0.082884  
0.084338  
0.083922  
0.086045  
0.086696  
0.087590  
0.088355  
0.089387  
0.091203  
0.092560  
0.092589  
0.093141  
0.094630  
0.095847  
0.096070  
0.096778  
0.097674  
0.098143  
0.099557  
0.100126  
0.101935  
0.102187  
0.103684  
0.105055  
0.104895  
0.106123  
0.107750  
0.107826  
0.109451  
0.109150  
0.111212  
0.111252  
0.112477  
0.112789  
0.114588  
0.115487  
0.115927  
0.116204  
0.118338  
0.119627  
0.119598  
0.120469  
0.121109  
0.121990  
0.123174  
0.123823  
0.124029  
0.124744  
0.126133  
0.126486  
0.127945  
0.128558  
0.128782  
0.129440  
0.130586  
0.130723  
0.131288  
0.133124  
0.133187  
0.134441  
0.135407  
0.135810  
0.136935  
0.138311  
0.138581  
0.139591  
0.140949  
0.141126  
0.141049  
0.142345  
0.143326  
0.144519  
0.144262  
0.145514  
0.146012  
0.146870  
0.146869  
0.147677  
0.147748  
0.148406  
0.149172  
0.149503  
0.150181  
0.151007  
0.151443  
0.152008  
0.153317  
0.154007  
0.154294  
0.155453  
0.155762  
0.156740  
0.156857  
0.158337  
0.158518  
0.159195  
0.160020  
0.161089  
0.161692  
0.162120  
0.163178  
0.162864  
0.164060  
0.164761  
0.165239  
0.166180  
0.166041  
0.167175  
0.168273  
0.169106  
0.168744  
0.169875  
0.170719  
0.170837  
0.171571  
0.172027  
0.173539  
0.172224  
0.173232  
0.174839  
0.175507  
0.175495  
0.175313  
0.176660  
0.177153  
0.177249  
0.178416  
0.179111  
0.179678  
0.180169  
0.180609  
0.181436  
0.181838  
0.181590  
0.183597  
0.183772  
0.183952  
0.183796  
0.184067  
0.185220  
0.184831  
0.185089  
0.187076  
0.187023  
0.187981  
0.188407  
0.189096  
0.189246  
0.189040  
0.190805  
0.190631  
0.191325  
0.192768  
0.193731  
0.192704  
0.193401  
0.193452  
0.194064  
0.194849  
0.196173  
0.195505  
0.195657  
0.197408  
0.197441  
0.197947  
0.199211  
0.198101  
0.198800  
0.198671  
0.200908  
0.199210  
0.200982  
0.200684  
0.201467  
0.202135  
0.202865  
0.202781  
0.203275  
0.205047  
0.205337  
0.203884  
0.206051  
0.206394  
0.205376  
0.207552  
0.207289  
0.206899  
0.208838  
0.206944  
0.207527  
0.208218  
0.209015  
0.208254  
0.207961  
0.210180  
0.209526  
0.211908  
0.209470  
0.212719  
0.211473  
0.211270  
0.212910  
0.214892  
0.215298  
0.215084  
0.216215  
0.213845  
0.214743  
0.214930  
0.213714  
0.216477  
0.216603  
0.216690  
0.218109  
0.217403  
0.219091  
0.219142  
0.217257  
0.219721  
0.219877  
0.219293  
0.220015  
0.217435  
0.220886  
0.219959  
0.223625  
0.220581  
0.221012  
0.223313  
0.225866  
0.222619  
0.222558  
0.224044  
0.222474  
0.222567  
0.225671  
0.224089  
0.225450  
0.225572  
0.224715  
0.225621  
0.225141  
0.223736  
0.229287  
0.230644  
0.227812  
0.227823  
0.229786  
0.229114  
0.227872  
0.230175  
0.233090  
0.227510  
0.228778  
0.229198  
0.230090  
0.232530  
0.232009  
0.232587  
0.234484  
0.233155  
0.228943  
0.237003  
0.235138  
0.236804  
0.238381  
0.236248  
0.239510  
0.240105  
0.243339  
0.240330  
0.243300  
0.244322  
0.243667  
0.247693  
0.255215  
0.245734  
0.268902  
0.313018  
0.322872  
0.314713  
0.313334  
0.311784  
0.318605  
0.320076  
0.324969  
0.326038  
0.330368  
0.330294  
0.285050  
0.288063  
0.281714  
0.279380  
0.287212  
0.294135  
0.282826  
0.287232  
0.241413  
0.243131  
0.238150  
0.249403  
0.251870  
0.244087  
0.248278  
0.244863  
0.245456  
0.247034  
0.243816  
0.247582  
0.244511  
0.253994  
0.248163  
0.238690  
0.243952  
0.250063  
0.244235  
0.250691  
0.248967  
0.246726  
0.246062  
0.250528  
0.246074  
0.247220  
0.239790  
0.244892  
0.253738  
0.245233  
0.254190  
0.258929  
0.246918  
0.243006  
0.256875  
0.248004  
0.253073  
0.248615  
0.250596  
0.250777  
0.257817  
0.255256  
0.248667  
0.255820  
0.272875  
0.257816  
0.265398  
0.263824  
0.257163  
0.266133  
0.258877  
0.262569  
0.234047  
0.221716  
0.255127  
0.236354  
0.268236  
0.262645  
0.254406  
0.252502  
0.310416  
0.310773  
0.224708  
0.271116  
0.276140  
0.277446  
0.183130  
0.260707  
0.303279  
0.274383  
0.317905  
0.212746  
0.328897  
0.075937  
0.157128  
