# lams, psi_mean, delta_mean
999.792500 45.000000 224.479426
999.408900 45.000000 224.479426
999.025300 45.000000 224.483661
998.641500 45.000000 224.486945
998.257800 45.000000 224.488928
997.873900 45.000000 224.489329
997.490000 45.000000 224.487248
997.106000 45.000000 224.481697
996.721900 45.000000 224.470969
996.337700 45.000000 224.450695
995.953500 45.000000 224.413133
995.569200 45.000000 224.335184
995.184800 45.000000 224.120200
994.800300 9.788052 222.170202
994.415800 45.000000 45.484324
994.031100 5.488671 122.719196
993.646400 4.702017 105.190124
993.261700 4.213947 77.302009
992.876800 5.338576 81.577752
992.491900 3.271615 42.785651
992.106900 4.339776 75.783885
991.721800 4.581678 69.591058
991.336700 4.706063 57.363012
990.951400 21.443892 53.982571
990.566100 13.544043 60.346626
990.180700 11.401010 49.075264
989.795300 6.049063 79.063397
989.409700 10.477403 80.288693
989.024100 13.951949 90.214252
988.638400 19.097357 97.334385
988.252600 18.857770 73.485738
987.866800 21.261889 65.375065
987.480900 15.530927 68.395863
987.094900 14.442016 71.868629
986.708800 11.789471 70.297294
986.322600 8.363455 84.393072
985.936400 11.594716 73.217135
985.550100 10.908268 68.203362
985.163800 16.576676 67.847621
984.777300 20.587806 66.804342
984.390700 24.886160 59.696711
984.004100 14.157491 56.861955
983.617400 4.213950 47.981212
983.230700 3.330706 233.387601
982.843800 15.166268 230.755003
982.456900 6.779951 198.458132
982.069900 4.601329 114.038636
981.682800 14.270762 81.175643
981.295700 13.867827 69.717684
980.908400 45.000000 71.168564
980.521100 45.000000 59.148576
980.133700 45.000000 82.105000
979.746300 45.000000 96.329902
979.358700 45.000000 101.894756
978.971100 45.000000 182.377587
978.583400 45.000000 194.100260
978.195600 45.000000 203.958083
977.807700 45.000000 208.202324
977.419900 45.000000 214.544849
977.031900 21.101511 185.925849
976.643700 7.455528 152.584518
976.255600 14.372086 142.074754
975.867400 18.604139 86.814809
975.479000 45.000000 75.393995
975.090600 18.435035 89.089599
974.702100 18.017464 86.916587
974.313600 16.151473 90.663324
973.925000 14.407849 89.774142
973.536300 11.922936 89.516716
973.147500 8.257422 94.934877
972.758600 2.972299 127.746241
972.369700 2.650051 149.364945
971.980700 3.570809 129.978267
971.591600 4.105025 106.436636
971.202400 1.401614 114.365742
970.813100 14.769257 108.599226
970.423800 45.000000 302.205684
970.034400 45.000000 49.757858
969.644900 45.000000 148.445583
969.255300 45.000000 168.587607
968.865700 45.000000 172.560518
968.476000 45.000000 173.188179
968.086100 45.000000 173.339687
967.696200 45.000000 173.612289
967.306300 45.000000 173.135418
966.916300 45.000000 170.464257
966.526100 45.000000 151.147766
966.135900 45.000000 17.804423
965.745700 45.000000 135.061443
965.355300 45.000000 138.765990
964.964900 45.000000 356.727371
964.574300 16.918547 0.487389
964.183800 29.994801 104.029878
963.793100 18.084708 332.530541
963.402300 18.386605 306.462687
963.011500 9.882489 341.127483
962.620700 3.504788 41.399989
962.229700 6.506773 109.846661
961.838600 6.686098 55.945537
961.447400 4.305773 293.290203
961.056200 6.185055 274.971092
960.664900 9.646291 273.832493
960.273600 18.201779 271.393587
959.882100 4.298964 289.072041
959.490500 12.460401 81.533691
959.098900 39.545646 85.517637
958.707300 7.081599 85.982396
958.315500 13.810645 91.560623
957.923600 14.072854 95.160632
957.531700 9.286086 99.435410
957.139600 6.231591 98.290924
956.747600 4.692995 94.769477
956.355400 0.411446 209.980753
955.963200 8.385194 136.949772
955.570900 5.933177 46.377997
955.178400 9.479898 359.599102
954.785900 14.413854 350.323117
954.393400 17.242787 357.895034
954.000700 17.751671 359.244914
953.608000 13.791240 18.475645
953.215200 12.651599 43.975260
952.822300 9.921764 42.362591
952.429300 8.329855 52.843642
952.036300 9.906830 86.057295
951.643200 13.755800 39.081846
951.249900 12.490716 38.982993
950.856700 27.522714 70.481480
950.463300 9.372063 356.414397
950.069900 45.000000 281.468088
949.676300 45.000000 272.641437
949.282700 45.000000 271.451227
948.889000 45.000000 85.137107
948.495300 45.000000 271.259937
948.101400 45.000000 35.021194
947.707500 45.000000 284.394153
947.313500 15.190608 144.590550
946.919400 34.509060 117.859286
946.525300 27.447665 156.249608
946.131000 33.826331 330.726599
945.736700 26.036326 153.590333
945.342300 45.000000 149.341406
944.947800 45.000000 150.637120
944.553200 45.000000 151.086579
944.158600 45.000000 152.775378
943.763900 45.000000 153.771509
943.369100 45.000000 154.486572
942.974200 45.000000 154.881216
942.579200 45.000000 162.966615
942.184100 45.000000 313.671788
941.789000 8.002582 233.119989
941.393800 30.425476 356.184703
940.998500 29.919024 337.001165
940.603100 15.547210 347.306015
940.207700 6.999042 354.444650
939.812200 8.387165 113.160531
939.416600 19.316847 132.404971
939.020900 13.354895 117.626600
938.625100 13.762798 113.182257
938.229200 12.823350 139.653232
937.833300 17.890635 96.480367
937.437300 21.485435 75.192632
937.041200 19.041443 39.140150
936.645000 16.725664 33.517866
936.248700 14.596450 29.654837
935.852400 6.203517 35.472578
935.456000 14.040410 24.444324
935.059400 17.703630 3.735773
934.662900 12.352321 24.894762
934.266200 9.079140 1.716196
933.869400 45.000000 7.246740
933.472700 45.000000 160.034721
933.075700 37.487827 149.338885
932.678700 32.407784 154.233930
932.281700 31.214025 171.016464
931.884500 30.726577 179.988477
931.487300 45.000000 198.302458
931.090000 45.000000 204.789072
930.692600 18.629467 60.699384
930.295100 11.100290 70.542189
929.897500 45.000000 110.438063
929.499900 45.000000 316.208747
929.102200 45.000000 72.159697
928.704300 45.000000 82.584287
928.306500 45.000000 81.709999
927.908500 45.000000 92.843246
927.510400 45.000000 271.716102
927.112300 45.000000 275.595345
926.714100 16.078248 288.393304
926.315800 23.669405 268.778479
925.917400 1.131057 91.548550
925.519000 9.489627 274.261425
925.120400 26.257220 275.300724
924.721800 18.988000 278.655524
924.323100 12.203277 288.474705
923.924300 4.018945 12.519178
923.525500 12.468933 75.381927
923.126500 36.907020 102.701716
922.727500 15.725418 75.360062
922.328300 10.497227 37.669737
921.929100 16.462832 30.973458
921.529800 16.715709 12.127273
921.130500 18.789976 16.173810
920.731100 15.706219 359.439706
920.331500 19.153041 21.455602
919.931900 22.830018 46.395164
919.532200 27.989030 67.210396
919.132400 45.000000 87.638081
918.732600 29.990272 69.108754
918.332600 18.982000 71.931450
917.932600 18.354674 59.664586
917.532500 27.024452 331.054930
917.132300 45.000000 340.455262
916.732100 45.000000 108.599904
916.331700 21.536846 178.727473
915.931300 45.000000 223.234369
915.530800 45.000000 61.651278
915.130200 8.533328 60.737887
914.729500 3.308895 107.911410
914.328700 6.454379 97.959992
913.927900 3.142803 67.875956
913.527000 2.956240 42.020012
913.125900 8.165077 44.929396
912.724900 9.615675 45.853653
912.323700 8.952062 50.622210
911.922400 8.550800 45.890503
911.521100 13.634926 75.302668
911.119600 45.000000 352.358064
910.718100 45.000000 200.608466
910.316500 45.000000 166.445875
909.914900 45.000000 151.586046
909.513100 45.000000 161.432025
909.111300 45.000000 167.558778
908.709300 45.000000 169.824300
908.307300 45.000000 172.426758
907.905200 45.000000 167.167598
907.503100 45.000000 159.201359
907.100800 45.000000 154.166953
906.698400 45.000000 140.680562
906.296000 45.000000 122.014622
905.893500 45.000000 117.752638
905.490900 45.000000 119.421094
905.088300 45.000000 108.610243
904.685500 20.380715 72.032650
904.282600 27.968017 6.341847
903.879700 28.561055 193.732282
903.476700 6.815659 90.031605
903.073600 4.250501 86.093970
902.670400 3.873788 87.525647
902.267200 1.894226 76.167765
901.863800 3.300753 284.449642
901.460400 0.669122 79.955544
901.056900 11.313173 279.175943
900.653300 45.000000 226.197217
900.249600 18.171498 47.838303
899.845800 45.000000 45.718229
899.442000 45.000000 32.437935
899.038000 45.000000 30.935151
898.634000 45.000000 210.409421
898.229900 45.000000 197.600966
897.825700 45.000000 35.038031
897.421400 45.000000 57.422723
897.017100 45.000000 84.571833
896.612700 45.000000 128.665111
896.208100 45.000000 93.894035
895.803500 45.000000 89.649356
895.398900 45.000000 85.746520
894.994100 34.582746 82.262987
894.589200 12.586996 68.505996
894.184300 10.117908 302.720164
893.779200 4.631129 43.333421
893.374100 5.482959 25.721345
892.968900 8.758311 354.606683
892.563700 7.198659 330.109638
892.158300 9.055118 257.800538
891.752800 3.297520 18.723119
891.347300 5.319130 58.807898
890.941700 8.545750 74.199209
890.535900 9.032830 80.333054
890.130200 7.386452 87.592011
889.724300 5.494376 158.228731
889.318400 3.649183 40.125299
888.912300 9.296479 22.007632
888.506200 9.299594 37.609081
888.100000 14.618311 57.667664
887.693700 17.999480 60.473722
887.287300 17.929567 61.391648
886.880800 18.403211 65.002769
886.474300 12.647455 67.551571
886.067600 10.374231 79.588783
885.660900 8.256162 104.875104
885.254100 10.856194 78.666275
884.847200 10.369331 78.693241
884.440200 10.035303 77.448798
884.033200 14.975699 78.227482
883.626000 14.860494 76.540422
883.218800 16.871725 76.388214
882.811500 13.621751 31.498174
882.404100 6.944550 124.182385
881.996600 45.000000 174.883608
881.589000 45.000000 185.957883
881.181300 45.000000 15.494431
880.773600 45.000000 339.490592
880.365800 45.000000 330.439173
879.957900 45.000000 316.738226
879.549900 45.000000 136.776674
879.141800 45.000000 126.997916
878.733600 23.647369 120.081107
878.325300 21.681014 134.836945
877.917000 14.163314 128.409813
877.508500 10.650622 119.847913
877.100000 10.511957 103.145445
876.691500 11.775412 86.498951
876.282800 16.067034 77.892278
875.874000 28.706836 65.472792
875.465100 18.776815 80.461283
875.056200 22.643130 86.263263
874.647200 19.335008 120.801936
874.238000 25.352269 304.783496
873.828900 13.342836 92.494559
873.419600 12.189095 95.544477
873.010200 14.625353 95.205576
872.600700 14.122768 96.113039
872.191200 18.483056 84.915872
871.781600 14.083446 85.138616
871.371800 12.168685 79.250214
870.962000 4.867860 100.479302
870.552100 2.722590 187.029655
870.142200 3.077413 191.228185
869.732100 4.390358 115.464421
869.321900 8.350855 93.343280
868.911700 13.001913 84.780685
868.501300 17.162282 80.405934
868.090900 21.769056 78.069203
867.680500 20.657258 79.064289
867.269900 17.551110 78.908859
866.859200 16.711986 78.268271
866.448500 15.468932 76.517517
866.037600 17.423327 73.043958
865.626700 17.998515 76.402662
865.215700 16.562665 78.571218
864.804600 17.138499 80.495587
864.393400 16.500950 82.308616
863.982100 18.579741 86.165314
863.570700 16.955658 84.636847
863.159300 12.135487 85.379394
862.747700 14.173968 80.652736
862.336100 14.478744 76.318800
861.924400 15.058728 73.017266
861.512600 15.485690 76.236493
861.100800 11.367888 77.924329
860.688800 10.012736 79.126712
860.276700 10.858053 78.852337
859.864600 11.900364 81.976716
859.452300 10.837238 75.883740
859.040000 11.734112 74.182006
858.627600 12.810282 73.307017
858.215100 14.226468 75.070235
857.802600 17.354632 78.103966
857.389900 19.599070 79.874138
856.977100 18.141506 79.504492
856.564300 17.403003 79.482642
856.151400 18.002569 79.775965
855.738300 16.879031 80.296241
855.325300 17.881905 80.413310
854.912000 18.864522 79.475402
854.498800 17.980133 78.380523
854.085400 18.401965 78.806983
853.671900 19.712544 78.436990
853.258400 19.716147 77.987251
852.844800 19.153473 77.246017
852.431100 17.654631 76.839816
852.017300 18.974593 76.568989
851.603400 17.575055 76.199175
851.189400 18.296023 75.844713
850.775300 20.328095 76.048931
850.361200 18.543305 75.631915
849.947000 19.246580 76.077843
849.532600 20.896077 76.819129
849.118200 21.802449 77.037617
848.703700 21.991231 76.895367
848.289100 21.941481 77.096681
847.874400 21.304581 76.925328
847.459700 21.640714 76.613942
847.044800 21.543823 76.388443
846.629800 21.600832 76.258233
846.214800 21.782952 75.873425
845.799700 21.881891 75.489551
845.384500 22.082381 75.526820
844.969200 22.315527 75.321484
844.553800 22.710779 75.020896
844.138300 22.683553 75.158999
843.722700 22.850440 75.430903
843.307100 23.253891 75.395230
842.891400 23.668140 75.432284
842.475500 24.054600 75.657425
842.059600 24.283744 75.639580
841.643600 24.460347 75.560704
841.227500 24.520041 75.731774
840.811300 24.252779 75.805008
840.395100 24.413037 75.766218
839.978700 24.518316 75.779547
839.562300 24.710049 75.944240
839.145700 24.543059 75.822224
838.729100 24.392712 75.622250
838.312400 24.515290 75.637264
837.895600 24.607634 75.516675
837.478700 24.839960 75.343939
837.061700 24.986520 75.176435
836.644700 25.360390 75.125179
836.227500 25.485574 74.987894
835.810200 25.675711 74.876829
835.392900 25.716035 74.848422
834.975500 25.755360 74.759434
834.557900 26.010253 74.752213
834.140300 25.872157 74.745969
833.722700 25.989082 74.702227
833.304900 26.057553 74.607714
832.887000 26.198961 74.504574
832.469100 26.024934 74.491693
832.051000 26.193828 74.442076
831.632900 26.299527 74.442764
831.214600 26.272066 74.339377
830.796300 26.510631 74.291671
830.377900 26.694035 74.212428
829.959400 26.760044 74.219336
829.540800 26.938303 74.140833
829.122100 26.888820 74.127154
828.703400 26.979958 74.086366
828.284500 26.922364 74.090442
827.865600 27.102581 74.027727
827.446500 27.141103 74.020354
827.027500 27.208611 73.995541
826.608200 27.315325 73.979902
826.188900 27.436208 73.946765
825.769500 27.467585 73.941239
825.350000 27.485477 73.953559
824.930500 27.511937 73.971490
824.510800 27.619771 73.937444
824.091100 27.720729 73.908327
823.671300 27.804942 73.874447
823.251300 27.867585 73.883286
822.831300 27.914625 73.887346
822.411200 28.098672 73.905527
821.991000 28.149451 73.950418
821.570700 28.139876 73.952476
821.150300 28.230627 73.959269
820.729900 28.456420 73.959230
820.309300 28.564298 73.986418
819.888600 28.505999 73.988893
819.467900 28.585009 73.973993
819.047100 28.726905 73.991801
818.626200 28.851709 73.986451
818.205100 28.927629 73.963203
817.784100 29.037490 73.951398
817.362900 29.101719 73.976451
816.941600 29.242303 74.010076
816.520200 29.405089 74.005507
816.098800 29.554911 74.023545
815.677200 29.733617 73.988268
815.255600 29.739499 73.994641
814.833800 29.855232 74.011007
814.412000 30.001516 74.001806
813.990100 30.141428 74.052822
813.568100 30.171707 74.083253
813.146000 30.211912 74.059973
812.723800 30.261473 74.071208
812.301500 30.532306 74.034850
811.879200 30.511856 74.087861
811.456700 30.574229 74.092074
811.034100 30.564961 74.088935
810.611500 30.689959 74.159413
810.188800 30.768529 74.140964
809.765900 30.836646 74.103451
809.343000 30.863555 74.084868
808.920000 30.923710 74.021488
808.496900 30.971357 73.982247
808.073700 30.940205 73.965489
807.650500 31.008938 73.984050
807.227100 31.048513 73.989802
806.803600 31.124565 73.941870
806.380100 31.163858 73.927940
805.956400 31.196038 73.891215
805.532700 31.224245 73.866089
805.108900 31.242740 73.819653
804.685000 31.343237 73.816301
804.261000 31.370069 73.797263
803.836900 31.425397 73.776232
803.412700 31.465997 73.767772
802.988400 31.508883 73.776263
802.564000 31.596323 73.779545
802.139600 31.606774 73.772366
801.715000 31.625602 73.794376
801.290300 31.665884 73.768314
800.865700 31.650740 73.789264
800.440800 31.609552 73.781872
800.015900 31.634491 73.794974
799.590900 31.646950 73.764108
799.165800 31.721120 73.766186
798.740600 31.820123 73.739130
798.315300 31.882347 73.746634
797.889900 32.002285 73.716473
797.464400 32.067043 73.732647
797.038900 32.194506 73.703604
796.613200 32.298614 73.677551
796.187500 32.275730 73.664566
795.761700 32.344185 73.644403
795.335700 32.356432 73.613237
794.909700 32.428514 73.587445
794.483600 32.434192 73.547006
794.057400 32.486719 73.565914
793.631000 32.619129 73.555636
793.204700 32.653473 73.519817
792.778200 32.674283 73.512981
792.351600 32.720946 73.518836
791.924900 32.750052 73.524505
791.498200 32.820314 73.508392
791.071400 32.870109 73.509252
790.644400 32.940754 73.513190
790.217300 32.918517 73.517114
789.790200 32.975287 73.500295
789.363000 33.007472 73.495490
788.935700 33.049154 73.514733
788.508300 33.097395 73.514074
788.080700 33.160908 73.547344
787.653200 33.263905 73.546080
787.225500 33.248299 73.559663
786.797700 33.266112 73.527106
786.369900 33.386368 73.529603
785.941900 33.440152 73.543860
785.513900 33.469740 73.542003
785.085700 33.530354 73.534059
784.657500 33.573205 73.506715
784.229100 33.584279 73.522660
783.800700 33.593683 73.516358
783.372200 33.623625 73.519695
782.943500 33.628021 73.502860
782.514800 33.722838 73.513337
782.086100 33.760436 73.548639
781.657200 33.785894 73.570793
781.228200 33.811428 73.574630
780.799100 33.841267 73.592191
780.369900 33.876255 73.601493
779.940700 33.874433 73.614605
779.511300 33.879847 73.632467
779.081800 33.887278 73.619844
778.652300 33.959493 73.594583
778.222700 34.033476 73.582563
777.793000 34.058225 73.596580
777.363200 34.121624 73.612804
776.933200 34.123267 73.611260
776.503200 34.149791 73.605692
776.073100 34.175924 73.610089
775.642900 34.225939 73.590482
775.212600 34.185310 73.592790
774.782200 34.183718 73.588349
774.351700 34.222594 73.629302
773.921200 34.296752 73.632328
773.490500 34.356232 73.649395
773.059800 34.438234 73.664638
772.628900 34.472255 73.659532
772.198000 34.519787 73.643377
771.766900 34.535208 73.642366
771.335800 34.552427 73.651980
770.904600 34.606177 73.660574
770.473300 34.652146 73.672480
770.041900 34.688804 73.689931
769.610400 34.751142 73.708069
769.178700 34.793748 73.726484
768.747100 34.749964 73.749656
768.315200 34.865556 73.768738
767.883400 34.947251 73.761858
767.451400 34.972032 73.742569
767.019300 34.990806 73.745714
766.587200 35.054311 73.744345
766.154900 35.069185 73.736481
765.722500 35.088383 73.769492
765.290100 35.101226 73.787829
764.857500 35.171279 73.814890
764.424900 35.265752 73.824242
763.992200 35.367996 73.840232
763.559300 35.433856 73.839626
763.126400 35.455016 73.870384
762.693400 35.548272 73.859943
762.260300 35.543157 73.871328
761.827100 35.619073 73.882521
761.393800 35.595370 73.891092
760.960400 35.620303 73.881083
760.526900 35.707200 73.900773
760.093300 35.788943 73.902939
759.659700 35.868703 73.897471
759.225900 35.864920 73.923543
758.792100 35.933963 73.948961
758.358100 35.962720 73.945380
757.924000 35.927745 73.958036
757.489900 35.959563 73.973635
757.055600 35.944826 73.995537
756.621300 36.007976 74.010887
756.186800 36.045831 74.003297
755.752300 36.086842 74.036334
755.317700 36.166362 74.055265
754.883000 36.139441 74.078923
754.448200 36.123490 74.102286
754.013200 36.164547 74.133927
753.578200 36.253939 74.144191
753.143100 36.313916 74.157381
752.707900 36.344754 74.181143
752.272600 36.362865 74.197849
751.837300 36.331611 74.220406
751.401800 36.377520 74.203128
750.966200 36.415272 74.217428
750.530600 36.407622 74.242265
750.094800 36.412816 74.241925
749.658900 36.463882 74.259935
749.223000 36.472212 74.277149
748.786900 36.483903 74.298879
748.350800 36.571837 74.303777
747.914600 36.655470 74.333055
747.478200 36.662638 74.364281
747.041700 36.712360 74.381693
746.605200 36.742552 74.388569
746.168600 36.813849 74.386683
745.731900 36.871196 74.382635
745.295000 36.954343 74.395492
744.858200 36.995797 74.394313
744.421100 37.049772 74.416744
743.984100 37.161154 74.443567
743.546800 37.177740 74.444921
743.109600 37.204707 74.466199
742.672200 37.229384 74.501908
742.234700 37.217957 74.527094
741.797100 37.232646 74.531002
741.359400 37.229371 74.544278
740.921600 37.271416 74.573748
740.483800 37.283292 74.594673
740.045800 37.293935 74.633070
739.607700 37.309924 74.666096
739.169600 37.374772 74.678090
738.731300 37.417381 74.705156
738.293000 37.434357 74.715053
737.854500 37.458511 74.733379
737.416000 37.525034 74.753567
736.977300 37.472923 74.774855
736.538600 37.482408 74.797556
736.099700 37.480310 74.827373
735.660800 37.501894 74.855709
735.221800 37.519441 74.876271
734.782700 37.467832 74.920413
734.343400 37.506640 74.932782
733.904100 37.537011 74.942472
733.464700 37.528732 74.967279
733.025200 37.505180 74.999720
732.585600 37.603296 74.998154
732.145900 37.579107 75.018451
731.706100 37.492452 75.038217
731.266200 37.535246 75.067450
730.826200 37.532200 75.091973
730.386100 37.447399 75.130003
729.945900 37.437487 75.148640
729.505700 37.371258 75.170025
729.065300 37.397322 75.171325
728.624800 37.384929 75.197590
728.184300 37.383669 75.224228
727.743600 37.368203 75.249233
727.302800 37.337385 75.280628
726.861900 37.367180 75.283271
726.421000 37.342553 75.309623
725.979900 37.341226 75.327242
725.538800 37.296759 75.329853
725.097500 37.290675 75.324675
724.656100 37.280049 75.342391
724.214700 37.222714 75.366857
723.773200 37.199228 75.391923
723.331500 37.163750 75.420977
722.889800 37.174424 75.423968
722.447900 37.148824 75.442984
722.006000 37.131305 75.453338
721.564000 37.157998 75.447601
721.121800 37.154536 75.466157
720.679600 37.155204 75.490025
720.237300 37.139939 75.504198
719.794900 37.106466 75.537647
719.352400 37.104979 75.547269
718.909700 37.083150 75.559457
718.467000 37.078535 75.576002
718.024200 37.129560 75.572155
717.581300 37.101109 75.578063
717.138300 37.086303 75.586769
716.695200 37.086121 75.595146
716.252000 37.087203 75.604731
715.808700 37.098307 75.592205
715.365300 37.119566 75.594882
714.921800 37.102408 75.621489
714.478200 37.112637 75.628503
714.034500 37.137486 75.618576
713.590700 37.168325 75.625271
713.146900 37.124440 75.624885
712.702800 37.104893 75.627996
712.258800 37.135939 75.627570
711.814600 37.156256 75.631726
711.370300 37.166034 75.631085
710.925900 37.194573 75.621462
710.481400 37.194742 75.629879
710.036900 37.218943 75.640296
709.592200 37.252913 75.643287
709.147400 37.289885 75.656904
708.702600 37.296235 75.667205
708.257600 37.298330 75.676292
707.812500 37.318178 75.692776
707.367400 37.301001 75.689752
706.922100 37.318218 75.698300
706.476700 37.325645 75.699136
706.031300 37.333477 75.694304
705.585700 37.362542 75.702446
705.140100 37.397193 75.710116
704.694300 37.423892 75.722994
704.248400 37.424995 75.729475
703.802500 37.437050 75.742361
703.356400 37.473311 75.735290
702.910300 37.507925 75.744091
702.464100 37.536542 75.745731
702.017700 37.583472 75.754308
701.571200 37.620613 75.760511
701.124700 37.673178 75.772195
700.678000 37.694644 75.785014
700.231300 37.749124 75.797877
699.784400 37.810368 75.807484
699.337500 37.829918 75.819368
698.890400 37.878961 75.825071
698.443300 37.911355 75.838965
697.996100 37.980468 75.830876
697.548800 37.986644 75.837950
697.101300 38.005457 75.846611
696.653700 38.026802 75.860044
696.206100 38.074213 75.867577
695.758400 38.093630 75.885194
695.310500 38.101957 75.893117
694.862600 38.133277 75.903055
694.414600 38.145058 75.920511
693.966400 38.169021 75.936203
693.518200 38.265784 75.943037
693.069900 38.301469 75.960661
692.621500 38.360505 75.979796
692.172900 38.382435 75.995924
691.724300 38.398869 76.012810
691.275600 38.424910 76.027165
690.826700 38.437281 76.042950
690.377800 38.483786 76.055187
689.928800 38.500301 76.071623
689.479700 38.516846 76.083207
689.030400 38.497340 76.099152
688.581100 38.515369 76.116957
688.131700 38.529635 76.135333
687.682100 38.550317 76.159872
687.232500 38.571269 76.168487
686.782800 38.577074 76.190522
686.332900 38.600952 76.211142
685.883000 38.606914 76.232173
685.433000 38.628859 76.254969
684.982800 38.646783 76.277104
684.532700 38.640179 76.304187
684.082300 38.635966 76.326898
683.631900 38.641874 76.349912
683.181300 38.635760 76.369592
682.730700 38.658327 76.378303
682.280000 38.635124 76.401554
681.829200 38.614024 76.419391
681.378200 38.579538 76.436762
680.927200 38.548616 76.456933
680.476100 38.519378 76.475872
680.024800 38.478620 76.497152
679.573500 38.457721 76.517407
679.122100 38.385905 76.538003
678.670500 38.343036 76.561817
678.218900 38.310124 76.584121
677.767200 38.302358 76.598780
677.315400 38.259342 76.621540
676.863400 38.241416 76.643317
676.411400 38.174558 76.667155
675.959200 38.136605 76.687219
675.507000 38.107404 76.706670
675.054700 38.053258 76.734933
674.602200 37.986161 76.756392
674.149700 37.948484 76.782494
673.697100 37.890653 76.809434
673.244300 37.874791 76.836893
672.791500 37.824417 76.861050
672.338600 37.760099 76.887357
671.885500 37.695261 76.910928
671.432400 37.640990 76.936353
670.979100 37.596335 76.963539
670.525800 37.533061 76.982538
670.072300 37.492720 77.006569
669.618800 37.426187 77.031796
669.165100 37.373016 77.057642
668.711400 37.339115 77.085281
668.257500 37.302437 77.118256
667.803500 37.255283 77.144214
667.349500 37.195221 77.169532
666.895300 37.152163 77.197809
666.441100 37.107131 77.223585
665.986800 37.062267 77.253240
665.532300 37.030368 77.277838
665.077700 36.992032 77.303842
664.623000 36.941173 77.327195
664.168300 36.893005 77.353531
663.713400 36.843985 77.381985
663.258400 36.791870 77.407571
662.803400 36.737834 77.435539
662.348200 36.688904 77.462739
661.892900 36.644559 77.488495
661.437600 36.589679 77.513241
660.982100 36.533959 77.541330
660.526500 36.480843 77.569752
660.070800 36.420176 77.600820
659.615100 36.381825 77.628766
659.159200 36.339450 77.656570
658.703200 36.293945 77.685581
658.247100 36.247428 77.710757
657.790900 36.198725 77.744029
657.334600 36.156679 77.776575
656.878200 36.109632 77.809455
656.421800 36.062746 77.841738
655.965100 36.011455 77.876691
655.508400 35.959166 77.905131
655.051600 35.897024 77.935054
654.594700 35.850344 77.967553
654.137700 35.810517 77.999784
653.680600 35.749735 78.031724
653.223400 35.691906 78.062424
652.766100 35.636068 78.097726
652.308700 35.575966 78.131381
651.851100 35.517489 78.167943
651.393600 35.494487 78.202187
650.935800 35.452856 78.239122
650.478000 35.418412 78.279580
650.020100 35.375144 78.314436
649.562000 35.325854 78.351526
649.103900 35.259623 78.383471
648.645700 35.195383 78.411140
648.187300 35.140508 78.445963
647.728900 35.096986 78.473339
647.270300 35.043299 78.506058
646.811700 34.983208 78.533268
646.353000 34.917210 78.566852
645.894100 34.851164 78.600213
645.435100 34.789956 78.632835
644.976100 34.738144 78.669151
644.516900 34.684004 78.694510
644.057700 34.631260 78.719865
643.598300 34.577472 78.747140
643.138900 34.531367 78.781624
642.679300 34.479116 78.815599
642.219600 34.418653 78.842691
641.759800 34.364394 78.876366
641.299900 34.315484 78.904805
640.840000 34.264529 78.938160
640.379900 34.215824 78.973125
639.919700 34.166345 79.001491
639.459400 34.114233 79.038460
638.999000 34.040708 79.071280
638.538500 33.990594 79.105852
638.077900 33.916722 79.140504
637.617200 33.848154 79.173253
637.156400 33.799390 79.213741
636.695400 33.749496 79.254702
636.234400 33.697067 79.280125
635.773300 33.626908 79.313913
635.312100 33.551932 79.347780
634.850800 33.508245 79.381772
634.389300 33.444756 79.417694
633.927800 33.421098 79.451318
633.466200 33.380556 79.488184
633.004400 33.326652 79.525265
632.542500 33.254818 79.565424
632.080600 33.184619 79.606922
631.618600 33.092568 79.653832
631.156400 33.011669 79.704688
630.694200 32.897372 79.734840
630.231800 32.831037 79.764260
629.769300 32.741758 79.805063
629.306800 32.709343 79.840491
628.844100 32.616434 79.879669
628.381300 32.579048 79.920102
627.918400 32.536967 79.959361
627.455400 32.504529 80.016494
626.992300 32.436054 80.049552
626.529100 32.316923 80.090119
626.065800 32.260078 80.139087
625.602400 32.175313 80.186693
625.138900 32.090961 80.262826
624.675300 31.927695 80.318584
624.211500 31.819789 80.386894
623.747700 31.745704 80.451680
623.283800 31.789288 80.520604
622.819800 31.812673 80.575913
622.355700 31.869959 80.561135
621.891400 31.851978 80.549760
621.427100 31.828184 80.527692
620.962600 31.725520 80.489206
620.498000 31.536017 80.457596
620.033400 31.403889 80.431392
619.568700 31.233438 80.388716
619.103800 31.066372 80.372987
618.638800 30.915018 80.360129
618.173700 30.770167 80.342394
617.708600 30.554512 80.318099
617.243300 30.359187 80.302722
616.777900 30.196122 80.294165
616.312400 30.016102 80.299558
615.846800 29.835886 80.311745
615.381000 29.657296 80.310220
614.915300 29.447658 80.315713
614.449300 29.253256 80.325731
613.983300 29.059761 80.348806
613.517200 28.884631 80.368459
613.051000 28.701625 80.389872
612.584700 28.507557 80.418796
612.118200 28.321784 80.449829
611.651700 28.133848 80.482330
611.185000 27.958984 80.520694
610.718300 27.784982 80.565314
610.251400 27.610027 80.607137
609.784400 27.433923 80.653660
609.317300 27.258956 80.708568
608.850200 27.096385 80.767223
608.382900 26.926904 80.835439
607.915500 26.774573 80.901714
607.448000 26.621438 80.973118
606.980400 26.473908 81.050028
606.512700 26.328239 81.126024
606.044900 26.185735 81.212879
605.577000 26.042901 81.309145
605.108900 25.906043 81.404882
604.640800 25.769952 81.493162
604.172600 25.643616 81.593118
603.704200 25.526103 81.700142
603.235800 25.405650 81.809506
602.767300 25.290605 81.925453
602.298600 25.173190 82.040953
601.829800 25.048621 82.157938
601.361000 24.933709 82.282592
600.892000 24.820487 82.405025
600.422900 24.712935 82.532699
599.953700 24.606196 82.662760
599.484400 24.510506 82.795691
599.015000 24.418443 82.939521
598.545500 24.315056 83.074701
598.075900 24.215403 83.207290
597.606200 24.111565 83.355949
597.136400 24.031965 83.500583
596.666400 23.953743 83.647160
596.196400 23.861391 83.801707
595.726300 23.783921 83.950565
595.256000 23.692511 84.111252
594.785700 23.600839 84.269853
594.315200 23.512851 84.426028
593.844700 23.437503 84.579205
593.374000 23.358157 84.735002
592.903200 23.306380 84.875880
592.432300 23.249218 85.016300
591.961300 23.215593 85.169199
591.490200 23.151536 85.322944
591.019000 23.104793 85.469034
590.547700 23.024938 85.625283
590.076300 22.984473 85.768482
589.604800 22.913061 85.915484
589.133100 22.841490 86.062858
588.661400 22.757382 86.180832
588.189600 22.691630 86.316033
587.717600 22.660184 86.434757
587.245500 22.591969 86.548783
586.773400 22.535976 86.648525
586.301100 22.472662 86.699598
585.828700 22.465817 86.740519
585.356300 22.423285 86.759795
584.883700 22.359905 86.771042
584.410900 22.210758 86.780151
583.938200 22.055572 86.774829
583.465200 21.859453 86.860009
582.992200 21.686722 86.932473
582.519100 21.499735 87.015649
582.045800 21.337696 87.112480
581.572500 21.223762 87.190318
581.099100 21.064961 87.289141
580.625500 20.935061 87.405208
580.151900 20.794555 87.502061
579.678000 20.635482 87.602207
579.204200 20.464036 87.714657
578.730200 20.332492 87.827703
578.256100 20.189752 87.951288
577.781900 20.018256 88.076941
577.307600 19.853992 88.191107
576.833200 19.686830 88.302066
576.358600 19.522475 88.440825
575.884000 19.371134 88.570093
575.409300 19.211500 88.703934
574.934400 19.050488 88.827166
574.459500 18.878565 88.969714
573.984400 18.707358 89.110700
573.509200 18.543437 89.248102
573.033900 18.372469 89.390881
572.558600 18.205354 89.537950
572.083100 18.036970 89.687002
571.607500 17.869334 89.833240
571.131800 17.702771 89.993407
570.655900 17.537755 90.157533
570.180100 17.369158 90.325781
569.704000 17.195985 90.498391
569.227800 17.033026 90.669653
568.751600 16.860509 90.839454
568.275300 16.691148 91.013604
567.798800 16.518486 91.185908
567.322200 16.342318 91.371302
566.845500 16.170064 91.557157
566.368700 15.997279 91.743817
565.891800 15.821947 91.942855
565.414900 15.649849 92.146690
564.937700 15.473196 92.350120
564.460500 15.289647 92.558189
563.983200 15.103933 92.771702
563.505700 14.918928 92.989667
563.028200 14.732967 93.211790
562.550500 14.547286 93.439598
562.072800 14.361751 93.678120
561.594800 14.175739 93.916644
561.116900 13.988662 94.159059
560.638800 13.799443 94.405503
560.160600 13.608483 94.659087
559.682300 13.416089 94.918424
559.203900 13.224060 95.182355
558.725300 13.033353 95.460318
558.246700 12.845026 95.743121
557.767900 12.654390 96.035641
557.289100 12.461960 96.332334
556.810200 12.267536 96.645700
556.331100 12.073987 96.963865
555.851900 11.876964 97.290035
555.372600 11.679546 97.624978
554.893200 11.487053 97.968176
554.413700 11.290026 98.322769
553.934100 11.094927 98.684494
553.454300 10.898011 99.067502
552.974500 10.697578 99.460343
552.494600 10.494961 99.868776
552.014500 10.293898 100.295957
551.534400 10.093165 100.739638
551.054100 9.894279 101.199187
550.573700 9.693114 101.669668
550.093300 9.494244 102.160883
549.612700 9.290239 102.667869
549.132000 9.085950 103.204613
548.651100 8.883607 103.764830
548.170200 8.680348 104.342064
547.689100 8.477922 104.952425
547.208000 8.273306 105.600607
546.726700 8.070982 106.275565
546.245400 7.870222 106.973224
545.763900 7.671706 107.707962
545.282300 7.472673 108.483893
544.800700 7.270580 109.299021
544.318800 7.072538 110.161716
543.836900 6.870510 111.080690
543.354900 6.672769 112.038948
542.872800 6.474593 113.067319
542.390500 6.280524 114.166322
541.908200 6.089151 115.315085
541.425700 5.899297 116.539153
540.943100 5.709684 117.839500
540.460400 5.521365 119.226799
539.977700 5.336838 120.710695
539.494800 5.156017 122.303608
539.011800 4.977867 124.023722
538.528600 4.802586 125.850231
538.045400 4.632258 127.801423
537.562100 4.467149 129.918467
537.078600 4.309549 132.192765
536.595000 4.154301 134.643933
536.111400 4.009479 137.287205
535.627600 3.873819 140.140919
535.143700 3.747568 143.171391
534.659700 3.630689 146.390815
534.175600 3.526994 149.821477
533.691300 3.434289 153.427807
533.207000 3.355459 157.264727
532.722600 3.291394 161.232093
532.238000 3.242644 165.311261
531.753400 3.211424 169.626284
531.268600 3.197474 173.961645
530.783700 3.201284 178.400157
530.298700 3.224486 182.738686
529.813600 3.264096 187.019169
529.328400 3.319745 191.199466
528.843000 3.392246 195.161253
528.357600 3.481704 199.068127
527.872000 3.586271 202.683403
527.386400 3.703821 206.134438
526.900600 3.833614 209.385513
526.414700 3.972148 212.393401
525.928700 4.120713 215.213815
525.442600 4.280565 217.851917
524.956400 4.443757 220.243690
524.470000 4.612957 222.451979
523.983600 4.794042 224.571090
523.497100 4.985443 226.564004
523.010400 5.177890 228.393195
522.523600 5.376326 230.127322
522.036700 5.574753 231.721343
521.549700 5.778369 233.215710
521.062600 5.984836 234.617867
520.575400 6.192668 235.918987
520.088100 6.410458 237.159280
519.600600 6.627449 238.329961
519.113100 6.847673 239.424435
518.625400 7.070429 240.460198
518.137700 7.289015 241.411038
517.649800 7.515635 242.341164
517.161800 7.740842 243.216724
516.673700 7.972625 244.057705
516.185500 8.203795 244.848394
515.697100 8.437768 245.606846
515.208700 8.671753 246.319703
514.720200 8.909190 247.010308
514.231400 9.150419 247.679944
513.742700 9.385831 248.292379
513.253800 9.627512 248.903237
512.764800 9.861090 249.463297
512.275700 10.094188 250.013631
511.786400 10.335978 250.552703
511.297100 10.574347 251.065198
510.807600 10.809010 251.561281
510.318100 11.051798 252.031643
509.828400 11.289229 252.487813
509.338600 11.527195 252.926673
508.848800 11.766815 253.351839
508.358700 12.009804 253.769674
507.868600 12.250621 254.169101
507.378400 12.494098 254.563787
506.888000 12.730597 254.924038
506.397600 12.977823 255.281535
505.907000 13.215413 255.629603
505.416300 13.462576 255.978078
504.925500 13.711586 256.316376
504.434600 13.957901 256.634582
503.943600 14.197449 256.947798
503.452500 14.434453 257.241602
502.961200 14.682661 257.541908
502.469800 14.927604 257.830564
501.978400 15.168275 258.120008
501.486800 15.408302 258.404631
500.995100 15.651832 258.680336
500.503300 15.905524 258.946015
500.011400 16.146155 259.207976
499.519300 16.394033 259.468065
499.027200 16.631606 259.715273
498.534900 16.871965 259.958639
498.042600 17.116725 260.199735
497.550100 17.357071 260.427740
497.057500 17.606495 260.658071
496.564800 17.858078 260.894165
496.072000 18.104635 261.108151
495.579000 18.351092 261.330247
495.086000 18.602637 261.542435
494.592800 18.837446 261.744303
494.099500 19.074676 261.945586
493.606200 19.305482 262.140111
493.112700 19.542407 262.334934
492.619000 19.795230 262.532080
492.125300 20.043978 262.725853
491.631500 20.280498 262.913563
491.137500 20.526276 263.104100
490.643500 20.770591 263.288212
490.149300 21.012249 263.473614
489.655000 21.259014 263.655720
489.160600 21.506035 263.837062
488.666100 21.751057 264.007709
488.171400 22.004307 264.175729
487.676700 22.255351 264.341671
487.181800 22.498450 264.505659
486.686900 22.745612 264.667464
486.191800 22.987643 264.831614
485.696600 23.221449 264.987623
485.201300 23.487063 265.142503
484.705800 23.731320 265.297813
484.210300 23.980815 265.447477
483.714600 24.244139 265.596835
483.218900 24.501695 265.746950
482.723000 24.757085 265.899892
482.227000 25.000256 266.042258
481.730900 25.254092 266.182731
481.234600 25.514027 266.322714
480.738300 25.778122 266.466606
480.241900 26.037799 266.607436
479.745300 26.300432 266.746492
479.248600 26.555583 266.885101
478.751800 26.826914 267.022133
478.254900 27.080967 267.156218
477.757900 27.338559 267.288597
477.260800 27.596845 267.418878
476.763500 27.860965 267.552282
476.266200 28.127514 267.679794
475.768700 28.373535 267.808830
475.271100 28.617343 267.938192
474.773400 28.860375 268.065275
474.275600 29.116538 268.198786
473.777600 29.340850 268.329992
473.279600 29.542072 268.452865
472.781400 29.765208 268.578814
472.283100 29.957718 268.708459
471.784800 30.148093 268.838304
471.286300 30.361181 268.960563
470.787600 30.545887 269.084297
470.288900 30.754939 269.213997
469.790000 30.956013 269.337118
469.291100 31.121950 269.468647
468.792000 31.269171 269.587813
468.292800 31.422075 269.706577
467.793500 31.573641 269.830029
467.294100 31.731129 269.957091
466.794500 31.874883 270.083049
466.294900 32.032857 270.213435
465.795100 32.158514 270.339926
465.295200 32.278552 270.471435
464.795200 32.409128 270.598317
464.295100 32.525709 270.728840
463.794900 32.593860 270.854294
463.294600 32.671446 270.984167
462.794100 32.734489 271.107478
462.293500 32.783372 271.222017
461.792800 32.823803 271.351033
461.292100 32.880204 271.477847
460.791100 32.940441 271.604562
460.290100 32.989627 271.719846
459.788900 33.035619 271.844882
459.287700 33.070553 271.964866
458.786300 33.105008 272.086836
458.284800 33.122857 272.205493
457.783200 33.111871 272.330348
457.281500 33.061955 272.455477
456.779600 33.069291 272.579367
456.277700 33.090567 272.710393
455.775600 33.054145 272.839488
455.273400 33.029251 272.961102
454.771100 33.038883 273.079499
454.268700 33.028483 273.193636
453.766200 33.091404 273.305325
453.263500 33.127117 273.417626
452.760800 33.188713 273.526546
452.257900 33.244414 273.635824
451.754900 33.305519 273.742971
451.251800 33.366919 273.849933
450.748500 33.449463 273.955272
450.245200 33.506479 274.059647
449.741700 33.578317 274.164212
449.238200 33.658966 274.265348
448.734500 33.734239 274.367464
448.230700 33.818830 274.467352
447.726700 33.922213 274.566447
447.222700 34.017932 274.664383
446.718600 34.093020 274.762463
446.214300 34.200068 274.858435
445.709900 34.308034 274.953732
445.205400 34.420082 275.047935
444.700800 34.532314 275.141111
444.196000 34.649942 275.233727
443.691200 34.768391 275.325077
443.186200 34.894390 275.415518
442.681200 35.037105 275.504209
442.175900 35.170383 275.593185
441.670600 35.304013 275.680756
441.165200 35.456004 275.767704
440.659600 35.609518 275.853389
440.154000 35.753035 275.939235
439.648200 35.753035 275.939235
439.648200 45.000000 198.473946
999.792500 45.000000 80.690672
