# lams, psi_mean, delta_mean
999.792500 45.000000 223.027777
999.408900 45.000000 223.027777
999.025300 45.000000 223.026466
998.641500 45.000000 223.025433
998.257800 45.000000 223.024830
997.873900 45.000000 223.024712
997.490000 45.000000 223.025366
997.106000 45.000000 223.027091
996.721900 45.000000 223.030315
996.337700 45.000000 223.036034
995.953500 45.000000 223.045686
995.569200 45.000000 223.062223
995.184800 45.000000 223.092929
994.800300 45.000000 223.159547
994.415800 45.000000 223.374563
994.031100 7.796818 116.496738
993.646400 8.003644 106.157924
993.261700 8.247972 91.761171
992.876800 9.564529 80.886059
992.491900 6.061049 31.931152
992.106900 7.348149 73.408916
991.721800 7.835080 67.632134
991.336700 8.215466 53.776145
990.951400 19.338506 53.280586
990.566100 11.554973 63.053474
990.180700 9.528657 50.445018
989.795300 4.923882 79.937359
989.409700 10.014287 83.953429
989.024100 13.380879 93.639938
988.638400 18.893526 100.514498
988.252600 18.940583 76.489265
987.866800 21.713971 68.228461
987.480900 16.451851 71.559937
987.094900 15.558684 74.366138
986.708800 12.246622 72.233426
986.322600 8.606433 85.949376
985.936400 11.431340 75.716488
985.550100 10.759642 70.316266
985.163800 15.669174 69.608910
984.777300 19.501085 68.473984
984.390700 27.137181 60.902255
984.004100 14.438643 58.921081
983.617400 3.573303 52.251041
983.230700 4.816630 235.415357
982.843800 16.534340 233.348515
982.456900 8.371696 205.276740
982.069900 4.341542 140.020305
981.682800 12.741158 88.102812
981.295700 12.705487 75.070676
980.908400 45.000000 73.761204
980.521100 45.000000 60.676310
980.133700 45.000000 85.593923
979.746300 45.000000 101.059783
979.358700 45.000000 108.725452
978.971100 45.000000 184.546898
978.583400 45.000000 194.267176
978.195600 45.000000 203.589557
977.807700 45.000000 207.509856
977.419900 45.000000 213.987057
977.031900 19.904910 181.738478
976.643700 7.208261 140.948077
976.255600 14.671966 140.164439
975.867400 18.523947 88.502646
975.479000 45.000000 78.201161
975.090600 18.097873 91.424102
974.702100 17.559267 88.830305
974.313600 15.702577 92.749184
973.925000 13.984699 91.448634
973.536300 11.562516 90.510614
973.147500 8.010278 95.617840
972.758600 2.768092 127.902938
972.369700 2.605120 149.365549
971.980700 3.796581 128.938355
971.591600 4.419637 107.974700
971.202400 1.671095 117.589180
970.813100 17.507684 111.811175
970.423800 45.000000 307.154607
970.034400 28.363687 25.876385
969.644900 45.000000 340.995417
969.255300 45.000000 354.294333
968.865700 45.000000 356.500977
968.476000 45.000000 354.474843
968.086100 45.000000 353.946717
967.696200 45.000000 354.672757
967.306300 45.000000 354.796828
966.916300 45.000000 354.679013
966.526100 45.000000 338.337787
966.135900 45.000000 197.259815
965.745700 45.000000 324.638335
965.355300 45.000000 339.536120
964.964900 45.000000 131.126608
964.574300 14.456599 5.028343
964.183800 32.701907 109.060390
963.793100 16.689056 332.604809
963.402300 16.821546 306.946979
963.011500 9.427662 341.612705
962.620700 3.350759 44.575286
962.229700 6.885129 111.851919
961.838600 6.585974 60.287137
961.447400 3.698573 288.860897
961.056200 5.710880 271.519157
960.664900 9.270706 269.993393
960.273600 17.154232 269.305363
959.882100 3.943086 282.279085
959.490500 12.409135 85.603947
959.098900 37.838397 88.024930
958.707300 7.150957 94.702005
958.315500 14.039833 96.281001
957.923600 14.478090 99.090324
957.531700 9.550081 102.241836
957.139600 6.165964 99.792070
956.747600 4.521223 96.666958
956.355400 0.387758 251.163452
955.963200 7.674782 140.152581
955.570900 6.034000 47.417164
955.178400 9.216685 6.713718
954.785900 13.568654 358.149798
954.393400 16.382162 6.452352
954.000700 16.875432 9.365741
953.608000 13.798444 27.738129
953.215200 12.903085 51.460986
952.822300 9.999480 48.244818
952.429300 8.099451 55.487175
952.036300 8.947264 87.755573
951.643200 13.423502 39.402120
951.249900 12.206003 40.151993
950.856700 25.843936 72.338173
950.463300 9.417584 0.008874
950.069900 45.000000 287.150837
949.676300 45.000000 277.407153
949.282700 45.000000 89.275847
948.889000 45.000000 269.395172
948.495300 24.168797 266.832734
948.101400 45.000000 285.912545
947.707500 45.000000 286.693629
947.313500 12.176666 131.777697
946.919400 30.865708 112.922653
946.525300 21.335953 148.833428
946.131000 37.594176 340.362773
945.736700 20.625793 149.292417
945.342300 45.000000 149.323300
944.947800 45.000000 150.860655
944.553200 45.000000 150.925018
944.158600 45.000000 152.349221
943.763900 45.000000 153.506182
943.369100 45.000000 153.571755
942.974200 45.000000 154.017104
942.579200 45.000000 160.410501
942.184100 45.000000 326.398517
941.789000 6.276182 274.594770
941.393800 23.609674 357.238068
940.998500 28.717042 338.903559
940.603100 14.670017 349.631251
940.207700 6.381777 359.789933
939.812200 8.591953 116.879593
939.416600 19.311948 134.686722
939.020900 13.284150 120.964416
938.625100 13.744555 116.229939
938.229200 12.982269 142.480985
937.833300 17.897912 98.502624
937.437300 21.310971 77.206360
937.041200 19.125337 39.877062
936.645000 18.080023 39.214913
936.248700 15.102555 32.373539
935.852400 6.250018 331.281793
935.456000 13.930876 22.926209
935.059400 19.185372 23.930562
934.662900 17.653079 52.100410
934.266200 18.608740 61.339164
933.869400 45.000000 22.411888
933.472700 45.000000 158.869325
933.075700 45.000000 139.446547
932.678700 45.000000 137.658468
932.281700 45.000000 142.963725
931.884500 45.000000 149.519707
931.487300 45.000000 174.748067
931.090000 45.000000 210.444609
930.692600 29.239389 72.207453
930.295100 31.797277 83.837216
929.897500 45.000000 121.749662
929.499900 45.000000 164.889927
929.102200 45.000000 75.289514
928.704300 45.000000 85.938303
928.306500 45.000000 264.792679
927.908500 45.000000 269.684664
927.510400 45.000000 272.940002
927.112300 32.513538 277.840373
926.714100 15.150057 290.021851
926.315800 21.760989 268.918029
925.917400 1.478321 116.444171
925.519000 7.010309 273.055381
925.120400 20.471624 275.424278
924.721800 15.067443 278.931530
924.323100 9.343504 290.878649
923.924300 4.112421 34.340274
923.525500 12.506905 77.725017
923.126500 38.226387 106.390217
922.727500 15.172238 75.348606
922.328300 10.885201 29.135479
921.929100 17.421036 24.027963
921.529800 18.999291 6.005417
921.130500 20.816023 9.954273
920.731100 18.683889 354.538083
920.331500 20.610657 15.373548
919.931900 22.235645 42.513026
919.532200 26.433070 67.757689
919.132400 45.000000 92.076646
918.732600 28.218672 70.747465
918.332600 18.489644 73.927300
917.932600 17.038125 61.200526
917.532500 22.626300 329.406251
917.132300 45.000000 337.630440
916.732100 45.000000 111.710364
916.331700 33.883425 180.327854
915.931300 45.000000 224.575875
915.530800 45.000000 60.858039
915.130200 7.396113 59.076783
914.729500 3.145260 108.507156
914.328700 6.560632 99.923034
913.927900 2.989924 71.887960
913.527000 2.771688 42.611495
913.125900 7.858440 45.967220
912.724900 9.282924 47.083043
912.323700 8.652572 52.317491
911.922400 8.338837 46.962188
911.521100 13.164346 76.721903
911.119600 45.000000 352.941366
910.718100 45.000000 202.423983
910.316500 45.000000 164.229032
909.914900 45.000000 146.920785
909.513100 45.000000 159.663114
909.111300 45.000000 166.646875
908.709300 45.000000 168.901619
908.307300 45.000000 171.677253
907.905200 45.000000 166.333243
907.503100 45.000000 158.737506
907.100800 45.000000 152.732839
906.698400 45.000000 134.725951
906.296000 45.000000 111.272465
905.893500 45.000000 110.306857
905.490900 45.000000 110.271502
905.088300 45.000000 99.722415
904.685500 20.431648 67.027749
904.282600 23.894182 9.550030
903.879700 29.623057 191.998630
903.476700 8.188657 93.058321
903.073600 5.823063 91.889705
902.670400 5.770532 94.524707
902.267200 4.160392 95.255963
901.863800 0.384552 223.520884
901.460400 2.902527 109.835333
901.056900 10.208489 277.443564
900.653300 45.000000 224.886296
900.249600 17.913507 47.820029
899.845800 45.000000 44.105983
899.442000 45.000000 30.794120
899.038000 45.000000 29.044503
898.634000 45.000000 27.519466
898.229900 45.000000 192.323230
897.825700 45.000000 32.963274
897.421400 45.000000 55.894080
897.017100 45.000000 85.062754
896.612700 45.000000 130.965877
896.208100 45.000000 94.307442
895.803500 45.000000 91.087715
895.398900 45.000000 87.917190
894.994100 36.462202 85.011056
894.589200 12.042868 72.884644
894.184300 11.113911 294.767524
893.779200 3.630262 43.893959
893.374100 4.464691 20.904558
892.968900 7.720626 347.086838
892.563700 6.424092 321.167026
892.158300 6.589369 265.071624
891.752800 2.905248 16.048011
891.347300 4.762939 58.648720
890.941700 7.867865 74.594670
890.535900 8.280930 80.816465
890.130200 6.781033 87.206980
889.724300 4.965717 165.611922
889.318400 3.657500 36.580997
888.912300 9.341445 24.445879
888.506200 9.508496 40.865189
888.100000 14.762767 59.528875
887.693700 18.111454 62.068503
887.287300 18.005928 62.941463
886.880800 18.371372 66.465626
886.474300 12.538674 68.895877
886.067600 10.133555 81.043282
885.660900 7.874033 108.610076
885.254100 10.444425 80.637713
884.847200 9.899295 80.955468
884.440200 9.538153 79.742298
884.033200 14.394395 80.025676
883.626000 14.296217 78.159663
883.218800 15.968959 77.603512
882.811500 13.613769 31.674010
882.404100 6.915412 124.153839
881.996600 45.000000 174.905917
881.589000 45.000000 186.023421
881.181300 45.000000 16.553885
880.773600 45.000000 339.297976
880.365800 45.000000 330.206987
879.957900 45.000000 316.502955
879.549900 45.000000 137.070449
879.141800 45.000000 127.043322
878.733600 25.688625 121.134260
878.325300 21.804296 135.139017
877.917000 13.814623 128.344910
877.508500 10.229997 119.099977
877.100000 10.007707 101.846154
876.691500 11.159751 84.715103
876.282800 14.962857 76.032652
875.874000 25.557291 63.781906
875.465100 17.617577 79.694650
875.056200 21.471764 86.728113
874.647200 27.983319 130.832518
874.238000 25.964541 302.063706
873.828900 13.046182 97.075626
873.419600 11.888285 99.778817
873.010200 14.208527 99.059129
872.600700 13.691093 99.886814
872.191200 18.005569 87.654666
871.781600 13.849437 87.093440
871.371800 12.149995 80.070497
870.962000 4.881107 100.525277
870.552100 2.417615 184.477254
870.142200 2.754493 191.652489
869.732100 4.297278 114.899925
869.321900 8.184189 94.610671
868.911700 12.654220 86.633513
868.501300 16.768686 82.375843
868.090900 21.312857 80.030265
867.680500 20.299044 80.979159
867.269900 17.184040 80.777456
866.859200 16.362571 80.063402
866.448500 15.218888 78.339172
866.037600 17.155035 74.832843
865.626700 17.670434 78.184344
865.215700 16.224732 80.322450
864.804600 16.739455 82.404533
864.393400 16.165255 84.262650
863.982100 18.229836 88.168751
863.570700 16.552040 86.652985
863.159300 11.739226 87.366332
862.747700 13.758735 82.390196
862.336100 14.124328 77.926690
861.924400 14.747302 74.477363
861.512600 15.140359 77.620651
861.100800 11.092003 79.073074
860.688800 9.764855 80.423186
860.276700 10.598793 80.490701
859.864600 11.596804 83.685513
859.452300 10.546339 77.777367
859.040000 11.409786 76.159512
858.627600 12.433349 75.174695
858.215100 13.895619 76.953803
857.802600 17.050552 79.861268
857.389900 19.311272 81.520175
856.977100 17.951853 81.250223
856.564300 17.319454 81.298339
856.151400 17.919076 81.597817
855.738300 16.780131 82.081992
855.325300 17.865012 82.173264
854.912000 18.823488 81.221792
854.498800 17.836473 80.214521
854.085400 18.290275 80.645261
853.671900 19.595059 80.165459
853.258400 19.486397 79.746404
852.844800 19.008847 79.275348
852.431100 17.505898 78.886959
852.017300 18.730844 78.727262
851.603400 17.333412 78.572065
851.189400 18.006517 78.393465
850.775300 20.007126 78.499929
850.361200 18.186783 77.982369
849.947000 18.895812 78.357253
849.532600 20.515606 79.043302
849.118200 21.434119 79.112957
848.703700 21.634872 78.967664
848.289100 21.613796 79.049258
847.874400 21.018583 78.778055
847.459700 21.362434 78.443135
847.044800 21.245838 78.288108
846.629800 21.307031 78.229571
846.214800 21.533666 77.772645
845.799700 21.717428 77.363839
845.384500 22.006828 77.405275
844.969200 21.977781 77.291705
844.553800 22.345211 77.103880
844.138300 22.434613 77.092025
843.722700 22.566803 77.193644
843.307100 22.736184 76.991508
842.891400 23.347503 77.144852
842.475500 23.532192 77.312599
842.059600 23.675054 77.620691
841.643600 23.996193 77.631606
841.227500 24.245199 77.649094
840.811300 24.153315 77.597862
840.395100 24.372462 77.706678
839.978700 24.227989 77.706150
839.562300 24.365672 77.785469
839.145700 24.255504 77.698234
838.729100 24.151953 77.542326
838.312400 24.310562 77.567763
837.895600 24.408673 77.441163
837.478700 24.631909 77.289333
837.061700 24.747021 77.108424
836.644700 25.104456 77.042233
836.227500 25.162305 76.892172
835.810200 25.329700 76.767370
835.392900 25.382224 76.727529
834.975500 25.441138 76.645943
834.557900 25.656122 76.625207
834.140300 25.530248 76.613315
833.722700 25.638908 76.573097
833.304900 25.696570 76.478752
832.887000 25.840591 76.390440
832.469100 25.684141 76.376641
832.051000 25.858636 76.329741
831.632900 25.968240 76.327406
831.214600 25.952297 76.224148
830.796300 26.176247 76.181384
830.377900 26.372530 76.117510
829.959400 26.461021 76.123014
829.540800 26.639289 76.054485
829.122100 26.588704 76.035452
828.703400 26.667389 76.001581
828.284500 26.608517 76.004241
827.865600 26.782734 75.941878
827.446500 26.822552 75.930167
827.027500 26.900540 75.904174
826.608200 27.004579 75.884295
826.188900 27.121917 75.855077
825.769500 27.154528 75.851858
825.350000 27.175207 75.862974
824.930500 27.218339 75.889903
824.510800 27.332107 75.855247
824.091100 27.442458 75.823434
823.671300 27.534698 75.789738
823.251300 27.612602 75.804955
822.831300 27.664024 75.811235
822.411200 27.841229 75.832128
821.991000 27.908934 75.886094
821.570700 27.912155 75.881005
821.150300 27.996233 75.888936
820.729900 28.216255 75.887374
820.309300 28.327353 75.911745
819.888600 28.270852 75.910733
819.467900 28.355318 75.899532
819.047100 28.498221 75.915814
818.626200 28.617110 75.909607
818.205100 28.687957 75.891269
817.784100 28.800433 75.884812
817.362900 28.857602 75.907431
816.941600 29.000109 75.945349
816.520200 29.152949 75.935883
816.098800 29.306313 75.950680
815.677200 29.466444 75.910923
815.255600 29.469755 75.926175
814.833800 29.588936 75.953238
814.412000 29.728462 75.936542
813.990100 29.867625 75.981723
813.568100 29.904210 76.008076
813.146000 29.949855 75.982603
812.723800 29.992726 75.998849
812.301500 30.240712 75.961734
811.879200 30.218186 76.016904
811.456700 30.289651 76.021881
811.034100 30.282389 76.018486
810.611500 30.399040 76.093448
810.188800 30.463358 76.072245
809.765900 30.533380 76.035049
809.343000 30.558855 76.021366
808.920000 30.633424 75.958263
808.496900 30.685657 75.916472
808.073700 30.647193 75.899855
807.650500 30.704714 75.915856
807.227100 30.732757 75.921945
806.803600 30.812089 75.872994
806.380100 30.853495 75.857388
805.956400 30.871604 75.823611
805.532700 30.897918 75.795875
805.108900 30.917587 75.747124
804.685000 31.000848 75.743788
804.261000 31.022271 75.731499
803.836900 31.090836 75.710948
803.412700 31.140469 75.705998
802.988400 31.171403 75.710485
802.564000 31.262085 75.711478
802.139600 31.259500 75.705461
801.715000 31.268221 75.733536
801.290300 31.301209 75.707169
800.865700 31.282953 75.730988
800.440800 31.240809 75.725169
800.015900 31.266579 75.742874
799.590900 31.281126 75.710521
799.165800 31.356591 75.715765
798.740600 31.464758 75.690235
798.315300 31.516063 75.697605
797.889900 31.633839 75.668388
797.464400 31.704784 75.683933
797.038900 31.842857 75.658041
796.613200 31.937103 75.640479
796.187500 31.903842 75.632551
795.761700 31.959362 75.615331
795.335700 31.969429 75.590640
794.909700 32.038720 75.566770
794.483600 32.035318 75.526005
794.057400 32.089012 75.548427
793.631000 32.218502 75.535466
793.204700 32.270972 75.498131
792.778200 32.297583 75.495722
792.351600 32.358199 75.506641
791.924900 32.390716 75.513696
791.498200 32.458622 75.500541
791.071400 32.515372 75.503575
790.644400 32.576956 75.511181
790.217300 32.551913 75.516053
789.790200 32.606988 75.497063
789.363000 32.648406 75.493906
788.935700 32.682090 75.512761
788.508300 32.719617 75.509924
788.080700 32.776665 75.539391
787.653200 32.872543 75.540338
787.225500 32.852801 75.557385
786.797700 32.864065 75.523005
786.369900 32.980980 75.532129
785.941900 33.030506 75.550403
785.513900 33.066517 75.550430
785.085700 33.126057 75.545647
784.657500 33.170573 75.521050
784.229100 33.176735 75.536010
783.800700 33.195348 75.535474
783.372200 33.230251 75.537521
782.943500 33.247178 75.519597
782.514800 33.351611 75.527459
782.086100 33.386747 75.561008
781.657200 33.412104 75.580762
781.228200 33.446860 75.590328
780.799100 33.478393 75.617585
780.369900 33.527995 75.629660
779.940700 33.500268 75.640342
779.511300 33.501776 75.654590
779.081800 33.525137 75.648308
778.652300 33.611820 75.629368
778.222700 33.679315 75.620764
777.793000 33.695084 75.638656
777.363200 33.764718 75.652167
776.933200 33.771976 75.645383
776.503200 33.800839 75.641458
776.073100 33.834669 75.652631
775.642900 33.870156 75.632168
775.212600 33.844602 75.635752
774.782200 33.848688 75.635971
774.351700 33.895091 75.674864
773.921200 33.977327 75.680449
773.490500 34.035429 75.699007
773.059800 34.105693 75.715280
772.628900 34.156152 75.716402
772.198000 34.209225 75.706770
771.766900 34.233664 75.709994
771.335800 34.243648 75.719837
770.904600 34.289148 75.732330
770.473300 34.348230 75.741963
770.041900 34.393556 75.761279
769.610400 34.465326 75.781480
769.178700 34.517085 75.806112
768.747100 34.489342 75.828582
768.315200 34.585259 75.848777
767.883400 34.666539 75.842613
767.451400 34.712026 75.827051
767.019300 34.725058 75.834989
766.587200 34.776990 75.831122
766.154900 34.798638 75.827205
765.722500 34.820280 75.865090
765.290100 34.843496 75.885173
764.857500 34.904608 75.913712
764.424900 34.999915 75.920723
763.992200 35.104641 75.940767
763.559300 35.162537 75.938619
763.126400 35.164593 75.964494
762.693400 35.262280 75.955748
762.260300 35.246314 75.966705
761.827100 35.307816 75.980059
761.393800 35.273892 75.984733
760.960400 35.290453 75.973039
760.526900 35.380727 75.990102
760.093300 35.461183 75.993213
759.659700 35.541577 75.988288
759.225900 35.538315 76.013116
758.792100 35.608809 76.037782
758.358100 35.644682 76.029290
757.924000 35.610542 76.041401
757.489900 35.638959 76.054923
757.055600 35.634757 76.075617
756.621300 35.690781 76.087909
756.186800 35.712976 76.078739
755.752300 35.742349 76.108107
755.317700 35.808058 76.123714
754.883000 35.776622 76.143841
754.448200 35.772483 76.165141
754.013200 35.820777 76.196263
753.578200 35.902232 76.207406
753.143100 35.955179 76.216956
752.707900 35.982946 76.245179
752.272600 36.001877 76.262457
751.837300 35.975618 76.282472
751.401800 36.025159 76.264083
750.966200 36.057291 76.280523
750.530600 36.038836 76.298066
750.094800 36.044139 76.293324
749.658900 36.089288 76.310333
749.223000 36.090193 76.325753
748.786900 36.100536 76.345123
748.350800 36.188844 76.351600
747.914600 36.258067 76.381803
747.478200 36.266491 76.415224
747.041700 36.302048 76.432766
746.605200 36.314145 76.438916
746.168600 36.377234 76.435438
745.731900 36.434034 76.433840
745.295000 36.509316 76.447652
744.858200 36.534041 76.443893
744.421100 36.567703 76.468940
743.984100 36.685063 76.490847
743.546800 36.706231 76.492036
743.109600 36.738440 76.513844
742.672200 36.760099 76.550918
742.234700 36.760847 76.574777
741.797100 36.767242 76.576089
741.359400 36.766795 76.591791
740.921600 36.806465 76.623355
740.483800 36.819632 76.645039
740.045800 36.830321 76.684163
739.607700 36.861846 76.718581
739.169600 36.923081 76.733931
738.731300 36.968240 76.761927
738.293000 36.968104 76.773546
737.854500 36.987207 76.790212
737.416000 37.042895 76.808299
736.977300 37.004460 76.830694
736.538600 36.997010 76.850711
736.099700 36.994581 76.878542
735.660800 37.023266 76.905214
735.221800 37.044059 76.929587
734.782700 36.990720 76.973288
734.343400 37.020905 76.986668
733.904100 37.046061 76.997732
733.464700 37.032028 77.023605
733.025200 37.015605 77.057318
732.585600 37.112680 77.060020
732.145900 37.099657 77.085006
731.706100 37.022359 77.107117
731.266200 37.047427 77.138097
730.826200 37.040568 77.163278
730.386100 36.974708 77.206445
729.945900 36.961198 77.225467
729.505700 36.897944 77.244898
729.065300 36.917305 77.244791
728.624800 36.898889 77.271326
728.184300 36.885405 77.301569
727.743600 36.874807 77.326278
727.302800 36.844125 77.359775
726.861900 36.870226 77.363602
726.421000 36.845294 77.389497
725.979900 36.858907 77.410442
725.538800 36.819613 77.413052
725.097500 36.819205 77.415038
724.656100 36.815393 77.433301
724.214700 36.765833 77.456374
723.773200 36.746634 77.479964
723.331500 36.712892 77.509599
722.889800 36.719508 77.513941
722.447900 36.706066 77.532579
722.006000 36.689390 77.548955
721.564000 36.715344 77.543595
721.121800 36.721531 77.562976
720.679600 36.715787 77.585891
720.237300 36.697766 77.599445
719.794900 36.666756 77.632722
719.352400 36.682507 77.645603
718.909700 36.662892 77.660992
718.467000 36.651828 77.675461
718.024200 36.696376 77.672102
717.581300 36.675903 77.680447
717.138300 36.656750 77.689983
716.695200 36.653219 77.701562
716.252000 36.658609 77.709204
715.808700 36.667060 77.699085
715.365300 36.674445 77.701273
714.921800 36.664765 77.726942
714.478200 36.670451 77.733803
714.034500 36.691281 77.728147
713.590700 36.718690 77.740263
713.146900 36.674910 77.740299
712.702800 36.658234 77.745883
712.258800 36.695540 77.749299
711.814600 36.707729 77.754343
711.370300 36.721272 77.753850
710.925900 36.755591 77.746447
710.481400 36.765750 77.756312
710.036900 36.797922 77.768375
709.592200 36.829783 77.776913
709.147400 36.861226 77.790670
708.702600 36.867780 77.803100
708.257600 36.880368 77.818118
707.812500 36.901128 77.834763
707.367400 36.893783 77.838522
706.922100 36.911987 77.848937
706.476700 36.917443 77.851246
706.031300 36.924404 77.844792
705.585700 36.941549 77.854453
705.140100 36.981993 77.868005
704.694300 37.009331 77.882959
704.248400 37.016863 77.895059
703.802500 37.030693 77.909349
703.356400 37.058988 77.903260
702.910300 37.089683 77.915724
702.464100 37.115043 77.916969
702.017700 37.159072 77.928159
701.571200 37.197815 77.937665
701.124700 37.241889 77.951827
700.678000 37.254245 77.969096
700.231300 37.303701 77.984436
699.784400 37.336217 77.997551
699.337500 37.360319 78.011690
698.890400 37.390193 78.019802
698.443300 37.405478 78.033095
697.996100 37.468951 78.028640
697.548800 37.465438 78.041381
697.101300 37.471152 78.050725
696.653700 37.479007 78.065162
696.206100 37.509240 78.075459
695.758400 37.507626 78.094877
695.310500 37.503097 78.104468
694.862600 37.524322 78.116758
694.414600 37.521221 78.131358
693.966400 37.532849 78.147003
693.518200 37.614229 78.155857
693.069900 37.647654 78.176894
692.621500 37.683645 78.200600
692.172900 37.692672 78.220536
691.724300 37.706299 78.237740
691.275600 37.721416 78.252276
690.826700 37.722102 78.271899
690.377800 37.759338 78.285773
689.928800 37.772712 78.305936
689.479700 37.780506 78.318649
689.030400 37.760112 78.336414
688.581100 37.770514 78.357258
688.131700 37.776521 78.377428
687.682100 37.791308 78.401138
687.232500 37.796078 78.413719
686.782800 37.790617 78.435285
686.332900 37.802252 78.457238
685.883000 37.807656 78.480140
685.433000 37.810744 78.502998
684.982800 37.811830 78.523029
684.532700 37.785639 78.549676
684.082300 37.764298 78.573207
683.631900 37.757926 78.595483
683.181300 37.740137 78.618179
682.730700 37.752447 78.629523
682.280000 37.708617 78.653533
681.829200 37.674461 78.675124
681.378200 37.639591 78.693011
680.927200 37.604822 78.716139
680.476100 37.559933 78.734365
680.024800 37.516633 78.757180
679.573500 37.495906 78.779568
679.122100 37.433321 78.803134
678.670500 37.385160 78.830242
678.218900 37.357464 78.856722
677.767200 37.330669 78.871795
677.315400 37.286978 78.896544
676.863400 37.265697 78.920488
676.411400 37.188528 78.944813
675.959200 37.151534 78.968249
675.507000 37.122653 78.991562
675.054700 37.062379 79.025777
674.602200 37.000660 79.052129
674.149700 36.941088 79.076675
673.697100 36.870614 79.104029
673.244300 36.843082 79.133962
672.791500 36.784569 79.160002
672.338600 36.715506 79.186248
671.885500 36.650655 79.211729
671.432400 36.596500 79.239024
670.979100 36.547202 79.265854
670.525800 36.483784 79.287789
670.072300 36.435634 79.313105
669.618800 36.367121 79.342750
669.165100 36.301077 79.371443
668.711400 36.253712 79.403139
668.257500 36.208722 79.437561
667.803500 36.166021 79.466141
667.349500 36.098132 79.491319
666.895300 36.044454 79.519400
666.441100 35.986833 79.545980
665.986800 35.939967 79.578954
665.532300 35.898765 79.604847
665.077700 35.847742 79.633438
664.623000 35.783665 79.656963
664.168300 35.726792 79.687081
663.713400 35.664087 79.717711
663.258400 35.609388 79.744808
662.803400 35.541812 79.775437
662.348200 35.492452 79.805442
661.892900 35.432067 79.834489
661.437600 35.363338 79.862076
660.982100 35.304812 79.894014
660.526500 35.243120 79.926172
660.070800 35.185645 79.959272
659.615100 35.142250 79.991480
659.159200 35.088245 80.025855
658.703200 35.031915 80.057055
658.247100 34.978361 80.086341
657.790900 34.915128 80.119760
657.334600 34.860430 80.155517
656.878200 34.816822 80.196430
656.421800 34.761308 80.231074
655.965100 34.697845 80.266980
655.508400 34.633079 80.298374
655.051600 34.558803 80.330400
654.594700 34.501018 80.366024
654.137700 34.456814 80.403847
653.680600 34.396187 80.440582
653.223400 34.331913 80.472486
652.766100 34.262964 80.509606
652.308700 34.197107 80.546728
651.851100 34.132683 80.589055
651.393600 34.092707 80.627131
650.935800 34.034818 80.667448
650.478000 33.982774 80.707309
650.020100 33.926036 80.746362
649.562000 33.864274 80.787905
649.103900 33.789063 80.827474
648.645700 33.719919 80.860540
648.187300 33.653357 80.899413
647.728900 33.594981 80.930174
647.270300 33.532115 80.970632
646.811700 33.468039 81.002337
646.353000 33.391053 81.042196
645.894100 33.320549 81.081482
645.435100 33.254048 81.119862
644.976100 33.195859 81.162561
644.516900 33.125599 81.192461
644.057700 33.068050 81.223051
643.598300 33.012781 81.261370
643.138900 32.952377 81.303672
642.679300 32.888413 81.345311
642.219600 32.818021 81.379955
641.759800 32.753936 81.421218
641.299900 32.692793 81.458037
640.840000 32.629466 81.496072
640.379900 32.569030 81.535389
639.919700 32.514259 81.571263
639.459400 32.452942 81.615642
638.999000 32.367169 81.653484
638.538500 32.305433 81.693834
638.077900 32.221413 81.735622
637.617200 32.147122 81.775593
637.156400 32.083323 81.819424
636.695400 32.013960 81.862958
636.234400 31.954024 81.898619
635.773300 31.871797 81.941094
635.312100 31.788344 81.982154
634.850800 31.729290 82.022153
634.389300 31.653942 82.065524
633.927800 31.613210 82.107534
633.466200 31.555216 82.152144
633.004400 31.489400 82.197013
632.542500 31.408109 82.244977
632.080600 31.331997 82.295691
631.618600 31.230186 82.347014
631.156400 31.141097 82.405214
630.694200 31.022025 82.443177
630.231800 30.945340 82.483008
629.769300 30.846269 82.531547
629.306800 30.798079 82.576184
628.844100 30.693655 82.626107
628.381300 30.630158 82.677948
627.918400 30.566796 82.726155
627.455400 30.514160 82.792668
626.992300 30.438032 82.836396
626.529100 30.312575 82.887407
626.065800 30.238483 82.945302
625.602400 30.141607 83.002117
625.138900 30.037672 83.088044
624.675300 29.867597 83.151861
624.211500 29.748535 83.230620
623.747700 29.657269 83.304564
623.283800 29.663991 83.383746
622.819800 29.654251 83.449029
622.355700 29.674141 83.447939
621.891400 29.626916 83.449547
621.427100 29.574388 83.439441
620.962600 29.462407 83.410950
620.498000 29.279689 83.392037
620.033400 29.140327 83.374871
619.568700 28.970183 83.343654
619.103800 28.804317 83.335829
618.638800 28.646137 83.332304
618.173700 28.494108 83.328337
617.708600 28.282419 83.317251
617.243300 28.087223 83.314070
616.777900 27.923257 83.318774
616.312400 27.743726 83.335023
615.846800 27.561393 83.356085
615.381000 27.373339 83.365762
614.915300 27.163955 83.383284
614.449300 26.972240 83.404561
613.983300 26.776086 83.436942
613.517200 26.594669 83.466344
613.051000 26.407970 83.499912
612.584700 26.214165 83.540782
612.118200 26.026095 83.584733
611.651700 25.834430 83.630179
611.185000 25.656254 83.680181
610.718300 25.474929 83.734819
610.251400 25.294471 83.787182
609.784400 25.113514 83.846244
609.317300 24.937160 83.916552
608.850200 24.771107 83.988445
608.382900 24.595909 84.071374
607.915500 24.435537 84.150971
607.448000 24.273003 84.237428
606.980400 24.118756 84.327827
606.512700 23.964932 84.419252
606.044900 23.815843 84.521570
605.577000 23.662396 84.631768
605.108900 23.514035 84.740088
604.640800 23.367032 84.843469
604.172600 23.229485 84.958282
603.704200 23.097917 85.082436
603.235800 22.963571 85.206843
602.767300 22.831175 85.337389
602.298600 22.701420 85.470215
601.829800 22.562480 85.604871
601.361000 22.431203 85.749725
600.892000 22.301470 85.893300
600.422900 22.178005 86.041441
599.953700 22.057989 86.192641
599.484400 21.945362 86.347145
599.015000 21.835295 86.513692
598.545500 21.714305 86.670703
598.075900 21.598732 86.828837
597.606200 21.478116 87.001722
597.136400 21.380471 87.170662
596.666400 21.282957 87.341656
596.196400 21.173101 87.524327
595.726300 21.078090 87.700394
595.256000 20.969548 87.888888
594.785700 20.861429 88.076947
594.315200 20.754126 88.262864
593.844700 20.656025 88.445386
593.374000 20.554270 88.631426
592.903200 20.476753 88.802912
592.432300 20.396619 88.974757
591.961300 20.334702 89.159471
591.490200 20.247624 89.351195
591.019000 20.173988 89.533023
590.547700 20.072121 89.725094
590.076300 20.006483 89.901085
589.604800 19.915826 90.084679
589.133100 19.820696 90.270623
588.661400 19.714982 90.430007
588.189600 19.623020 90.603774
587.717600 19.563511 90.756954
587.245500 19.471341 90.910085
586.773400 19.389894 91.051760
586.301100 19.301106 91.138197
585.828700 19.266431 91.215054
585.356300 19.196526 91.270775
584.883700 19.108468 91.319272
584.410900 18.945063 91.371226
583.938200 18.779818 91.405936
583.465200 18.576736 91.542109
582.992200 18.392924 91.663794
582.519100 18.198702 91.798848
582.045800 18.024282 91.949925
581.572500 17.892678 92.075741
581.099100 17.724039 92.227658
580.625500 17.578698 92.398702
580.151900 17.422932 92.553583
579.678000 17.252355 92.711012
579.204200 17.071804 92.887095
578.730200 16.927552 93.060482
578.256100 16.769826 93.247553
577.781900 16.589156 93.440709
577.307600 16.413579 93.622682
576.833200 16.235766 93.805580
576.358600 16.062478 94.013585
575.884000 15.900404 94.213718
575.409300 15.727783 94.427365
574.934400 15.558258 94.630565
574.459500 15.375980 94.856636
573.984400 15.196468 95.080209
573.509200 15.020406 95.299740
573.033900 14.840306 95.534166
572.558600 14.663307 95.776941
572.083100 14.486610 96.019386
571.607500 14.310611 96.264549
571.131800 14.134478 96.531947
570.655900 13.959057 96.802322
570.180100 13.778562 97.081851
569.704000 13.594694 97.368265
569.227800 13.419810 97.655945
568.751600 13.238505 97.950418
568.275300 13.059358 98.253053
567.798800 12.877390 98.560062
567.322200 12.692063 98.879889
566.845500 12.508327 99.207207
566.368700 12.327555 99.542180
565.891800 12.143136 99.898527
565.414900 11.960774 100.263856
564.937700 11.774591 100.632311
564.460500 11.586058 101.016471
563.983200 11.393483 101.418535
563.505700 11.203333 101.831319
563.028200 11.010518 102.252287
562.550500 10.819452 102.691045
562.072800 10.627392 103.152253
561.594800 10.436220 103.619559
561.116900 10.245024 104.107966
560.638800 10.051928 104.615731
560.160600 9.858170 105.136104
559.682300 9.662131 105.673236
559.203900 9.468278 106.226636
558.725300 9.276119 106.814234
558.246700 9.087425 107.421270
557.767900 8.894993 108.061738
557.289100 8.702267 108.725501
556.810200 8.510205 109.423314
556.331100 8.319690 110.156279
555.851900 8.126457 110.928551
555.372600 7.934176 111.725013
554.893200 7.745777 112.554961
554.413700 7.555661 113.430037
553.934100 7.368390 114.350129
553.454300 7.183197 115.322964
552.974500 6.995466 116.350964
552.494600 6.809578 117.432377
552.014500 6.624447 118.576075
551.534400 6.442007 119.785889
551.054100 6.264223 121.058278
550.573700 6.087257 122.393400
550.093300 5.913479 123.807918
549.612700 5.742028 125.322792
549.132000 5.573555 126.924034
548.651100 5.409175 128.630092
548.170200 5.249023 130.448717
547.689100 5.093337 132.377639
547.208000 4.942543 134.434385
546.726700 4.800536 136.606654
546.245400 4.662416 138.899454
545.763900 4.534373 141.318808
545.282300 4.413627 143.882588
544.800700 4.300401 146.606397
544.318800 4.197876 149.479741
543.836900 4.104025 152.502828
543.354900 4.021996 155.634662
542.872800 3.950423 158.888771
542.390500 3.893843 162.247005
541.908200 3.851314 165.684859
541.425700 3.824393 169.208990
540.943100 3.807983 172.762556
540.460400 3.805914 176.356931
539.977700 3.819471 179.949714
539.494800 3.847816 183.529272
539.011800 3.890760 187.058007
538.528600 3.944613 190.484433
538.045400 4.012180 193.807947
537.562100 4.094356 197.046142
537.078600 4.187735 200.147219
536.595000 4.292126 203.128531
536.111400 4.410869 205.971351
535.627600 4.538792 208.671421
535.143700 4.671547 211.205659
534.659700 4.813732 213.609619
534.175600 4.967253 215.881278
533.691300 5.126192 218.008906
533.207000 5.291394 220.015544
532.722600 5.458479 221.911581
532.238000 5.632308 223.680800
531.753400 5.816052 225.390490
531.268600 6.001531 226.997895
530.783700 6.197014 228.525115
530.298700 6.391490 229.943330
529.813600 6.593235 231.305674
529.328400 6.797377 232.589442
528.843000 6.999317 233.777529
528.357600 7.211045 234.947610
527.872000 7.422371 236.026681
527.386400 7.635918 237.060667
526.900600 7.852170 238.037024
526.414700 8.067827 238.975665
525.928700 8.285834 239.867824
525.442600 8.507169 240.713178
524.956400 8.723954 241.498683
524.470000 8.940093 242.259798
523.983600 9.166301 243.006438
523.497100 9.399069 243.724395
523.010400 9.627397 244.397192
522.523600 9.858345 245.062791
522.036700 10.087345 245.688678
521.549700 10.315180 246.299049
521.062600 10.542282 246.885828
520.575400 10.770617 247.443714
520.088100 11.007452 247.987983
519.600600 11.242325 248.510182
519.113100 11.481198 249.017143
518.625400 11.718997 249.505211
518.137700 11.946852 249.970727
517.649800 12.182101 250.425401
517.161800 12.417352 250.865173
516.673700 12.657415 251.303041
516.185500 12.897184 251.720084
515.697100 13.137438 252.128111
515.208700 13.375455 252.528224
514.720200 13.617242 252.917368
514.231400 13.862439 253.292420
513.742700 14.098156 253.651565
513.253800 14.340377 254.006993
512.764800 14.574311 254.344372
512.275700 14.809364 254.678316
511.786400 15.049911 255.003134
511.297100 15.287741 255.319387
510.807600 15.522867 255.626939
510.318100 15.766494 255.924255
509.828400 16.000873 256.207011
509.338600 16.236711 256.498400
508.848800 16.472721 256.779408
508.358700 16.713327 257.058551
507.868600 16.950506 257.335593
507.378400 17.185210 257.602447
506.888000 17.410566 257.848922
506.397600 17.648436 258.099068
505.907000 17.877512 258.336998
505.416300 18.116521 258.580503
504.925500 18.356133 258.817196
504.434600 18.593558 259.045587
503.943600 18.823878 259.273857
503.452500 19.054294 259.493455
502.961200 19.291218 259.715396
502.469800 19.529618 259.921491
501.978400 19.756443 260.129268
501.486800 19.984580 260.343437
500.995100 20.215778 260.552831
500.503300 20.461832 260.752796
500.011400 20.692782 260.948438
499.519300 20.927331 261.142831
499.027200 21.148983 261.334144
498.534900 21.377619 261.524155
498.042600 21.617475 261.709534
497.550100 21.849462 261.890305
497.057500 22.093652 262.075354
496.564800 22.338919 262.257649
496.072000 22.576360 262.430029
495.579000 22.807398 262.607616
495.086000 23.046279 262.772562
494.592800 23.272348 262.928927
494.099500 23.498033 263.088969
493.606200 23.717763 263.244640
493.112700 23.941377 263.405758
492.619000 24.187053 263.568334
492.125300 24.431260 263.726626
491.631500 24.657973 263.881894
491.137500 24.892828 264.037585
490.643500 25.131619 264.185613
490.149300 25.364986 264.342184
489.655000 25.604754 264.489627
489.160600 25.841917 264.639426
488.666100 26.082825 264.783765
488.171400 26.332561 264.924374
487.676700 26.578965 265.063958
487.181800 26.814358 265.202380
486.686900 27.058854 265.336076
486.191800 27.294577 265.474067
485.696600 27.523588 265.604494
485.201300 27.785289 265.735818
484.705800 28.024971 265.869454
484.210300 28.273981 265.998243
483.714600 28.545088 266.124215
483.218900 28.803225 266.253103
482.723000 29.060198 266.384846
482.227000 29.306742 266.509785
481.730900 29.568730 266.630665
481.234600 29.828394 266.753771
480.738300 30.099212 266.877318
480.241900 30.369018 266.997867
479.745300 30.645133 267.119837
479.248600 30.913046 267.240908
478.751800 31.191188 267.363818
478.254900 31.445197 267.481565
477.757900 31.710762 267.598098
477.260800 31.983103 267.708286
476.763500 32.270395 267.828790
476.266200 32.549100 267.943634
475.768700 32.814628 268.055580
475.271100 33.071327 268.172225
474.773400 33.321805 268.287635
474.275600 33.597740 268.400357
473.777600 33.822739 268.512789
473.279600 34.029933 268.622409
472.781400 34.267257 268.731224
472.283100 34.466665 268.845406
471.784800 34.660335 268.957613
471.286300 34.884672 269.065493
470.787600 35.075473 269.176811
470.288900 35.291889 269.292438
469.790000 35.492865 269.406086
469.291100 35.654399 269.522963
468.792000 35.787297 269.634628
468.292800 35.927016 269.743748
467.793500 36.070400 269.855328
467.294100 36.208480 269.970148
466.794500 36.336543 270.083227
466.294900 36.488992 270.197339
465.795100 36.602416 270.308422
465.295200 36.709431 270.426646
464.795200 36.819885 270.542805
464.295100 36.910697 270.663814
463.794900 36.938192 270.775964
463.294600 36.991916 270.894776
462.794100 37.019735 271.005386
462.293500 37.017724 271.104746
461.792800 37.015524 271.219019
461.292100 37.026206 271.332732
460.791100 37.051539 271.445422
460.290100 37.070529 271.547235
459.788900 37.078112 271.658537
459.287700 37.073683 271.767059
458.786300 37.056672 271.875236
458.284800 37.014157 271.980781
457.783200 36.927141 272.093132
457.281500 36.803128 272.206745
456.779600 36.756618 272.319029
456.277700 36.733634 272.437423
455.775600 36.629638 272.549666
455.273400 36.556979 272.655717
454.771100 36.529211 272.759235
454.268700 36.477727 272.859552
453.766200 36.516422 272.959337
453.263500 36.515191 273.059154
452.760800 36.552730 273.156081
452.257900 36.580842 273.253469
451.754900 36.617423 273.348915
451.251800 36.653722 273.443912
450.748500 36.721172 273.537905
450.245200 36.750508 273.631029
449.741700 36.801169 273.723891
449.238200 36.866374 273.813519
448.734500 36.921806 273.904240
448.230700 36.991835 273.992904
447.726700 37.088591 274.080992
447.222700 37.174511 274.167620
446.718600 37.229108 274.254846
446.214300 37.331674 274.339803
445.709900 37.435408 274.424213
445.205400 37.545104 274.507481
444.700800 37.655039 274.590052
444.196000 37.772812 274.671412
443.691200 37.891816 274.751845
443.186200 38.022495 274.831710
442.681200 38.180240 274.909386
442.175900 38.322110 274.987868
441.670600 38.466095 275.064635
441.165200 38.638569 275.140594
440.659600 38.814949 275.215601
440.154000 38.975041 275.290470
439.648200 38.975041 275.290470
439.648200 45.000000 219.295933
999.792500 45.000000 31.320325
