# lams, psi_mean, delta_mean
999.792500 45.000000 195.754087
999.408900 45.000000 195.754087
999.025300 45.000000 195.754087
998.641500 45.000000 195.754087
998.257800 45.000000 195.754087
997.873900 45.000000 195.754087
997.490000 45.000000 195.754087
997.106000 45.000000 195.754087
996.721900 45.000000 195.754087
996.337700 45.000000 195.754087
995.953500 45.000000 195.754087
995.569200 45.000000 195.754087
995.184800 45.000000 195.754087
994.800300 45.000000 195.754087
994.415800 45.000000 195.754087
994.031100 45.000000 190.696392
993.646400 45.000000 19.695823
993.261700 11.581661 41.571243
992.876800 11.633468 3.651853
992.491900 45.000000 354.370129
992.106900 11.376085 16.494576
991.721800 7.107979 22.969235
991.336700 2.541616 81.501956
990.951400 9.328823 182.465151
990.566100 5.306866 217.582690
990.180700 2.909759 177.697646
989.795300 1.163016 219.136772
989.409700 3.186370 219.351513
989.024100 4.648518 227.317004
988.638400 7.192074 233.252956
988.252600 7.154874 212.291977
987.866800 8.039738 208.282355
987.480900 6.870773 202.397278
987.094900 6.988737 198.237916
986.708800 4.549109 193.794279
986.322600 3.380117 261.417650
985.936400 4.703744 207.628478
985.550100 6.044894 185.974450
985.163800 8.139734 189.301817
984.777300 10.139953 190.417511
984.390700 12.044037 188.385943
984.004100 8.651211 180.204205
983.617400 7.443710 169.956322
983.230700 6.432698 172.312173
982.843800 12.461573 214.011734
982.456900 4.600242 336.624646
982.069900 1.898338 108.402114
981.682800 7.370810 171.385769
981.295700 10.618493 175.828358
980.908400 10.692689 171.495832
980.521100 15.930267 172.799006
980.133700 21.225287 148.335829
979.746300 22.285647 152.092429
979.358700 26.350477 146.764203
978.971100 40.420727 22.492157
978.583400 10.925535 30.872323
978.195600 4.315511 40.588871
977.807700 1.807191 93.401151
977.419900 1.908536 130.774620
977.031900 3.851414 166.631793
976.643700 6.234049 189.400514
976.255600 9.662655 204.669777
975.867400 2.849738 212.952921
975.479000 6.761389 196.863610
975.090600 6.521302 208.493344
974.702100 4.834103 210.563161
974.313600 4.598581 217.321102
973.925000 4.282725 220.377922
973.536300 2.652130 196.733478
973.147500 6.070083 245.709895
972.758600 3.873798 343.558173
972.369700 1.957745 245.737057
971.980700 3.777055 209.672803
971.591600 5.655825 210.638630
971.202400 6.880467 206.164689
970.813100 7.061766 206.030901
970.423800 6.871343 205.648920
970.034400 7.903153 188.633042
969.644900 7.438601 209.855599
969.255300 8.327840 225.711019
968.865700 9.730075 243.302147
968.476000 11.291324 251.493178
968.086100 12.867816 258.174317
967.696200 11.315312 253.421699
967.306300 9.715926 247.030036
966.916300 6.432980 233.038671
966.526100 3.379144 180.655671
966.135900 11.444209 173.701454
965.745700 5.751846 174.551360
965.355300 5.544056 144.191955
964.964900 7.228808 104.057765
964.574300 12.120646 78.869052
964.183800 13.659289 72.879036
963.793100 7.874264 92.807342
963.402300 3.733189 147.576152
963.011500 2.091131 81.195103
962.620700 4.392372 178.699326
962.229700 17.444835 201.090969
961.838600 16.490647 192.965559
961.447400 20.326071 189.627297
961.056200 19.660049 187.633642
960.664900 20.750129 187.494211
960.273600 17.509243 185.162037
959.882100 13.626192 188.775875
959.490500 8.563973 197.018577
959.098900 3.402009 322.900545
958.707300 2.896541 231.792612
958.315500 6.502696 206.331257
957.923600 6.083313 206.517635
957.531700 4.573812 202.028061
957.139600 3.192715 195.269578
956.747600 2.686626 196.630091
956.355400 0.768701 188.128089
955.963200 2.743536 232.429825
955.570900 1.621224 230.255388
955.178400 2.595618 130.832076
954.785900 5.972650 117.921592
954.393400 10.453161 120.217681
954.000700 11.472982 124.881174
953.608000 10.665416 156.811544
953.215200 9.605534 144.591869
952.822300 15.041324 69.636740
952.429300 45.000000 25.176481
952.036300 45.000000 344.050203
951.643200 45.000000 6.604624
951.249900 45.000000 197.925148
950.856700 45.000000 185.618474
950.463300 8.471072 30.047776
950.069900 7.218310 174.585851
949.676300 9.759623 182.709264
949.282700 10.845557 180.799412
948.889000 10.507322 182.974719
948.495300 11.422037 175.331671
948.101400 13.256318 177.892838
947.707500 7.598908 171.540201
947.313500 7.519072 157.576104
946.919400 5.217602 112.054588
946.525300 10.529333 150.429033
946.131000 45.000000 151.295035
945.736700 5.328165 129.048219
945.342300 45.000000 153.634250
944.947800 45.000000 153.274318
944.553200 45.000000 153.662752
944.158600 45.000000 154.496435
943.763900 45.000000 333.062110
943.369100 45.000000 332.308023
942.974200 45.000000 336.922718
942.579200 6.900044 18.254929
942.184100 23.855246 137.292434
941.789000 6.974501 89.440640
941.393800 6.927117 122.157987
940.998500 17.845629 37.744434
940.603100 8.600775 118.012731
940.207700 15.702334 158.450689
939.812200 22.725060 172.900812
939.416600 23.492020 181.911876
939.020900 24.066510 176.197219
938.625100 21.589707 176.782766
938.229200 16.522014 179.988091
937.833300 14.550142 176.875303
937.437300 13.367009 168.728951
937.041200 4.187039 354.702277
936.645000 2.356506 191.354606
936.248700 2.652305 198.616558
935.852400 2.556367 213.992616
935.456000 2.230945 228.456573
935.059400 2.478913 287.659218
934.662900 3.078990 245.635466
934.266200 5.064121 312.846899
933.869400 6.934822 353.557659
933.472700 45.000000 193.349658
933.075700 45.000000 190.141743
932.678700 45.000000 180.967853
932.281700 45.000000 57.532607
931.884500 45.000000 81.688580
931.487300 45.000000 105.989759
931.090000 18.814206 117.794687
930.692600 11.728217 142.149339
930.295100 5.951470 116.982061
929.897500 8.906544 136.603141
929.499900 4.590974 118.834075
929.102200 3.349947 3.374151
928.704300 4.283015 319.150731
928.306500 1.055337 330.044793
927.908500 2.109298 344.307451
927.510400 2.443842 350.856070
927.112300 3.495669 348.533746
926.714100 3.044121 0.007203
926.315800 1.403513 15.993608
925.917400 4.208179 155.502914
925.519000 3.294207 138.681914
925.120400 2.103475 83.424919
924.721800 2.024986 119.909568
924.323100 2.579989 121.083574
923.924300 3.669504 150.434075
923.525500 4.441142 166.391255
923.126500 45.000000 187.075765
922.727500 2.996305 148.131713
922.328300 9.108012 17.691487
921.929100 10.834846 19.653720
921.529800 13.050568 17.028014
921.130500 13.932988 18.617269
920.731100 14.598745 16.206380
920.331500 12.098976 19.859621
919.931900 4.212531 34.144517
919.532200 3.805677 140.843192
919.132400 22.400011 178.880523
918.732600 9.784841 149.538676
918.332600 45.000000 123.241296
917.932600 9.961518 223.490260
917.532500 45.000000 121.822007
917.132300 45.000000 292.949789
916.732100 45.000000 295.089302
916.331700 45.000000 113.708124
915.931300 45.000000 112.477174
915.530800 34.752543 111.992839
915.130200 45.000000 120.256559
914.729500 1.310914 43.423287
914.328700 14.167489 298.905304
913.927900 2.071146 341.142813
913.527000 2.249836 175.015392
913.125900 2.734919 140.027425
912.724900 2.106420 87.297803
912.323700 2.962797 29.326110
911.922400 5.316210 21.949416
911.521100 8.497048 102.208444
911.119600 0.922097 62.184797
910.718100 23.540426 238.620776
910.316500 45.000000 23.304683
909.914900 45.000000 44.517068
909.513100 45.000000 24.113295
909.111300 45.000000 12.423895
908.709300 45.000000 5.841850
908.307300 45.000000 3.371558
907.905200 45.000000 3.239897
907.503100 45.000000 6.784239
907.100800 45.000000 6.123661
906.698400 45.000000 15.537905
906.296000 45.000000 30.240470
905.893500 45.000000 221.196296
905.490900 12.409039 39.195828
905.088300 14.357807 32.725243
904.685500 18.572263 226.113411
904.282600 2.624673 258.593860
903.879700 22.051855 192.870752
903.476700 45.000000 138.133500
903.073600 45.000000 134.059981
902.670400 45.000000 132.521678
902.267200 45.000000 134.175387
901.863800 45.000000 140.388446
901.460400 45.000000 142.226800
901.056900 16.290361 305.300565
900.653300 9.295752 192.559216
900.249600 5.835084 159.027227
899.845800 45.000000 44.993228
899.442000 45.000000 200.515990
899.038000 45.000000 199.704251
898.634000 45.000000 198.383098
898.229900 45.000000 182.483771
897.825700 45.000000 206.632827
897.421400 31.318586 100.116234
897.017100 24.623040 142.022017
896.612700 25.460265 157.542061
896.208100 29.244832 146.038168
895.803500 28.297722 144.856092
895.398900 26.880008 143.309451
894.994100 20.702877 142.806972
894.589200 12.506250 146.167490
894.184300 3.422062 239.767097
893.779200 7.865336 144.674008
893.374100 3.249179 109.670965
892.968900 2.706490 12.333587
892.563700 6.688020 337.473296
892.158300 9.107581 331.058981
891.752800 5.844609 334.292877
891.347300 5.052270 328.745939
890.941700 3.149003 323.602960
890.535900 1.630033 309.023809
890.130200 1.210487 242.868783
889.724300 2.118499 202.516663
889.318400 2.358450 321.657932
888.912300 2.886248 353.994274
888.506200 2.634734 353.880730
888.100000 3.892691 123.076530
887.693700 4.502041 122.043931
887.287300 5.165014 124.822398
886.880800 6.205873 126.707466
886.474300 5.059330 132.704106
886.067600 6.035377 141.411222
885.660900 7.188052 146.920957
885.254100 5.982094 139.757853
884.847200 5.193688 137.047467
884.440200 4.189203 132.223080
884.033200 6.811774 132.136077
883.626000 6.687367 128.482253
883.218800 6.831205 125.079260
882.811500 6.050184 104.857177
882.404100 1.177611 142.547302
881.996600 2.624165 204.378638
881.589000 4.249970 231.585575
881.181300 6.572824 244.641322
880.773600 10.533375 291.020955
880.365800 10.780635 252.005328
879.957900 45.000000 286.979146
879.549900 28.117153 150.147548
879.141800 45.000000 127.578112
878.733600 45.000000 123.708702
878.325300 45.000000 123.723882
877.917000 45.000000 122.891328
877.508500 45.000000 121.153160
877.100000 45.000000 120.892603
876.691500 45.000000 118.540867
876.282800 13.873023 134.379218
875.874000 45.000000 293.649842
875.465100 8.586179 156.066082
875.056200 7.514342 296.698454
874.647200 45.000000 141.792697
874.238000 29.243056 145.369059
873.828900 23.602416 146.271312
873.419600 23.470202 147.760403
873.010200 24.234674 148.253690
872.600700 30.096300 146.986402
872.191200 45.000000 328.592934
871.781600 3.077842 203.942777
871.371800 8.877650 154.968578
870.962000 3.746962 174.942790
870.552100 4.058617 137.031890
870.142200 2.704932 158.046618
869.732100 3.838030 152.673992
869.321900 5.446782 141.993926
868.911700 7.424847 131.462485
868.501300 9.086254 125.345402
868.090900 10.520703 121.371720
867.680500 10.483241 123.609833
867.269900 9.200408 123.619254
866.859200 8.829369 122.542224
866.448500 7.956505 120.442059
866.037600 8.049561 119.373699
865.626700 8.474366 119.263323
865.215700 8.218205 118.783973
864.804600 8.801883 118.232665
864.393400 8.620705 118.309004
863.982100 9.671464 122.016874
863.570700 8.659252 119.669044
863.159300 6.210469 116.802910
862.747700 6.795769 115.293216
862.336100 6.550695 113.595655
861.924400 6.556701 114.825527
861.512600 6.965257 115.584391
861.100800 5.389383 116.241246
860.688800 4.994222 116.940284
860.276700 5.752909 116.265311
859.864600 5.411926 115.695394
859.452300 6.481938 117.580509
859.040000 7.229075 117.371735
858.627600 8.191272 117.317895
858.215100 8.650288 117.126267
857.802600 7.947114 117.176031
857.389900 7.717291 116.884699
856.977100 7.528069 116.894184
856.564300 7.888096 116.384100
856.151400 7.979709 115.778495
855.738300 8.076369 114.892805
855.325300 8.225970 114.321004
854.912000 8.752847 114.031984
854.498800 9.888671 113.334590
854.085400 9.898399 113.298994
853.671900 9.658338 113.255601
853.258400 10.264675 112.858486
852.844800 10.393396 113.001087
852.431100 10.504634 113.123117
852.017300 10.333707 112.275500
851.603400 10.283272 112.263387
851.189400 10.149332 112.252660
850.775300 10.228145 111.622304
850.361200 10.517875 112.016898
849.947000 10.730455 111.499359
849.532600 10.674527 111.126476
849.118200 10.583126 110.900685
848.703700 10.663931 110.903296
848.289100 10.761893 110.837710
847.874400 10.965770 110.716020
847.459700 11.048950 110.458062
847.044800 11.138091 110.330609
846.629800 11.242229 110.063831
846.214800 11.393628 109.751775
845.799700 11.577329 109.754585
845.384500 11.688367 109.515890
844.969200 12.038679 109.555669
844.553800 12.179233 108.557073
844.138300 12.022649 108.360392
843.722700 11.873069 108.272519
843.307100 11.877319 107.993250
842.891400 12.085439 107.794640
842.475500 11.989203 107.354025
842.059600 12.223859 106.668038
841.643600 12.229248 106.361687
841.227500 12.001876 106.026136
840.811300 11.727714 105.660340
840.395100 11.856655 105.400566
839.978700 11.871934 105.030473
839.562300 11.742574 104.616963
839.145700 11.893284 104.671354
838.729100 12.025182 104.514075
838.312400 12.105608 104.329124
837.895600 12.187134 104.017163
837.478700 12.386870 103.740765
837.061700 12.544921 103.601475
836.644700 12.662588 103.388340
836.227500 12.848783 103.198504
835.810200 13.017295 102.946315
835.392900 13.005079 102.643407
834.975500 13.152261 102.400675
834.557900 13.256550 102.210607
834.140300 13.239179 101.977301
833.722700 13.360563 101.851470
833.304900 13.502068 101.690136
832.887000 13.623402 101.516753
832.469100 13.586121 101.206342
832.051000 13.702277 101.050258
831.632900 13.800568 100.918409
831.214600 13.846601 100.617686
830.796300 14.053283 100.527190
830.377900 14.190710 100.375355
829.959400 14.228517 100.190128
829.540800 14.366596 100.001030
829.122100 14.351782 99.764746
828.703400 14.451055 99.597382
828.284500 14.432946 99.360212
827.865600 14.569083 99.156026
827.446500 14.619879 98.950979
827.027500 14.650026 98.706967
826.608200 14.728295 98.556863
826.188900 14.768418 98.366348
825.769500 14.805104 98.187992
825.350000 14.802533 97.992490
824.930500 14.837915 97.832506
824.510800 14.938659 97.656538
824.091100 14.982524 97.451701
823.671300 15.059455 97.256963
823.251300 15.093275 97.095147
822.831300 15.152209 96.937324
822.411200 15.243459 96.808955
821.991000 15.316221 96.715048
821.570700 15.348873 96.556716
821.150300 15.397439 96.408824
820.729900 15.493264 96.277022
820.309300 15.574962 96.148845
819.888600 15.626336 95.986963
819.467900 15.690714 95.829492
819.047100 15.774393 95.715424
818.626200 15.848892 95.563789
818.205100 15.907366 95.390013
817.784100 15.974059 95.239687
817.362900 16.020978 95.103760
816.941600 16.104888 94.986425
816.520200 16.183065 94.829889
816.098800 16.258698 94.701799
815.677200 16.348647 94.525146
815.255600 16.394764 94.370197
814.833800 16.476238 94.246394
814.412000 16.563503 94.111935
813.990100 16.635179 94.015943
813.568100 16.702454 93.895900
813.146000 16.755830 93.725439
812.723800 16.808644 93.584081
812.301500 16.928401 93.437702
811.879200 16.950740 93.326689
811.456700 17.014840 93.199423
811.034100 17.072204 93.047858
810.611500 17.136393 92.990613
810.188800 17.196357 92.836555
809.765900 17.265237 92.668088
809.343000 17.328309 92.512997
808.920000 17.399274 92.315783
808.496900 17.467807 92.138624
808.073700 17.512501 91.983351
807.650500 17.572499 91.873208
807.227100 17.619875 91.739003
806.803600 17.689307 91.556179
806.380100 17.759835 91.395923
805.956400 17.830070 91.238116
805.532700 17.894094 91.079439
805.108900 17.964780 90.886306
804.685000 18.037978 90.750853
804.261000 18.091386 90.605938
803.836900 18.155452 90.469595
803.412700 18.231260 90.334864
802.988400 18.292361 90.213093
802.564000 18.373902 90.078528
802.139600 18.415393 89.930864
801.715000 18.470401 89.822675
801.290300 18.538951 89.664530
800.865700 18.586668 89.553371
800.440800 18.614913 89.395477
800.015900 18.674311 89.290077
799.590900 18.726556 89.139119
799.165800 18.793821 89.029015
798.740600 18.870609 88.884148
798.315300 18.947909 88.772639
797.889900 19.039817 88.617844
797.464400 19.103049 88.499713
797.038900 19.190347 88.362096
796.613200 19.267190 88.219483
796.187500 19.306605 88.072516
795.761700 19.372823 87.940672
795.335700 19.440186 87.806932
794.909700 19.521739 87.664444
794.483600 19.582159 87.495551
794.057400 19.650622 87.395425
793.631000 19.739120 87.263273
793.204700 19.814254 87.116959
792.778200 19.873681 86.987479
792.351600 19.937205 86.880038
791.924900 19.994332 86.761862
791.498200 20.076137 86.625695
791.071400 20.141417 86.511685
790.644400 20.209251 86.400404
790.217300 20.258857 86.287823
789.790200 20.328306 86.153790
789.363000 20.387239 86.038999
788.935700 20.456137 85.940978
788.508300 20.519414 85.815402
788.080700 20.584941 85.730086
787.653200 20.664542 85.611365
787.225500 20.707112 85.515975
786.797700 20.750637 85.372479
786.369900 20.834381 85.267539
785.941900 20.904460 85.175595
785.513900 20.965876 85.060651
785.085700 21.030698 84.940869
784.657500 21.095602 84.809948
784.229100 21.151222 84.721613
783.800700 21.200395 84.612098
783.372200 21.263450 84.499059
782.943500 21.332878 84.377679
782.514800 21.419870 84.281861
782.086100 21.476729 84.214664
781.657200 21.526869 84.131905
781.228200 21.589070 84.029095
780.799100 21.655530 83.940833
780.369900 21.727804 83.841711
779.940700 21.775297 83.745152
779.511300 21.833218 83.652996
779.081800 21.905765 83.535479
778.652300 21.993849 83.415859
778.222700 22.074703 83.301232
777.793000 22.139574 83.211375
777.363200 22.221177 83.122703
776.933200 22.286639 83.018132
776.503200 22.355344 82.918083
776.073100 22.418382 82.824118
775.642900 22.482842 82.705265
775.212600 22.539891 82.612699
774.782200 22.608515 82.513697
774.351700 22.675055 82.447862
773.921200 22.751574 82.355726
773.490500 22.822267 82.278623
773.059800 22.902776 82.187506
772.628900 22.981790 82.089161
772.198000 23.066469 81.984762
771.766900 23.127104 81.888180
771.335800 23.192727 81.802896
770.904600 23.265512 81.711654
770.473300 23.339760 81.625429
770.041900 23.411584 81.550521
769.610400 23.490275 81.478082
769.178700 23.563779 81.403426
768.747100 23.604797 81.332787
768.315200 23.702932 81.259301
767.883400 23.790649 81.153624
767.451400 23.864356 81.042321
767.019300 23.925333 80.955418
766.587200 24.010817 80.863908
766.154900 24.080246 80.768374
765.722500 24.151186 80.708867
765.290100 24.218823 80.640570
764.857500 24.302448 80.579239
764.424900 24.388228 80.497394
763.992200 24.479303 80.428985
763.559300 24.567457 80.343333
763.126400 24.638960 80.283016
762.693400 24.729881 80.186533
762.260300 24.789925 80.108510
761.827100 24.874495 80.043596
761.393800 24.938196 79.967366
760.960400 25.014402 79.875346
760.526900 25.107418 79.809391
760.093300 25.202954 79.727297
759.659700 25.290690 79.640160
759.225900 25.350332 79.587275
758.792100 25.424797 79.530210
758.358100 25.500861 79.443039
757.924000 25.554203 79.374722
757.489900 25.629363 79.304700
757.055600 25.689474 79.238275
756.621300 25.778018 79.169973
756.186800 25.854988 79.081764
755.752300 25.923591 79.032584
755.317700 26.010617 78.972087
754.883000 26.073693 78.914822
754.448200 26.130349 78.859914
754.013200 26.210792 78.808930
753.578200 26.296693 78.738399
753.143100 26.375314 78.672705
752.707900 26.443051 78.618767
752.272600 26.515995 78.558242
751.837300 26.569949 78.502299
751.401800 26.658211 78.408058
750.966200 26.738228 78.350893
750.530600 26.799309 78.297771
750.094800 26.867191 78.220455
749.658900 26.954268 78.163927
749.223000 27.023185 78.106081
748.786900 27.089680 78.053151
748.350800 27.187425 77.985588
747.914600 27.277695 77.944686
747.478200 27.353560 77.908087
747.041700 27.433667 77.849168
746.605200 27.508140 77.786280
746.168600 27.603379 77.715524
745.731900 27.700910 77.645868
745.295000 27.798694 77.590199
744.858200 27.890347 77.521196
744.421100 27.964292 77.476069
743.984100 28.066104 77.438410
743.546800 28.147628 77.373780
743.109600 28.231706 77.331174
742.672200 28.309936 77.302351
742.234700 28.376350 77.260202
741.797100 28.450181 77.199725
741.359400 28.511012 77.151847
740.921600 28.592276 77.117529
740.483800 28.663205 77.076230
740.045800 28.739021 77.054074
739.607700 28.810254 77.027775
739.169600 28.903477 76.981464
738.731300 28.977538 76.946747
738.293000 29.053816 76.896062
737.854500 29.121707 76.853393
737.416000 29.214870 76.811374
736.977300 29.276748 76.774414
736.538600 29.342368 76.739934
736.099700 29.415231 76.709609
735.660800 29.498937 76.683976
735.221800 29.570341 76.651170
734.782700 29.617919 76.638360
734.343400 29.701938 76.600215
733.904100 29.786768 76.557524
733.464700 29.850082 76.524296
733.025200 29.912662 76.505418
732.585600 30.029465 76.457580
732.145900 30.096937 76.432089
731.706100 30.135567 76.405643
731.266200 30.217595 76.390704
730.826200 30.287427 76.364694
730.386100 30.325231 76.356531
729.945900 30.393752 76.324056
729.505700 30.446221 76.296225
729.065300 30.539306 76.250854
728.624800 30.595672 76.227230
728.184300 30.657435 76.209758
727.743600 30.729765 76.191280
727.302800 30.791952 76.181691
726.861900 30.876991 76.143272
726.421000 30.937310 76.128206
725.979900 31.020914 76.108757
725.538800 31.079340 76.071093
725.097500 31.158387 76.029718
724.656100 31.232030 76.007585
724.214700 31.281902 75.993453
723.773200 31.346628 75.975382
723.331500 31.405712 75.963132
722.889800 31.482262 75.922154
722.447900 31.555168 75.905640
722.006000 31.626494 75.887351
721.564000 31.725554 75.846938
721.121800 31.801760 75.829563
720.679600 31.879465 75.818433
720.237300 31.952041 75.800251
719.794900 32.011768 75.800984
719.352400 32.094089 75.780269
718.909700 32.164170 75.762189
718.467000 32.227731 75.745975
718.024200 32.337655 75.715829
717.581300 32.411768 75.692894
717.138300 32.492301 75.674491
716.695200 32.564720 75.658441
716.252000 32.652689 75.638837
715.808700 32.745438 75.603580
715.365300 32.832491 75.579929
714.921800 32.909472 75.583491
714.478200 32.991856 75.565723
714.034500 33.084853 75.536064
713.590700 33.181957 75.519964
713.146900 33.244106 75.499976
712.702800 33.316764 75.482521
712.258800 33.426531 75.463162
711.814600 33.517897 75.446887
711.370300 33.609538 75.431205
710.925900 33.705518 75.403954
710.481400 33.782089 75.394851
710.036900 33.878736 75.384829
709.592200 33.972626 75.373656
709.147400 34.066796 75.371343
708.702600 34.155373 75.367288
708.257600 34.236671 75.364572
707.812500 34.334647 75.367266
707.367400 34.410031 75.353568
706.922100 34.497511 75.347935
706.476700 34.576516 75.337530
706.031300 34.657550 75.322159
705.585700 34.735434 75.319995
705.140100 34.836386 75.323260
704.694300 34.935002 75.326933
704.248400 35.005630 75.327408
703.802500 35.079163 75.330018
703.356400 35.164436 75.314806
702.910300 35.256514 75.318348
702.464100 35.341794 75.313576
702.017700 35.437232 75.315752
701.571200 35.517806 75.319467
701.124700 35.619725 75.329985
700.678000 35.689765 75.343219
700.231300 35.769985 75.355620
699.784400 35.848546 75.366762
699.337500 35.908733 75.378779
698.890400 35.989442 75.385066
698.443300 36.058346 75.400022
697.996100 36.145270 75.399841
697.548800 36.184983 75.407673
697.101300 36.223012 75.421608
696.653700 36.270668 75.442870
696.206100 36.336173 75.456830
695.758400 36.363978 75.479298
695.310500 36.380938 75.489669
694.862600 36.425533 75.506719
694.414600 36.446175 75.528582
693.966400 36.481142 75.553309
693.518200 36.553007 75.571196
693.069900 36.580052 75.601992
692.621500 36.614374 75.630377
692.172900 36.614317 75.662694
691.724300 36.610206 75.694178
691.275600 36.618180 75.722985
690.826700 36.599135 75.752791
690.377800 36.596653 75.780609
689.928800 36.568343 75.814145
689.479700 36.535403 75.842031
689.030400 36.477591 75.875143
688.581100 36.432046 75.911164
688.131700 36.376376 75.948284
687.682100 36.322102 75.990351
687.232500 36.251913 76.018978
686.782800 36.168648 76.061808
686.332900 36.087174 76.105494
685.883000 35.998477 76.156046
685.433000 35.895892 76.201621
684.982800 35.786175 76.246158
684.532700 35.645549 76.296704
684.082300 35.507406 76.345406
683.631900 35.366475 76.395962
683.181300 35.213565 76.444710
682.730700 35.068771 76.483162
682.280000 34.892042 76.536905
681.829200 34.703986 76.585812
681.378200 34.519548 76.635650
680.927200 34.324150 76.685871
680.476100 34.116105 76.736930
680.024800 33.899180 76.790733
679.573500 33.690733 76.845312
679.122100 33.447595 76.902214
678.670500 33.211589 76.962775
678.218900 32.982190 77.023785
677.767200 32.742343 77.072706
677.315400 32.493191 77.133352
676.863400 32.251409 77.194430
676.411400 31.980765 77.260234
675.959200 31.722436 77.320361
675.507000 31.455094 77.382518
675.054700 31.170611 77.452505
674.602200 30.886524 77.518262
674.149700 30.601759 77.579717
673.697100 30.306290 77.647362
673.244300 30.021933 77.716552
672.791500 29.717041 77.785709
672.338600 29.406112 77.855705
671.885500 29.092835 77.924064
671.432400 28.775973 77.993208
670.979100 28.456209 78.061012
670.525800 28.126171 78.125857
670.072300 27.803297 78.198753
669.618800 27.468195 78.275293
669.165100 27.126612 78.350957
668.711400 26.787048 78.424405
668.257500 26.451818 78.504908
667.803500 26.103346 78.579345
667.349500 25.749667 78.656518
666.895300 25.386350 78.732811
666.441100 25.022612 78.806653
665.986800 24.652220 78.886439
665.532300 24.285402 78.959279
665.077700 23.905135 79.032965
664.623000 23.520099 79.107396
664.168300 23.132387 79.184197
663.713400 22.739879 79.262990
663.258400 22.343390 79.339504
662.803400 21.942865 79.416748
662.348200 21.541520 79.495510
661.892900 21.142996 79.574227
661.437600 20.730703 79.652300
660.982100 20.315463 79.729492
660.526500 19.895809 79.808831
660.070800 19.472795 79.892505
659.615100 19.049684 79.966272
659.159200 18.620210 80.037981
658.703200 18.185592 80.111086
658.247100 17.746470 80.182382
657.790900 17.311831 80.263808
657.334600 16.872304 80.344766
656.878200 16.428759 80.420779
656.421800 15.980202 80.499834
655.965100 15.534261 80.579719
655.508400 15.075496 80.654198
655.051600 14.619528 80.728461
654.594700 14.164295 80.805058
654.137700 13.697769 80.863852
653.680600 13.230344 80.928125
653.223400 12.759729 80.988517
652.766100 12.287688 81.047356
652.308700 11.809539 81.099810
651.851100 11.329792 81.154637
651.393600 10.845471 81.180686
650.935800 10.365816 81.216756
650.478000 9.873626 81.243395
650.020100 9.379149 81.249277
649.562000 8.881349 81.252362
649.103900 8.383909 81.245986
648.645700 7.883576 81.209378
648.187300 7.381003 81.163172
647.728900 6.877723 81.081323
647.270300 6.376020 80.986890
646.811700 5.868371 80.861514
646.353000 5.357219 80.648297
645.894100 4.845794 80.378585
645.435100 4.333235 80.015075
644.976100 3.820066 79.521183
644.516900 3.308191 78.825298
644.057700 2.792439 77.867962
643.598300 2.278057 76.426181
643.138900 1.764722 73.943807
642.679300 1.256676 69.431211
642.219600 0.767912 58.818715
641.759800 0.380986 21.142682
641.299900 0.498753 309.343439
640.840000 0.950585 287.133203
640.379900 1.452860 279.775110
639.919700 1.967429 276.232620
639.459400 2.488704 274.258916
638.999000 3.010705 272.996329
638.538500 3.533649 272.172172
638.077900 4.057488 271.575061
637.617200 4.581707 271.127394
637.156400 5.107600 270.842176
636.695400 5.633114 270.619791
636.234400 6.155637 270.428154
635.773300 6.677681 270.305923
635.312100 7.201340 270.221903
634.850800 7.725106 270.149835
634.389300 8.246873 270.126467
633.927800 8.767167 270.111570
633.466200 9.279794 270.125408
633.004400 9.795632 270.156636
632.542500 10.316443 270.202705
632.080600 10.829043 270.253568
631.618600 11.348858 270.317759
631.156400 11.856942 270.397010
630.694200 12.357955 270.446272
630.231800 12.860235 270.516660
629.769300 13.352938 270.591568
629.306800 13.850858 270.671326
628.844100 14.343945 270.752765
628.381300 14.839068 270.844782
627.918400 15.315439 270.939781
627.455400 15.816728 271.060440
626.992300 16.313341 271.138205
626.529100 16.805876 271.221092
626.065800 17.297559 271.332846
625.602400 17.773589 271.438032
625.138900 18.227863 271.599253
624.675300 18.700176 271.721199
624.211500 19.169217 271.865220
623.747700 19.622786 272.008850
623.283800 20.061592 272.172266
622.819800 20.536825 272.305725
622.355700 21.007136 272.327915
621.891400 21.489565 272.353907
621.427100 21.986081 272.353090
620.962600 22.507873 272.329300
620.498000 22.961586 272.311096
620.033400 23.396251 272.310131
619.568700 23.817643 272.297243
619.103800 24.197856 272.317754
618.638800 24.547704 272.353743
618.173700 24.903357 272.390919
617.708600 25.203394 272.422655
617.243300 25.529967 272.460627
616.777900 25.851517 272.509288
616.312400 26.158855 272.569743
615.846800 26.448209 272.639620
615.381000 26.742175 272.693159
614.915300 27.001191 272.754517
614.449300 27.264221 272.821124
613.983300 27.515263 272.901953
613.517200 27.774655 272.982124
613.051000 28.022213 273.066325
612.584700 28.247018 273.156491
612.118200 28.473817 273.251255
611.651700 28.685217 273.344368
611.185000 28.897807 273.441228
610.718300 29.096189 273.541176
610.251400 29.287773 273.636716
609.784400 29.468303 273.735871
609.317300 29.651261 273.844259
608.850200 29.835309 273.956125
608.382900 29.990850 274.071882
607.915500 30.156655 274.188178
607.448000 30.313684 274.307467
606.980400 30.471215 274.433359
606.512700 30.629955 274.555474
606.044900 30.776540 274.680484
605.577000 30.916026 274.812326
605.108900 31.057175 274.942168
604.640800 31.188374 275.066778
604.172600 31.332434 275.199860
603.704200 31.473184 275.337249
603.235800 31.611957 275.473442
602.767300 31.745319 275.613521
602.298600 31.872784 275.751765
601.829800 31.979566 275.888643
601.361000 32.094185 276.029672
600.892000 32.200978 276.165987
600.422900 32.316992 276.307351
599.953700 32.429233 276.446804
599.484400 32.548084 276.584326
599.015000 32.673435 276.730290
598.545500 32.779846 276.866293
598.075900 32.884610 276.999623
597.606200 32.976010 277.141514
597.136400 33.103724 277.279652
596.666400 33.222848 277.414629
596.196400 33.324998 277.555424
595.726300 33.446370 277.689940
595.256000 33.534317 277.828031
594.785700 33.626936 277.965127
594.315200 33.719722 278.094859
593.844700 33.826575 278.218732
593.374000 33.924162 278.341819
592.903200 34.058702 278.452576
592.432300 34.196294 278.560903
591.961300 34.380528 278.675529
591.490200 34.510338 278.790001
591.019000 34.668193 278.895810
590.547700 34.768771 279.003900
590.076300 34.952512 279.100406
589.604800 35.053019 279.197935
589.133100 35.167717 279.291642
588.661400 35.246075 279.358495
588.189600 35.363739 279.437343
587.717600 35.545521 279.497702
587.245500 35.667129 279.550709
586.773400 35.805087 279.592721
586.301100 35.916684 279.584754
585.828700 36.146016 279.567035
585.356300 36.321859 279.526008
584.883700 36.468410 279.473719
584.410900 36.373840 279.402782
583.938200 36.257569 279.324524
583.465200 36.062858 279.319507
582.992200 35.925292 279.301408
582.519100 35.747550 279.290714
582.045800 35.630553 279.288090
581.572500 35.624971 279.269908
581.099100 35.511485 279.262111
580.625500 35.429582 279.267862
580.151900 35.351099 279.255268
579.678000 35.243872 279.239871
579.204200 35.090883 279.227031
578.730200 35.040043 279.216126
578.256100 34.960608 279.204913
577.781900 34.814954 279.192808
577.307600 34.688047 279.169314
576.833200 34.577683 279.137271
576.358600 34.461879 279.123980
575.884000 34.380192 279.102182
575.409300 34.285816 279.081379
574.934400 34.188397 279.046653
574.459500 34.070928 279.021784
573.984400 33.942113 278.991768
573.509200 33.838584 278.954788
573.033900 33.727608 278.916069
572.558600 33.623101 278.879451
572.083100 33.514251 278.839637
571.607500 33.417942 278.792911
571.131800 33.322338 278.755114
570.655900 33.236714 278.715977
570.180100 33.140387 278.673824
569.704000 33.024780 278.631289
569.227800 32.945695 278.583169
568.751600 32.843471 278.530931
568.275300 32.748920 278.476114
567.798800 32.647179 278.413498
567.322200 32.538262 278.354966
566.845500 32.439036 278.295458
566.368700 32.338223 278.229038
565.891800 32.239115 278.166767
565.414900 32.150597 278.104444
564.937700 32.040061 278.034966
564.460500 31.927640 277.962181
563.983200 31.808736 277.886914
563.505700 31.699769 277.808398
563.028200 31.586327 277.727516
562.550500 31.484924 277.643283
562.072800 31.381032 277.559199
561.594800 31.279344 277.473966
561.116900 31.176751 277.381260
560.638800 31.071974 277.285350
560.160600 30.966887 277.191191
559.682300 30.855344 277.086062
559.203900 30.743039 276.982915
558.725300 30.636411 276.880244
558.246700 30.539286 276.777780
557.767900 30.442899 276.667232
557.289100 30.344697 276.555944
556.810200 30.237823 276.445216
556.331100 30.141109 276.329749
555.851900 30.038713 276.216864
555.372600 29.936840 276.094003
554.893200 29.839657 275.966829
554.413700 29.734961 275.834805
553.934100 29.639144 275.705509
553.454300 29.540467 275.574559
552.974500 29.433286 275.433161
552.494600 29.324998 275.295624
552.014500 29.219846 275.157436
551.534400 29.120646 275.012890
551.054100 29.017603 274.867998
550.573700 28.910859 274.718406
550.093300 28.812519 274.561686
549.612700 28.700712 274.402513
549.132000 28.591335 274.242413
548.651100 28.483347 274.076008
548.170200 28.379190 273.906246
547.689100 28.271627 273.731695
547.208000 28.163601 273.558011
546.726700 28.063640 273.384048
546.245400 27.956780 273.206168
545.763900 27.851965 273.028243
545.282300 27.745320 272.842197
544.800700 27.633393 272.652581
544.318800 27.530382 272.456339
543.836900 27.419139 272.261030
543.354900 27.314146 272.060172
542.872800 27.197587 271.860031
542.390500 27.090190 271.659569
541.908200 26.982370 271.448629
541.425700 26.879055 271.238087
540.943100 26.767069 271.021466
540.460400 26.657535 270.806664
539.977700 26.556501 270.579304
539.494800 26.450047 270.350325
539.011800 26.342038 270.118150
538.528600 26.230316 269.887037
538.045400 26.122891 269.652880
537.562100 26.017257 269.412290
537.078600 25.906922 269.167512
536.595000 25.793021 268.921600
536.111400 25.687876 268.672463
535.627600 25.581919 268.421291
535.143700 25.475856 268.164132
534.659700 25.369005 267.906302
534.175600 25.269358 267.641120
533.691300 25.162237 267.372773
533.207000 25.055138 267.098676
532.722600 24.950823 266.826264
532.238000 24.845886 266.545725
531.753400 24.739477 266.265660
531.268600 24.634640 265.979817
530.783700 24.531877 265.687212
530.298700 24.427346 265.389563
529.813600 24.325199 265.086097
529.328400 24.221590 264.781563
528.843000 24.117139 264.478050
528.357600 24.018049 264.162206
527.872000 23.912868 263.846839
527.386400 23.808405 263.524038
526.900600 23.706766 263.201495
526.414700 23.607623 262.875016
525.928700 23.505397 262.539573
525.442600 23.402198 262.198376
524.956400 23.295016 261.856587
524.470000 23.194068 261.514533
523.983600 23.095559 261.161382
523.497100 22.998639 260.799755
523.010400 22.900310 260.440758
522.523600 22.799894 260.074617
522.036700 22.698979 259.702783
521.549700 22.594741 259.324895
521.062600 22.487413 258.949046
520.575400 22.384682 258.565509
520.088100 22.284271 258.168656
519.600600 22.181467 257.770250
519.113100 22.077811 257.369996
518.625400 21.978149 256.964755
518.137700 21.875578 256.554293
517.649800 21.767980 256.129253
517.161800 21.655784 255.712017
516.673700 21.553640 255.288415
516.185500 21.449098 254.847816
515.697100 21.343457 254.396967
515.208700 21.234429 253.941499
514.720200 21.124184 253.482505
514.231400 21.015160 253.020862
513.742700 20.899251 252.556865
513.253800 20.792217 252.075172
512.764800 20.679579 251.597590
512.275700 20.563870 251.106762
511.786400 20.455545 250.592707
511.297100 20.341441 250.079171
510.807600 20.224684 249.568129
510.318100 20.108959 249.040574
509.828400 19.988303 248.524388
509.338600 19.869275 248.001982
508.848800 19.752560 247.452189
508.358700 19.635525 246.895938
507.868600 19.514520 246.332677
507.378400 19.391776 245.755294
506.888000 19.263312 245.182864
506.397600 19.140604 244.585111
505.907000 19.015380 243.984510
505.416300 18.895018 243.358147
504.925500 18.772015 242.724442
504.434600 18.649071 242.089440
503.943600 18.522817 241.454689
503.452500 18.393298 240.812938
502.961200 18.266351 240.140391
502.469800 18.142336 239.464407
501.978400 18.014126 238.772122
501.486800 17.885375 238.079433
500.995100 17.759116 237.374477
500.503300 17.633976 236.645331
500.011400 17.509515 235.911073
499.519300 17.380824 235.154326
499.027200 17.251935 234.400475
498.534900 17.123796 233.623413
498.042600 16.996669 232.826489
497.550100 16.874256 232.028773
497.057500 16.748825 231.190814
496.564800 16.626138 230.336200
496.072000 16.505269 229.486389
495.579000 16.384150 228.631105
495.086000 16.263095 227.732953
494.592800 16.145130 226.860928
494.099500 16.027622 225.958568
493.606200 15.909906 225.047385
493.112700 15.795899 224.129406
492.619000 15.681196 223.167482
492.125300 15.571533 222.186299
491.631500 15.459493 221.214108
491.137500 15.351078 220.218896
490.643500 15.245105 219.195230
490.149300 15.139213 218.156673
489.655000 15.035061 217.103857
489.160600 14.933417 216.021988
488.666100 14.833145 214.921336
488.171400 14.739944 213.803301
487.676700 14.645063 212.666196
487.181800 14.555305 211.529370
486.686900 14.468558 210.374265
486.191800 14.386641 209.202437
485.696600 14.303968 208.029010
485.201300 14.225213 206.797227
484.705800 14.149689 205.584015
484.210300 14.080198 204.376302
483.714600 14.014264 203.122062
483.218900 13.948925 201.838019
482.723000 13.885412 200.538390
482.227000 13.825987 199.269266
481.730900 13.771248 197.957693
481.234600 13.719015 196.655535
480.738300 13.672677 195.330931
480.241900 13.633712 193.994184
479.745300 13.596795 192.635830
479.248600 13.561666 191.267540
478.751800 13.531566 189.897921
478.254900 13.508427 188.528125
477.757900 13.487844 187.131335
477.260800 13.471941 185.763941
476.763500 13.459465 184.358585
476.266200 13.455850 182.975307
475.768700 13.456976 181.563433
475.271100 13.458357 180.147661
474.773400 13.464791 178.708223
474.275600 13.476743 177.271965
473.777600 13.489404 175.847526
473.279600 13.506480 174.428905
472.781400 13.532549 173.016179
472.283100 13.558258 171.572663
471.784800 13.589851 170.167595
471.286300 13.634160 168.732006
470.787600 13.675258 167.289078
470.288900 13.726163 165.838361
469.790000 13.782032 164.411997
469.291100 13.840700 163.010225
468.792000 13.907033 161.623685
468.292800 13.981828 160.254284
467.793500 14.057715 158.853724
467.294100 14.140371 157.458864
466.794500 14.229819 156.063961
466.294900 14.323216 154.692518
465.795100 14.418376 153.374031
465.295200 14.513146 152.069886
464.795200 14.615607 150.777913
464.295100 14.722360 149.464940
463.794900 14.827917 148.160283
463.294600 14.935756 146.910946
462.794100 15.050478 145.664383
462.293500 15.162625 144.473271
461.792800 15.279145 143.262707
461.292100 15.405030 142.065921
460.791100 15.533699 140.879644
460.290100 15.673276 139.705088
459.788900 15.815996 138.538203
459.287700 15.960997 137.399182
458.786300 16.111782 136.273525
458.284800 16.257211 135.167832
457.783200 16.406532 134.034511
457.281500 16.560051 132.931064
456.779600 16.715691 131.885898
456.277700 16.878509 130.854835
455.775600 17.036431 129.817836
455.273400 17.195436 128.827152
454.771100 17.362020 127.844548
454.268700 17.531730 126.884858
453.766200 17.709041 125.931500
453.263500 17.881577 124.979812
452.760800 18.060588 124.059650
452.257900 18.241621 123.137720
451.754900 18.423497 122.241560
451.251800 18.608850 121.348945
450.748500 18.801588 120.467925
450.245200 18.986913 119.602163
449.741700 19.180867 118.738072
449.238200 19.374029 117.903188
448.734500 19.570679 117.060963
448.230700 19.768800 116.240891
447.726700 19.974795 115.428486
447.222700 20.179066 114.626458
446.718600 20.379724 113.826040
446.214300 20.589965 113.042470
445.709900 20.801630 112.266704
445.205400 21.015645 111.498845
444.700800 21.230684 110.740376
444.196000 21.447995 109.990202
443.691200 21.666514 109.246506
443.186200 21.888786 108.511593
442.681200 22.115002 107.789806
442.175900 22.342207 107.066227
441.670600 22.567920 106.355204
441.165200 22.801988 105.648661
440.659600 23.036145 104.951232
440.154000 23.270223 104.251939
439.648200 23.270223 104.251939
