# lams, psi_mean, delta_mean
999.792500 45.000000 196.817306
999.408900 45.000000 196.817343
999.025300 45.000000 196.817380
998.641500 45.000000 196.817417
998.257800 45.000000 196.817417
997.873900 45.000000 196.817417
997.490000 45.000000 196.817380
997.106000 45.000000 196.817380
996.721900 45.000000 196.817380
996.337700 45.000000 196.817417
995.953500 45.000000 196.817380
995.569200 45.000000 196.817380
995.184800 45.000000 196.817417
994.800300 45.000000 196.817417
994.415800 45.000000 196.817380
994.031100 11.313234 147.208907
993.646400 13.878095 149.406538
993.261700 16.039691 152.370407
992.876800 1.755694 158.023716
992.491900 10.350135 154.406593
992.106900 2.661176 98.360134
991.721800 3.317245 108.548907
991.336700 4.386595 111.859773
990.951400 6.443836 137.699642
990.566100 4.452015 163.457473
990.180700 2.836279 113.249333
989.795300 1.011229 128.515284
989.409700 3.100015 166.746519
989.024100 4.787767 176.893982
988.638400 7.302699 184.251389
988.252600 7.046430 163.736125
987.866800 7.785298 159.516238
987.480900 7.005432 156.955850
987.094900 7.609543 155.220185
986.708800 4.717672 154.787095
986.322600 2.825900 206.446234
985.936400 4.701060 157.545337
985.550100 6.236522 140.035581
985.163800 8.371900 139.219877
984.777300 10.297975 139.561354
984.390700 11.966187 134.442035
984.004100 9.731864 130.932719
983.617400 6.709926 138.798437
983.230700 5.759067 131.293178
982.843800 5.517330 245.900738
982.456900 0.395289 4.239462
982.069900 5.419194 121.997955
981.682800 8.955921 142.153991
981.295700 19.743628 156.817342
980.908400 12.753312 144.216699
980.521100 14.847231 46.464929
980.133700 14.647598 72.745982
979.746300 45.000000 25.463239
979.358700 45.000000 240.571921
978.971100 45.000000 216.734318
978.583400 19.653759 164.717091
978.195600 18.923290 179.685605
977.807700 19.605980 181.816539
977.419900 18.543791 182.744689
977.031900 7.803429 192.385898
976.643700 2.195012 261.081593
976.255600 9.130416 200.353303
975.867400 4.078175 154.365111
975.479000 9.876576 148.474425
975.090600 6.379994 154.080380
974.702100 6.185922 150.173080
974.313600 5.930585 149.762759
973.925000 5.215177 151.612147
973.536300 4.351222 142.460577
973.147500 3.331403 182.634627
972.758600 3.062590 357.860553
972.369700 1.557954 138.430654
971.980700 4.428228 148.979016
971.591600 7.056082 148.340771
971.202400 8.185925 143.312504
970.813100 8.015706 141.899988
970.423800 7.663263 140.359752
970.034400 8.064564 107.613139
969.644900 7.850302 139.927676
969.255300 10.319439 162.583236
968.865700 13.357402 178.349700
968.476000 17.561271 187.378282
968.086100 18.431912 190.695378
967.696200 26.052827 188.211869
967.306300 14.768325 181.299875
966.916300 9.781920 170.457321
966.526100 6.352506 159.586653
966.135900 45.000000 211.274258
965.745700 14.418148 172.317906
965.355300 14.382819 170.422193
964.964900 14.060807 170.499708
964.574300 13.836644 170.876247
964.183800 13.666740 171.159126
963.793100 13.447203 171.079855
963.402300 13.908963 172.845592
963.011500 45.000000 211.472893
962.620700 5.964748 156.756036
962.229700 11.521301 173.924054
961.838600 10.979450 167.337629
961.447400 13.573263 187.824173
961.056200 16.171534 193.517950
960.664900 15.150685 200.130285
960.273600 14.789526 215.144037
959.882100 10.512273 194.684007
959.490500 8.152174 155.319127
959.098900 8.527366 80.651692
958.707300 3.274717 106.815521
958.315500 7.534761 130.962235
957.923600 7.336109 131.080236
957.531700 5.701980 133.759564
957.139600 4.364032 131.429828
956.747600 3.587076 132.625716
956.355400 1.379699 138.101250
955.963200 4.048885 161.797006
955.570900 2.292567 90.160070
955.178400 3.329383 64.237117
954.785900 5.167553 57.795224
954.393400 7.136074 64.094965
954.000700 7.793860 77.213785
953.608000 9.448121 109.168425
953.215200 11.077403 107.871684
952.822300 8.840426 96.185264
952.429300 6.347039 81.421016
952.036300 4.001218 87.382923
951.643200 8.811908 38.347908
951.249900 8.728012 50.004003
950.856700 35.047537 328.941388
950.463300 6.554317 50.995230
950.069900 10.970758 105.695876
949.676300 14.460290 118.215590
949.282700 15.925193 118.238225
948.889000 11.196208 126.877017
948.495300 14.572866 118.721750
948.101400 45.000000 93.020603
947.707500 5.754517 88.772756
947.313500 45.000000 95.136162
946.919400 45.000000 94.783848
946.525300 45.000000 97.472483
946.131000 45.000000 15.637581
945.736700 45.000000 137.419154
945.342300 45.000000 346.799536
944.947800 16.155246 257.926231
944.553200 45.000000 173.074538
944.158600 45.000000 173.219078
943.763900 45.000000 172.556304
943.369100 45.000000 170.557396
942.974200 45.000000 165.335159
942.579200 45.000000 130.783667
942.184100 45.000000 14.773702
941.789000 45.000000 89.879584
941.393800 45.000000 275.950836
940.998500 15.631115 7.555611
940.603100 5.505999 16.278722
940.207700 5.477013 144.088789
939.812200 14.441453 156.057865
939.416600 19.547386 159.725123
939.020900 16.678323 154.357842
938.625100 15.413966 150.647809
938.229200 13.805440 156.972232
937.833300 12.635982 130.137504
937.437300 16.950009 101.715351
937.041200 10.627947 27.989375
936.645000 5.590212 17.903251
936.248700 5.368532 9.350754
935.852400 5.313492 3.028573
935.456000 5.542725 354.244040
935.059400 6.891903 323.036477
934.662900 2.925331 282.316037
934.266200 5.519980 269.909241
933.869400 9.649470 355.482115
933.472700 45.000000 165.384783
933.075700 45.000000 156.519998
932.678700 45.000000 163.551026
932.281700 45.000000 184.918509
931.884500 45.000000 345.735337
931.487300 45.000000 49.284633
931.090000 20.230078 73.064211
930.692600 20.606546 118.850734
930.295100 6.939422 120.084214
929.897500 6.442585 101.280203
929.499900 3.531039 74.823222
929.102200 2.774067 351.540246
928.704300 3.734129 355.005119
928.306500 3.138356 37.546651
927.908500 3.690053 25.749151
927.510400 4.157979 25.141102
927.112300 4.569656 23.298689
926.714100 5.644338 10.766134
926.315800 1.753051 295.883473
925.917400 1.880141 130.016613
925.519000 0.151340 317.582829
925.120400 6.991646 271.153238
924.721800 3.021892 277.264286
924.323100 1.683986 312.341699
923.924300 3.766264 65.371082
923.525500 7.196074 74.704986
923.126500 23.464441 116.663966
922.727500 8.610976 64.334756
922.328300 10.387282 1.099056
921.929100 13.900029 359.457813
921.529800 15.658506 349.544961
921.130500 16.701114 351.767308
920.731100 16.592865 346.084181
920.331500 15.690601 355.406102
919.931900 11.635222 19.931728
919.532200 11.822658 58.709825
919.132400 20.773550 101.510471
918.732600 13.253784 65.398981
918.332600 12.560005 75.303380
917.932600 9.407275 46.398325
917.532500 45.000000 112.694285
917.132300 16.906851 120.454339
916.732100 12.602135 104.239324
916.331700 24.784115 124.350973
915.931300 45.000000 320.268961
915.530800 45.000000 132.728077
915.130200 8.890943 267.332437
914.729500 7.529162 354.372429
914.328700 4.774179 46.725397
913.927900 6.998744 1.825055
913.527000 4.973285 4.226471
913.125900 11.491364 63.514136
912.724900 8.477710 54.700610
912.323700 9.325079 27.521802
911.922400 9.350623 27.412981
911.521100 12.088112 67.862334
911.119600 20.298462 0.880221
910.718100 43.422402 220.693701
910.316500 18.498098 50.148388
909.914900 45.000000 74.599748
909.513100 45.000000 35.832272
909.111300 45.000000 9.091825
908.709300 45.000000 357.868888
908.307300 45.000000 351.774289
907.905200 45.000000 354.779397
907.503100 45.000000 3.989154
907.100800 45.000000 7.521601
906.698400 45.000000 24.433945
906.296000 45.000000 49.377210
905.893500 45.000000 73.323961
905.490900 45.000000 52.672616
905.088300 45.000000 48.625229
904.685500 27.772723 33.871029
904.282600 5.291844 33.754091
903.879700 18.590697 204.271075
903.476700 9.012584 84.198820
903.073600 9.071337 85.239262
902.670400 9.605756 81.862674
902.267200 9.801550 82.558309
901.863800 9.043108 83.060254
901.460400 9.488997 81.612513
901.056900 4.002204 8.216223
900.653300 35.869869 276.964195
900.249600 45.000000 128.580178
899.845800 45.000000 52.981780
899.442000 45.000000 231.696822
899.038000 33.882969 238.460204
898.634000 27.044414 238.754575
898.229900 7.610229 329.116589
897.825700 45.000000 234.627495
897.421400 45.000000 60.764029
897.017100 45.000000 65.650757
896.612700 45.000000 67.223205
896.208100 45.000000 66.010664
895.803500 45.000000 64.278731
895.398900 45.000000 62.746867
894.994100 45.000000 55.440457
894.589200 22.981390 22.047830
894.184300 45.000000 303.062779
893.779200 11.469594 358.407241
893.374100 3.410184 209.993426
892.968900 6.070188 296.913104
892.563700 5.115890 305.300575
892.158300 5.379673 349.845403
891.752800 6.014411 357.027624
891.347300 7.128455 11.437080
890.941700 8.557228 21.028285
890.535900 8.485286 26.678590
890.130200 5.847785 31.335551
889.724300 2.551578 98.710085
889.318400 3.855653 340.685974
888.912300 7.009404 329.789531
888.506200 5.266671 343.592654
888.100000 9.118941 13.629367
887.693700 12.312443 14.569523
887.287300 12.874545 15.396471
886.880800 13.633468 18.935900
886.474300 10.236451 23.590858
886.067600 8.814437 24.227256
885.660900 6.920236 27.519113
885.254100 8.210926 15.146216
884.847200 6.963117 10.433245
884.440200 5.734872 2.895068
884.033200 9.360987 12.473434
883.626000 9.333405 11.357445
883.218800 9.926133 13.224773
882.811500 7.450157 348.268370
882.404100 5.502504 54.783321
881.996600 6.638945 87.050848
881.589000 7.522995 119.052889
881.181300 9.218643 340.402964
880.773600 45.000000 121.051182
880.365800 45.000000 122.351409
879.957900 45.000000 122.283824
879.549900 45.000000 122.907526
879.141800 45.000000 125.635896
878.733600 24.265304 123.447594
878.325300 25.348365 121.749437
877.917000 23.853770 119.108997
877.508500 25.489947 119.548064
877.100000 31.535987 116.963192
876.691500 45.000000 116.477749
876.282800 45.000000 114.922642
875.874000 45.000000 111.828643
875.465100 45.000000 109.505521
875.056200 45.000000 102.396449
874.647200 21.929249 68.709119
874.238000 45.000000 342.813607
873.828900 45.000000 61.584128
873.419600 45.000000 63.395575
873.010200 45.000000 62.585933
872.600700 45.000000 63.369786
872.191200 23.092893 34.984865
871.781600 10.749851 5.349696
871.371800 10.355287 318.179173
870.962000 4.116485 357.948308
870.552100 0.904130 65.164832
870.142200 1.377666 138.201491
869.732100 2.193828 9.537837
869.321900 5.738647 357.370111
868.911700 9.224538 350.472692
868.501300 12.159004 347.918653
868.090900 15.227793 347.839425
867.680500 14.457193 345.918538
867.269900 12.693951 346.402181
866.859200 12.074076 344.107188
866.448500 10.928346 340.023380
866.037600 11.893569 333.988288
865.626700 11.604223 340.121526
865.215700 10.614221 345.594683
864.804600 10.945760 348.612012
864.393400 10.354836 350.490621
863.982100 11.438451 351.063309
863.570700 10.419322 349.123233
863.159300 7.460638 348.991322
862.747700 8.740321 340.150251
862.336100 9.249885 332.651876
861.924400 10.026962 326.931395
861.512600 9.668662 330.866294
861.100800 7.570280 333.515067
860.688800 7.022542 335.455875
860.276700 7.394793 333.550383
859.864600 7.712415 334.688730
859.452300 7.508612 329.931384
859.040000 8.151756 327.421006
858.627600 8.571707 325.466917
858.215100 9.408743 325.220102
857.802600 10.605839 327.100961
857.389900 11.677019 327.379118
856.977100 11.210884 326.738783
856.564300 11.118684 325.428942
856.151400 11.580648 324.745234
855.738300 11.306299 324.220556
855.325300 11.835409 323.978502
854.912000 12.258147 322.706843
854.498800 11.751201 319.157468
854.085400 11.758898 319.088052
853.671900 11.802628 319.314175
853.258400 11.545771 317.238038
852.844800 11.313034 314.473444
852.431100 10.778969 312.360539
852.017300 11.417509 311.483794
851.603400 11.067599 310.681343
851.189400 11.264524 310.766573
850.775300 11.920729 311.097650
850.361200 11.168389 309.911221
849.947000 11.325101 310.562296
849.532600 11.839472 310.530217
849.118200 12.025653 309.694631
848.703700 12.035209 308.782083
848.289100 12.008579 308.132822
847.874400 11.850789 307.065458
847.459700 11.896109 305.851810
847.044800 11.884917 304.779723
846.629800 11.927945 303.821563
846.214800 11.898775 302.630230
845.799700 11.874643 301.582027
845.384500 11.868580 300.656186
844.969200 12.071108 299.718702
844.553800 12.439091 298.989917
844.138300 12.187742 298.085281
843.722700 12.028157 297.265526
843.307100 11.975363 296.291322
842.891400 12.130666 295.435648
842.475500 12.051770 294.469383
842.059600 12.282464 293.915004
841.643600 12.236978 292.982184
841.227500 11.983016 292.149170
840.811300 11.671368 291.361391
840.395100 11.769356 290.735266
839.978700 11.761104 289.876031
839.562300 11.602569 289.074589
839.145700 11.644463 288.420742
838.729100 11.705273 287.702406
838.312400 11.733373 286.833474
837.895600 11.739094 286.010388
837.478700 11.880559 285.228138
837.061700 11.909199 284.324719
836.644700 11.920962 283.564337
836.227500 12.007920 282.671376
835.810200 12.086922 281.740095
835.392900 12.039996 280.942455
834.975500 12.106147 280.121119
834.557900 12.147712 279.265590
834.140300 12.081481 278.392456
833.722700 12.121304 277.681476
833.304900 12.192934 276.895517
832.887000 12.248784 276.108863
832.469100 12.137877 275.117211
832.051000 12.187605 274.322113
831.632900 12.208966 273.563856
831.214600 12.180389 272.609080
830.796300 12.296314 271.974665
830.377900 12.368887 271.268883
829.959400 12.342286 270.497567
829.540800 12.395081 269.688442
829.122100 12.313651 268.679480
828.703400 12.339162 267.939310
828.284500 12.265115 266.927928
827.865600 12.305995 266.106858
827.446500 12.286165 265.238723
827.027500 12.259541 264.247827
826.608200 12.269900 263.489283
826.188900 12.253374 262.687437
825.769500 12.236345 261.864095
825.350000 12.186572 260.920380
824.930500 12.159089 260.053060
824.510800 12.192990 259.223492
824.091100 12.184446 258.370713
823.671300 12.193528 257.426691
823.251300 12.175094 256.579414
822.831300 12.179366 255.723082
822.411200 12.199171 254.953920
821.991000 12.208679 254.229569
821.570700 12.203333 253.398948
821.150300 12.202251 252.577204
820.729900 12.232121 251.845498
820.309300 12.243969 251.051433
819.888600 12.246722 250.186838
819.467900 12.266664 249.375316
819.047100 12.285161 248.643307
818.626200 12.297432 247.821865
818.205100 12.308260 246.966069
817.784100 12.329495 246.189868
817.362900 12.325400 245.331773
816.941600 12.345897 244.585127
816.520200 12.366763 243.752999
816.098800 12.384837 242.959950
815.677200 12.414707 242.143043
815.255600 12.412968 241.272209
814.833800 12.433552 240.452735
814.412000 12.464808 239.689617
813.990100 12.489563 238.975900
813.568100 12.505803 238.182122
813.146000 12.517793 237.255391
812.723800 12.524172 236.397260
812.301500 12.578231 235.702206
811.879200 12.566784 234.776011
811.456700 12.583188 233.937461
811.034100 12.593906 233.083880
810.611500 12.607297 232.321497
810.188800 12.624860 231.476403
809.765900 12.646101 230.600980
809.343000 12.670815 229.748339
808.920000 12.704933 228.910085
808.496900 12.731245 228.016023
808.073700 12.753590 227.139621
807.650500 12.777564 226.335946
807.227100 12.794442 225.432433
806.803600 12.829684 224.544348
806.380100 12.856531 223.662989
805.956400 12.890379 222.819419
805.532700 12.917373 221.993206
805.108900 12.948731 221.089586
804.685000 12.977470 220.278255
804.261000 13.003653 219.375154
803.836900 13.032962 218.600141
803.412700 13.073830 217.778134
802.988400 13.108202 216.973570
802.564000 13.138842 216.132545
802.139600 13.163331 215.242014
801.715000 13.189660 214.388822
801.290300 13.219580 213.502812
800.865700 13.244928 212.704817
800.440800 13.256948 211.768661
800.015900 13.288197 210.973128
799.590900 13.324046 210.114919
799.165800 13.363762 209.329879
798.740600 13.411473 208.466189
798.315300 13.457619 207.640796
797.889900 13.517151 206.813475
797.464400 13.556793 205.989704
797.038900 13.614277 205.178107
796.613200 13.663949 204.371377
796.187500 13.688917 203.497655
795.761700 13.733406 202.694621
795.335700 13.776871 201.917332
794.909700 13.826356 201.097989
794.483600 13.863194 200.234570
794.057400 13.908112 199.437923
793.631000 13.968490 198.570435
793.204700 14.016039 197.740724
792.778200 14.054972 196.862466
792.351600 14.100167 196.076023
791.924900 14.142618 195.238681
791.498200 14.197706 194.438721
791.071400 14.243143 193.677385
790.644400 14.291669 192.866707
790.217300 14.331495 192.071703
789.790200 14.378826 191.246872
789.363000 14.431549 190.444663
788.935700 14.483546 189.685923
788.508300 14.530595 188.850310
788.080700 14.580990 188.065749
787.653200 14.638657 187.253624
787.225500 14.682237 186.480708
786.797700 14.729928 185.655106
786.369900 14.788553 184.887031
785.941900 14.841737 184.101224
785.513900 14.892929 183.312074
785.085700 14.947383 182.493448
784.657500 15.003699 181.706521
784.229100 15.046815 180.965613
783.800700 15.086960 180.202908
783.372200 15.137861 179.428732
782.943500 15.192764 178.655692
782.514800 15.255275 177.901946
782.086100 15.306539 177.184922
781.657200 15.351569 176.443498
781.228200 15.406664 175.664177
780.799100 15.463805 174.904213
780.369900 15.517605 174.124900
779.940700 15.564328 173.372264
779.511300 15.620138 172.584072
779.081800 15.685621 171.821490
778.652300 15.759160 171.048019
778.222700 15.824712 170.264160
777.793000 15.884751 169.513754
777.363200 15.949196 168.769740
776.933200 16.004646 168.004973
776.503200 16.064781 167.244265
776.073100 16.121456 166.494339
775.642900 16.181888 165.747508
775.212600 16.243430 165.017298
774.782200 16.303505 164.281905
774.351700 16.363292 163.558287
773.921200 16.428553 162.823045
773.490500 16.492436 162.104093
773.059800 16.559825 161.359345
772.628900 16.627543 160.618058
772.198000 16.695962 159.881996
771.766900 16.754702 159.152469
771.335800 16.810084 158.441352
770.904600 16.873415 157.708222
770.473300 16.941715 156.985251
770.041900 17.007504 156.289592
769.610400 17.072988 155.567140
769.178700 17.133590 154.850546
768.747100 17.184802 154.164371
768.315200 17.264889 153.480455
767.883400 17.344138 152.735414
767.451400 17.409095 152.017747
767.019300 17.476825 151.294667
766.587200 17.544824 150.581655
766.154900 17.613235 149.862826
765.722500 17.678389 149.157938
765.290100 17.750585 148.477064
764.857500 17.820575 147.781091
764.424900 17.892116 147.092547
763.992200 17.966700 146.427905
763.559300 18.043190 145.739938
763.126400 18.110339 145.078228
762.693400 18.185898 144.368951
762.260300 18.246668 143.678988
761.827100 18.322562 142.996092
761.393800 18.387179 142.329018
760.960400 18.455255 141.635798
760.526900 18.529911 140.955825
760.093300 18.606343 140.269757
759.659700 18.682061 139.589653
759.225900 18.745722 138.930409
758.792100 18.810627 138.276432
758.358100 18.884717 137.585692
757.924000 18.942804 136.911863
757.489900 19.005355 136.243534
757.055600 19.062086 135.570502
756.621300 19.138504 134.907129
756.186800 19.209786 134.222832
755.752300 19.267798 133.583051
755.317700 19.345676 132.924335
754.883000 19.407423 132.254935
754.448200 19.468694 131.620946
754.013200 19.537097 130.965337
753.578200 19.613299 130.298092
753.143100 19.678320 129.649708
752.707900 19.746148 128.995940
752.272600 19.819594 128.336033
751.837300 19.877113 127.678611
751.401800 19.952555 127.014704
750.966200 20.020370 126.373584
750.530600 20.088523 125.739098
750.094800 20.154817 125.069560
749.658900 20.231865 124.411625
749.223000 20.298594 123.766584
748.786900 20.358913 123.141143
748.350800 20.442227 122.504313
747.914600 20.516665 121.906304
747.478200 20.585862 121.295367
747.041700 20.657007 120.664043
746.605200 20.726369 120.018556
746.168600 20.809303 119.391776
745.731900 20.890085 118.775128
745.295000 20.971496 118.153133
744.858200 21.054866 117.519260
744.421100 21.124906 116.900543
743.984100 21.206698 116.306590
743.546800 21.278246 115.688317
743.109600 21.350916 115.088348
742.672200 21.422206 114.495789
742.234700 21.483115 113.892839
741.797100 21.555942 113.275134
741.359400 21.621372 112.665798
740.921600 21.694164 112.064299
740.483800 21.767995 111.460096
740.045800 21.836553 110.892635
739.607700 21.904096 110.331042
739.169600 21.994052 109.752086
738.731300 22.066014 109.178118
738.293000 22.141580 108.587103
737.854500 22.214239 108.004512
737.416000 22.295947 107.420902
736.977300 22.367948 106.835538
736.538600 22.438420 106.260724
736.099700 22.511556 105.690136
735.660800 22.593141 105.136609
735.221800 22.672252 104.575162
734.782700 22.740251 104.035074
734.343400 22.826771 103.456644
733.904100 22.916756 102.879948
733.464700 22.995386 102.305648
733.025200 23.074340 101.753446
732.585600 23.164486 101.192230
732.145900 23.248519 100.621936
731.706100 23.323393 100.058220
731.266200 23.398916 99.518576
730.826200 23.467978 98.964568
730.386100 23.537966 98.431088
729.945900 23.617911 97.879341
729.505700 23.699733 97.327120
729.065300 23.804078 96.764525
728.624800 23.862846 96.213065
728.184300 23.945923 95.662743
727.743600 24.030724 95.114815
727.302800 24.106222 94.579855
726.861900 24.209338 94.020820
726.421000 24.295473 93.463508
725.979900 24.391493 92.913958
725.538800 24.491420 92.341043
725.097500 24.592223 91.777867
724.656100 24.677252 91.228186
724.214700 24.777393 90.656521
723.773200 24.870638 90.080585
723.331500 24.963479 89.512312
722.889800 25.069428 88.918860
722.447900 25.185104 88.335357
722.006000 25.296756 87.738712
721.564000 25.431808 87.120872
721.121800 25.564531 86.500741
720.679600 25.671531 85.881293
720.237300 25.802801 85.244959
719.794900 25.930521 84.627387
719.352400 26.097023 83.993221
718.909700 26.223278 83.326305
718.467000 26.322369 82.647836
718.024200 26.475846 81.973993
717.581300 26.649987 81.288954
717.138300 26.813432 80.601357
716.695200 26.947851 79.899288
716.252000 27.046330 79.181222
715.808700 27.173850 78.411975
715.365300 27.295307 77.646999
714.921800 27.407268 76.904566
714.478200 27.505574 76.179004
714.034500 27.668783 75.465353
713.590700 27.827159 74.763526
713.146900 27.980086 74.051533
712.702800 28.080242 73.334937
712.258800 28.113992 72.600444
711.814600 28.176241 71.878251
711.370300 28.124617 71.115423
710.925900 28.103526 70.350814
710.481400 28.004570 69.576436
710.036900 27.874147 68.783328
709.592200 27.760880 67.999525
709.147400 27.616345 67.208896
708.702600 27.426144 66.377336
708.257600 27.179408 65.519403
707.812500 26.909846 64.623887
707.367400 26.612267 63.704624
706.922100 26.267183 62.737515
706.476700 25.909572 61.726495
706.031300 25.502438 60.637521
705.585700 25.122011 59.564811
705.140100 24.730712 58.431813
704.694300 24.316765 57.212191
704.248400 23.965438 56.020441
703.802500 23.588086 54.735543
703.356400 23.264475 53.460642
702.910300 22.914343 52.104582
702.464100 22.604604 50.737575
702.017700 22.348680 49.391755
701.571200 22.163687 48.138116
701.124700 22.050888 46.979722
700.678000 21.881111 45.660738
700.231300 21.757121 44.389217
699.784400 21.688003 43.221126
699.337500 21.602524 41.981489
698.890400 21.597116 40.849496
698.443300 21.604847 39.785749
697.996100 21.631216 38.762040
697.548800 21.675286 37.869420
697.101300 21.726859 37.021627
696.653700 21.754253 36.120316
696.206100 21.781610 35.208044
695.758400 21.830405 34.431558
695.310500 21.819434 33.507542
694.862600 21.783466 32.574187
694.414600 21.713675 31.572356
693.966400 21.672473 30.613210
693.518200 21.603101 29.573813
693.069900 21.491968 28.416810
692.621500 21.366311 27.059594
692.172900 21.191466 25.527004
691.724300 21.001356 23.890303
691.275600 20.774481 21.937761
690.826700 20.520846 19.700978
690.377800 20.270598 17.258268
689.928800 20.024048 14.520961
689.479700 19.806197 11.543857
689.030400 19.607785 8.331956
688.581100 19.457868 4.763894
688.131700 19.381902 0.942296
687.682100 19.401670 356.918781
687.232500 19.533707 352.707682
686.782800 19.788250 348.354552
686.332900 20.170570 344.116933
685.883000 20.670495 339.998243
685.433000 21.271454 336.157450
684.982800 21.967141 332.552403
684.532700 22.715177 329.281577
684.082300 23.511770 326.313770
683.631900 24.299826 323.724631
683.181300 25.071609 321.437912
682.730700 25.831889 319.391707
682.280000 26.536717 317.570697
681.829200 27.209115 315.904521
681.378200 27.790457 314.449603
680.927200 28.266570 313.181859
680.476100 28.716992 311.955090
680.024800 29.126345 310.794617
679.573500 29.388523 309.787728
679.122100 29.539842 308.868939
678.670500 29.631847 307.982071
678.218900 29.634503 307.154919
677.767200 29.589038 306.355799
677.315400 29.465140 305.579306
676.863400 29.247110 304.848035
676.411400 28.986287 304.111435
675.959200 28.740534 303.337650
675.507000 28.460139 302.566257
675.054700 28.143685 301.790120
674.602200 27.807513 300.999635
674.149700 27.476092 300.194692
673.697100 27.134633 299.362918
673.244300 26.801453 298.514055
672.791500 26.417326 297.677224
672.338600 26.074816 296.799994
671.885500 25.747683 295.896529
671.432400 25.433121 294.970856
670.979100 25.142631 294.028310
670.525800 24.864440 293.056932
670.072300 24.565588 292.112724
669.618800 24.290736 291.147185
669.165100 24.009165 290.188190
668.711400 23.735441 289.239277
668.257500 23.424140 288.322196
667.803500 23.165578 287.362735
667.349500 22.903151 286.402618
666.895300 22.658410 285.452779
666.441100 22.445584 284.485568
665.986800 22.230113 283.534349
665.532300 22.025086 282.574750
665.077700 21.834401 281.610559
664.623000 21.638588 280.634818
664.168300 21.469479 279.663186
663.713400 21.288584 278.689397
663.258400 21.114002 277.703747
662.803400 20.957125 276.701603
662.348200 20.802698 275.697285
661.892900 20.664544 274.684841
661.437600 20.507894 273.667010
660.982100 20.380141 272.638890
660.526500 20.244058 271.601538
660.070800 20.119127 270.559691
659.615100 19.990360 269.513709
659.159200 19.876816 268.448599
658.703200 19.746354 267.356707
658.247100 19.637213 266.263832
657.790900 19.515139 265.168456
657.334600 19.416195 264.068044
656.878200 19.312611 262.951945
656.421800 19.208862 261.814739
655.965100 19.119995 260.670837
655.508400 19.013769 259.504515
655.051600 18.912360 258.326290
654.594700 18.816656 257.141499
654.137700 18.724807 255.946312
653.680600 18.638765 254.738410
653.223400 18.559130 253.520712
652.766100 18.469308 252.291469
652.308700 18.383566 251.040163
651.851100 18.307673 249.786653
651.393600 18.237944 248.529271
650.935800 18.173318 247.261697
650.478000 18.112499 245.994426
650.020100 18.055006 244.708391
649.562000 17.996500 243.413294
649.103900 17.938956 242.110505
648.645700 17.886014 240.795963
648.187300 17.837809 239.465499
647.728900 17.793655 238.126775
647.270300 17.750427 236.782888
646.811700 17.707374 235.433664
646.353000 17.669513 234.075411
645.894100 17.634503 232.720883
645.435100 17.603992 231.356591
644.976100 17.577515 229.985863
644.516900 17.549557 228.593725
644.057700 17.526565 227.196480
643.598300 17.501885 225.800239
643.138900 17.486449 224.420161
642.679300 17.468739 223.023944
642.219600 17.454694 221.625641
641.759800 17.445778 220.204205
641.299900 17.438201 218.778948
640.840000 17.436043 217.343905
640.379900 17.434939 215.923802
639.919700 17.435402 214.489839
639.459400 17.439561 213.071290
638.999000 17.441997 211.620432
638.538500 17.452598 210.197120
638.077900 17.459158 208.772627
637.617200 17.470551 207.346066
637.156400 17.487886 205.893938
636.695400 17.506398 204.473211
636.234400 17.527417 203.041145
635.773300 17.547681 201.624743
635.312100 17.568061 200.203570
634.850800 17.592222 198.749288
634.389300 17.623725 197.336987
633.927800 17.664790 195.917360
633.466200 17.705958 194.463283
633.004400 17.747385 193.038181
632.542500 17.791331 191.636934
632.080600 17.830820 190.209326
631.618600 17.871415 188.848003
631.156400 17.912771 187.415807
630.694200 17.940685 185.973291
630.231800 17.976488 184.526269
629.769300 18.009619 183.105391
629.306800 18.064232 181.672019
628.844100 18.108852 180.304167
628.381300 18.174804 178.892445
627.918400 18.234769 177.449874
627.455400 18.315170 176.093068
626.992300 18.377669 174.758125
626.529100 18.431898 173.470420
626.065800 18.486466 172.044950
625.602400 18.547638 170.654442
625.138900 18.622840 169.291176
624.675300 18.709399 168.017485
624.211500 18.767382 166.640670
623.747700 18.823975 165.213419
623.283800 18.932069 163.773326
622.819800 19.008648 162.294833
622.355700 19.055002 160.751926
621.891400 19.101168 159.271256
621.427100 19.148234 157.859520
620.962600 19.180543 156.484207
620.498000 19.207704 155.218634
620.033400 19.244639 153.795471
619.568700 19.289374 152.389281
619.103800 19.321223 150.996164
618.638800 19.352413 149.605364
618.173700 19.398420 148.221501
617.708600 19.426658 146.846793
617.243300 19.464506 145.499116
616.777900 19.513772 144.147362
616.312400 19.569743 142.833339
615.846800 19.619685 141.537668
615.381000 19.672573 140.207851
614.915300 19.717592 138.917313
614.449300 19.764039 137.644358
613.983300 19.824344 136.382401
613.517200 19.886197 135.105549
613.051000 19.955086 133.860753
612.584700 20.025394 132.624165
612.118200 20.095814 131.403746
611.651700 20.174515 130.174917
611.185000 20.252835 128.988469
610.718300 20.335694 127.809983
610.251400 20.412430 126.645709
609.784400 20.491205 125.478808
609.317300 20.572985 124.318414
608.850200 20.661363 123.180737
608.382900 20.742477 122.084262
607.915500 20.830379 120.981348
607.448000 20.917764 119.897493
606.980400 20.990364 118.849960
606.512700 21.069497 117.787761
606.044900 21.192899 116.685290
605.577000 21.248180 115.662150
605.108900 21.275488 114.675982
604.640800 21.295723 113.707587
604.172600 21.190684 112.862750
603.704200 21.220029 111.865317
603.235800 21.123160 110.967658
602.767300 21.227646 109.902901
602.298600 21.636689 108.624378
601.829800 22.015457 107.417806
601.361000 22.305257 106.290000
600.892000 22.449478 105.274720
600.422900 22.397254 104.352276
599.953700 22.289805 103.460110
599.484400 22.157400 102.570737
599.015000 22.044127 101.675410
598.545500 22.299233 100.612855
598.075900 22.344837 99.652648
597.606200 22.471366 98.675883
597.136400 22.667697 97.708494
596.666400 22.845204 96.760730
596.196400 23.076250 95.795443
595.726300 23.317391 94.870412
595.256000 23.489335 93.938285
594.785700 23.419385 92.993012
594.315200 23.494479 92.015214
593.844700 23.819828 91.040640
593.374000 23.984408 90.068652
592.903200 24.182057 89.084362
592.432300 24.457454 88.054633
591.961300 24.727151 87.083261
591.490200 24.970941 86.129889
591.019000 25.323546 85.188423
590.547700 25.640316 84.311401
590.076300 25.927655 83.342258
589.604800 26.110404 82.312168
589.133100 26.361291 81.232013
588.661400 26.648009 80.080999
588.189600 26.891581 78.966393
587.717600 27.122135 77.838524
587.245500 27.277908 76.683651
586.773400 27.354039 75.421554
586.301100 27.550337 74.127117
585.828700 27.491013 72.829290
585.356300 27.450798 71.465619
584.883700 27.448166 70.081794
584.410900 27.253902 68.675868
583.938200 27.107882 67.273956
583.465200 26.897392 65.800746
582.992200 26.610512 64.279336
582.519100 26.203435 62.713576
582.045800 25.679975 61.094209
581.572500 24.975546 59.343076
581.099100 24.209185 57.415131
580.625500 23.346088 55.291650
580.151900 22.545029 53.118345
579.678000 21.731563 50.803774
579.204200 20.959763 48.454252
578.730200 20.264659 46.085911
578.256100 19.654408 43.708679
577.781900 19.124345 41.493553
577.307600 18.665442 39.388414
576.833200 18.261258 37.488175
576.358600 17.907793 35.767671
575.884000 17.596560 34.345021
575.409300 17.367325 33.256655
574.934400 17.170577 32.293376
574.459500 17.019108 31.549273
573.984400 16.898091 30.956160
573.509200 16.829955 30.431722
573.033900 16.786679 29.974230
572.558600 16.782568 29.478164
572.083100 16.845051 28.917258
571.607500 16.925638 28.145637
571.131800 17.045110 27.254915
570.655900 17.189746 26.210650
570.180100 17.378737 24.910987
569.704000 17.554023 23.240407
569.227800 17.731268 21.251852
568.751600 17.896008 18.900894
568.275300 18.021356 16.073447
567.798800 18.140727 12.637364
567.322200 18.277383 8.634844
566.845500 18.437502 4.044777
566.368700 18.677348 358.904848
565.891800 18.999631 353.334529
565.414900 19.519959 347.400317
564.937700 20.184739 341.343784
564.460500 20.991558 335.453847
563.983200 21.906675 329.886119
563.505700 22.897107 324.605101
563.028200 23.912300 319.789958
562.550500 24.834630 315.438989
562.072800 25.654777 311.477014
561.594800 26.347899 307.959028
561.116900 26.824548 304.754919
560.638800 27.137989 301.890850
560.160600 27.245280 299.278181
559.682300 27.193957 296.878972
559.203900 26.995514 294.661822
558.725300 26.709659 292.618840
558.246700 26.352336 290.672234
557.767900 25.912938 288.835058
557.289100 25.486875 287.067790
556.810200 25.043706 285.360904
556.331100 24.628351 283.716733
555.851900 24.219308 282.109179
555.372600 23.788363 280.501615
554.893200 23.375476 278.913139
554.413700 22.983631 277.282417
553.934100 22.590945 275.665183
553.454300 22.196223 274.064085
552.974500 21.792959 272.426549
552.494600 21.418838 270.804224
552.014500 21.070264 269.126662
551.534400 20.742417 267.451611
551.054100 20.451329 265.743663
550.573700 20.146675 263.981472
550.093300 19.894165 262.222737
549.612700 19.639910 260.402387
549.132000 19.409164 258.578750
548.651100 19.186779 256.725763
548.170200 18.979707 254.862415
547.689100 18.792123 253.005450
547.208000 18.609527 251.106939
546.726700 18.429632 249.182096
546.245400 18.265868 247.260782
545.763900 18.104688 245.277562
545.282300 17.956475 243.285110
544.800700 17.816555 241.269505
544.318800 17.684201 239.228410
543.836900 17.559069 237.189970
543.354900 17.431041 235.120809
542.872800 17.313736 233.066176
542.390500 17.208454 230.976752
541.908200 17.124963 228.877027
541.425700 17.032322 226.760315
540.943100 16.955050 224.617046
540.460400 16.892277 222.414365
539.977700 16.838826 220.224021
539.494800 16.768097 218.055660
539.011800 16.722642 215.875172
538.528600 16.680749 213.683325
538.045400 16.640247 211.485926
537.562100 16.616798 209.276677
537.078600 16.595641 207.085700
536.595000 16.579284 204.880495
536.111400 16.567481 202.669560
535.627600 16.575064 200.453524
535.143700 16.570427 198.228697
534.659700 16.584477 196.007204
534.175600 16.601019 193.773506
533.691300 16.621214 191.565065
533.207000 16.648277 189.351538
532.722600 16.680281 187.141386
532.238000 16.709166 184.950484
531.753400 16.744457 182.757641
531.268600 16.789610 180.591177
530.783700 16.824635 178.431542
530.298700 16.872830 176.295676
529.813600 16.914314 174.161978
529.328400 16.977063 172.049259
528.843000 17.032196 169.938493
528.357600 17.093587 167.842737
527.872000 17.147439 165.749190
527.386400 17.212680 163.682391
526.900600 17.264878 161.602556
526.414700 17.330825 159.540485
525.928700 17.388497 157.486201
525.442600 17.455615 155.456537
524.956400 17.520558 153.424238
524.470000 17.584056 151.388561
523.983600 17.652807 149.386659
523.497100 17.706228 147.378703
523.010400 17.764483 145.371112
522.523600 17.836430 143.400294
522.036700 17.900766 141.439262
521.549700 17.967392 139.502271
521.062600 18.029165 137.571454
520.575400 18.088388 135.666926
520.088100 18.158913 133.765865
519.600600 18.219606 131.894958
519.113100 18.294016 130.006922
518.625400 18.365583 128.146860
518.137700 18.454024 126.279501
517.649800 18.527410 124.439131
517.161800 18.607495 122.604955
516.673700 18.680852 120.792983
516.185500 18.755903 118.978201
515.697100 18.826148 117.182088
515.208700 18.891225 115.391696
514.720200 18.941243 113.619493
514.231400 19.010367 111.836129
513.742700 19.051598 110.107042
513.253800 19.115065 108.346624
512.764800 19.147569 106.611131
512.275700 19.163232 104.907135
511.786400 19.179661 103.164042
511.297100 19.180358 101.434078
510.807600 19.203235 99.675201
510.318100 19.204087 97.911290
509.828400 19.231724 96.140342
509.338600 19.259071 94.360225
508.848800 19.301248 92.548284
508.358700 19.382091 90.698237
507.868600 19.400253 88.844760
507.378400 19.383677 86.945387
506.888000 19.379572 84.997581
506.397600 19.425219 83.009574
505.907000 19.524355 80.952794
505.416300 19.486306 78.887603
504.925500 19.511721 76.767140
504.434600 19.543869 74.561889
503.943600 19.552695 72.333862
503.452500 19.557501 70.064095
502.961200 19.522301 67.682532
502.469800 19.502257 65.309805
501.978400 19.492021 62.956093
501.486800 19.456643 60.586878
500.995100 19.368301 58.195463
500.503300 19.195401 55.684965
500.011400 19.080053 53.237054
499.519300 18.886674 50.787068
499.027200 18.724392 48.413230
498.534900 18.498941 46.063322
498.042600 18.243340 43.874827
497.550100 17.934915 41.828621
497.057500 17.552401 39.820709
496.564800 17.074983 37.797581
496.072000 16.560583 35.758959
495.579000 16.016617 33.748189
495.086000 15.422833 31.871296
494.592800 14.803735 30.014157
494.099500 14.168066 28.147542
493.606200 13.536673 26.206611
493.112700 12.907434 24.210527
492.619000 12.294435 21.967526
492.125300 11.674527 19.502316
491.631500 11.052362 16.614609
491.137500 10.461594 13.254208
490.643500 9.893899 9.566105
490.149300 9.359996 5.205150
489.655000 8.864216 0.352488
489.160600 8.443279 355.139932
488.666100 8.074777 349.566612
488.171400 7.762661 343.784976
487.676700 7.507026 337.829912
487.181800 7.308215 331.830059
486.686900 7.152546 326.208102
486.191800 7.009705 320.925874
485.696600 6.881994 316.026293
485.201300 6.756161 311.241596
484.705800 6.607749 306.712841
484.210300 6.420665 302.592000
483.714600 6.172711 298.510510
483.218900 5.893310 294.281845
482.723000 5.592261 289.310538
482.227000 5.263504 284.221326
481.730900 4.897828 278.708610
481.234600 4.523443 272.579454
480.738300 4.174351 265.552265
480.241900 3.868897 257.628435
479.745300 3.576214 248.745206
479.248600 3.372455 238.439158
478.751800 3.249673 227.066870
478.254900 3.226137 215.191539
477.757900 3.322575 203.469479
477.260800 3.516466 192.298373
476.763500 3.799403 182.291245
476.266200 4.164022 173.667089
475.768700 4.591990 166.502126
475.271100 5.062406 160.516455
474.773400 5.560746 155.286614
474.275600 6.079243 150.968560
473.777600 6.597313 147.082484
473.279600 7.116476 143.492090
472.781400 7.638424 140.190995
472.283100 8.184759 137.195655
471.784800 8.726821 134.388539
471.286300 9.267558 131.730433
470.787600 9.790576 129.051759
470.288900 10.287845 126.387760
469.790000 10.748568 123.840686
469.291100 11.166650 121.331642
468.792000 11.540331 118.900629
468.292800 11.875388 116.547662
467.793500 12.166698 114.209612
467.294100 12.459088 111.801073
466.794500 12.655510 109.327635
466.294900 12.831694 106.782751
465.795100 13.007316 104.064125
465.295200 13.147419 101.286512
464.795200 13.209068 98.530405
464.295100 13.272262 95.687290
463.794900 13.360266 92.654387
463.294600 13.483612 89.370360
462.794100 13.640667 86.078135
462.293500 13.877662 82.685145
461.792800 14.084115 79.262467
461.292100 14.324425 75.820574
460.791100 14.625190 72.374915
460.290100 14.999087 69.073315
459.788900 15.372563 65.878309
459.287700 15.732637 62.602374
458.786300 16.163905 59.654383
458.284800 16.538001 56.906564
457.783200 16.951302 54.299486
457.281500 17.290306 51.819319
456.779600 17.567543 49.472675
456.277700 17.726022 47.217113
455.775600 17.784158 44.959370
455.273400 17.789593 42.790470
454.771100 17.755178 40.601437
454.268700 17.622494 38.328909
453.766200 17.336599 37.029496
453.263500 16.959006 35.595608
452.760800 16.490155 34.030844
452.257900 15.918029 32.116106
451.754900 15.237060 29.760529
451.251800 14.426467 26.620097
450.748500 13.593698 22.800442
450.245200 12.797677 18.147520
449.741700 12.073148 12.604009
449.238200 11.449452 6.113621
448.734500 11.006540 359.080745
448.230700 10.735058 351.458940
447.726700 10.654658 343.841500
447.222700 10.718728 336.435073
446.718600 10.916107 329.533075
446.214300 11.222922 323.115596
445.709900 11.576546 317.381597
445.205400 11.976884 312.164172
444.700800 12.380016 307.608017
444.196000 12.788247 303.355841
443.691200 13.119055 299.694996
443.186200 13.431442 296.241820
442.681200 13.725846 293.026474
442.175900 13.950715 290.089631
441.670600 14.127146 287.401486
441.165200 14.239127 284.907371
440.659600 14.282635 282.539768
440.154000 14.253123 280.262074
439.648200 14.253123 280.262074
