Source : prueba_SiO2.P2.12h 05mn 44s
Spectrum : 1

Wavelength	Psi	Delta

829.9594	9.114	136.027
829.5408	9.139	135.932
829.1221	9.124	135.865
828.7034	9.143	135.860
828.2845	9.079	135.854
827.8656	9.097	135.819
827.4465	9.116	135.757
827.0275	9.099	135.715
826.6082	9.111	135.727
826.1889	9.131	135.636
825.7695	9.137	135.599
825.3500	9.126	135.556
824.9305	9.105	135.493
824.5108	9.100	135.419
824.0911	9.082	135.322
823.6713	9.074	135.281
823.2513	9.069	135.271
822.8313	9.064	135.269
822.4112	9.094	135.260
821.9910	9.127	135.297
821.5707	9.105	135.245
821.1503	9.092	135.248
820.7299	9.112	135.239
820.3093	9.127	135.239
819.8886	9.134	135.209
819.4679	9.155	135.192
819.0471	9.180	135.178
818.6262	9.196	135.139
818.2051	9.204	135.092
817.7841	9.212	135.047
817.3629	9.211	135.070
816.9416	9.226	135.058
816.5202	9.236	135.018
816.0988	9.254	134.987
815.6772	9.275	134.951
815.2556	9.275	134.949
814.8338	9.286	134.954
814.4120	9.297	134.922
813.9901	9.309	134.972
813.5681	9.319	134.971
813.1460	9.321	134.917
812.7238	9.320	134.914
812.3015	9.353	134.843
811.8792	9.336	134.878
811.4567	9.344	134.880
811.0341	9.346	134.845
810.6115	9.351	134.922
810.1888	9.359	134.841
809.7659	9.371	134.787
809.3430	9.383	134.770
808.9200	9.390	134.703
808.4969	9.399	134.627
808.0738	9.400	134.595
807.6505	9.407	134.618
807.2271	9.402	134.631
806.8036	9.415	134.599
806.3802	9.428	134.616
805.9564	9.441	134.579
805.5327	9.448	134.573
805.1089	9.459	134.507
804.6850	9.474	134.504
804.2610	9.476	134.510
803.8369	9.491	134.498
803.4127	9.509	134.453
802.9884	9.516	134.468
802.5640	9.528	134.452
802.1396	9.526	134.422
801.7150	9.525	134.468
801.2903	9.537	134.446
800.8657	9.536	134.474
800.4408	9.529	134.468
800.0159	9.540	134.460
799.5909	9.550	134.400
799.1658	9.561	134.422
798.7406	9.575	134.388
798.3153	9.593	134.392
797.8899	9.613	134.323
797.4644	9.622	134.298
797.0389	9.633	134.268
796.6132	9.642	134.230
796.1875	9.642	134.208
795.7617	9.655	134.171
795.3357	9.661	134.140
794.9097	9.675	134.066
794.4836	9.678	133.993
794.0574	9.685	134.017
793.6310	9.701	134.000
793.2047	9.713	133.929
792.7782	9.717	133.903
792.3516	9.723	133.886
791.9249	9.722	133.851
791.4982	9.732	133.824
791.0714	9.735	133.821
790.6444	9.737	133.835
790.2173	9.742	133.825
789.7902	9.753	133.825
789.3630	9.760	133.800
788.9357	9.769	133.797
788.5083	9.778	133.787
788.0807	9.780	133.796
787.6532	9.793	133.768
787.2256	9.788	133.769
786.7977	9.789	133.722
786.3699	9.798	133.734
785.9419	9.805	133.711
785.5139	9.809	133.692
785.0857	9.816	133.646
784.6575	9.824	133.590
784.2291	9.826	133.586
783.8007	9.826	133.584
783.3722	9.829	133.579
782.9435	9.837	133.572
782.5148	9.848	133.552
782.0861	9.848	133.567
781.6573	9.849	133.579
781.2282	9.856	133.560
780.7991	9.858	133.591
780.3698	9.864	133.592
779.9407	9.862	133.603
779.5113	9.864	133.595
779.0818	9.875	133.553
778.6523	9.889	133.496
778.2227	9.902	133.443
777.7930	9.908	133.434
777.3632	9.917	133.450
776.9332	9.922	133.443
776.5032	9.926	133.450
776.0731	9.931	133.433
775.6429	9.938	133.403
775.2126	9.946	133.386
774.7822	9.953	133.407
774.3517	9.961	133.426
773.9212	9.969	133.421
773.4905	9.975	133.438
773.0598	9.984	133.432
772.6289	9.993	133.424
772.1980	10.002	133.390
771.7669	10.007	133.378
771.3358	10.011	133.393
770.9046	10.016	133.388
770.4733	10.022	133.388
770.0419	10.032	133.397
769.6104	10.045	133.408
769.1787	10.050	133.414
768.7471	10.051	133.389
768.3152	10.066	133.383
767.8834	10.077	133.355
767.4514	10.085	133.308
767.0193	10.091	133.311
766.5872	10.102	133.293
766.1549	10.111	133.257
765.7224	10.119	133.254
765.2901	10.126	133.240
764.8575	10.139	133.230
764.4249	10.146	133.216
763.9922	10.155	133.224
763.5593	10.167	133.212
763.1264	10.173	133.225
762.6934	10.175	133.211
762.2603	10.179	133.205
761.8271	10.186	133.215
761.3938	10.192	133.207
760.9604	10.203	133.167
760.5269	10.210	133.179
760.0933	10.222	133.159
759.6597	10.235	133.127
759.2259	10.239	133.142
758.7921	10.249	133.160
758.3581	10.258	133.114
757.9240	10.258	133.097
757.4900	10.264	133.096
757.0556	10.268	133.118
756.6213	10.280	133.110
756.1868	10.290	133.088
755.7523	10.296	133.085
755.3177	10.309	133.066
754.8830	10.315	133.074
754.4482	10.317	133.088
754.0132	10.324	133.088
753.5782	10.333	133.078
753.1432	10.340	133.078
752.7079	10.347	133.082
752.2726	10.355	133.068
751.8373	10.356	133.069
751.4018	10.368	133.032
750.9662	10.378	133.017
750.5306	10.384	133.005
750.0948	10.390	132.985
749.6589	10.399	132.988
749.2230	10.404	132.989
748.7869	10.410	132.999
748.3508	10.421	132.975
747.9146	10.431	132.977
747.4782	10.439	132.979
747.0417	10.447	132.965
746.6052	10.455	132.967
746.1686	10.468	132.937
745.7319	10.481	132.912
745.2950	10.491	132.921
744.8582	10.502	132.902
744.4211	10.508	132.905
743.9841	10.519	132.898
743.5468	10.527	132.879
743.1096	10.534	132.880
742.6722	10.538	132.889
742.2347	10.541	132.914
741.7971	10.547	132.907
741.3594	10.552	132.887
740.9215	10.560	132.891
740.4838	10.565	132.875
740.0458	10.567	132.905
739.6077	10.570	132.913
739.1696	10.578	132.898
738.7313	10.584	132.902
738.2930	10.588	132.903
737.8545	10.591	132.913
737.4160	10.599	132.904
736.9773	10.602	132.933
736.5386	10.604	132.947
736.0996	10.612	132.946
735.6608	10.619	132.954
735.2218	10.625	132.949
734.7827	10.625	132.970
734.3434	10.631	132.966
733.9041	10.636	132.948
733.4647	10.637	132.941
733.0252	10.640	132.949
732.5856	10.650	132.939
732.1459	10.651	132.949
731.7061	10.648	132.955
731.2662	10.654	132.962
730.8261	10.654	132.960
730.3861	10.653	132.977
729.9459	10.656	132.973
729.5057	10.656	132.969
729.0653	10.661	132.966
728.6248	10.659	132.979
728.1843	10.659	132.996
727.7436	10.661	132.999
727.3028	10.661	133.005
726.8619	10.668	132.998
726.4210	10.669	132.989
725.9799	10.672	132.986
725.5388	10.674	132.976
725.0975	10.678	132.947
724.6562	10.680	132.953
724.2147	10.679	132.954
723.7732	10.678	132.944
723.3315	10.680	132.948
722.8898	10.685	132.920
722.4479	10.686	132.909
722.0060	10.689	132.899
721.5640	10.698	132.867
721.1218	10.702	132.862
720.6796	10.705	132.848
720.2373	10.708	132.839
719.7949	10.708	132.838
719.3524	10.715	132.817
718.9097	10.717	132.812
718.4670	10.719	132.803
718.0242	10.730	132.761
717.5813	10.735	132.744
717.1383	10.742	132.707
716.6952	10.747	132.694
716.2520	10.754	132.663
715.8087	10.761	132.627
715.3653	10.766	132.603
714.9218	10.770	132.600
714.4782	10.776	132.577
714.0345	10.784	132.540
713.5907	10.793	132.519
713.1469	10.797	132.503
712.7028	10.802	132.486
712.2588	10.813	132.453
711.8146	10.822	132.434
711.3703	10.830	132.412
710.9259	10.841	132.376
710.4814	10.848	132.351
710.0369	10.855	132.340
709.5922	10.863	132.322
709.1474	10.870	132.310
708.7026	10.877	132.293
708.2576	10.884	132.276
707.8125	10.891	132.270
707.3674	10.900	132.249
706.9221	10.909	132.236
706.4767	10.918	132.210
706.0313	10.926	132.183
705.5857	10.935	132.167
705.1401	10.945	132.146
704.6943	10.952	132.139
704.2484	10.958	132.121
703.8025	10.967	132.122
703.3564	10.978	132.080
702.9103	10.989	132.067
702.4641	10.998	132.051
702.0177	11.009	132.036
701.5712	11.018	132.017
701.1247	11.029	132.002
700.6780	11.038	131.988
700.2313	11.049	131.959
699.7844	11.060	131.935
699.3375	11.067	131.936
698.8904	11.075	131.921
698.4433	11.083	131.909
697.9961	11.094	131.876
697.5488	11.101	131.857
697.1013	11.109	131.840
696.6537	11.118	131.832
696.2061	11.130	131.806
695.7584	11.139	131.798
695.3105	11.149	131.765
694.8626	11.159	131.745
694.4146	11.166	131.735
693.9664	11.175	131.723
693.5182	11.189	131.704
693.0699	11.199	131.697
692.6215	11.210	131.687
692.1729	11.220	131.670
691.7243	11.227	131.657
691.2756	11.238	131.637
690.8267	11.248	131.622
690.3778	11.258	131.597
689.9288	11.265	131.575
689.4797	11.275	131.558
689.0304	11.282	131.542
688.5811	11.293	131.520
688.1317	11.299	131.509
687.6821	11.307	131.499
687.2325	11.316	131.479
686.7828	11.326	131.473
686.3329	11.335	131.454
685.8830	11.345	131.439
685.4330	11.358	131.435
684.9828	11.369	131.424
684.5327	11.375	131.421
684.0823	11.383	131.403
683.6319	11.392	131.392
683.1813	11.400	131.376
682.7307	11.411	131.352
682.2800	11.419	131.353
681.8292	11.429	131.330
681.3782	11.436	131.307
680.9272	11.442	131.296
680.4761	11.450	131.279
680.0248	11.454	131.276
679.5735	11.462	131.256
679.1221	11.468	131.247
678.6705	11.473	131.241
678.2189	11.483	131.221
677.7672	11.492	131.192
677.3154	11.498	131.175
676.8634	11.506	131.164
676.4114	11.511	131.149
675.9592	11.518	131.116
675.5070	11.526	131.097
675.0547	11.530	131.087
674.6022	11.536	131.067
674.1497	11.544	131.055
673.6971	11.548	131.048
673.2443	11.555	131.049
672.7915	11.561	131.023
672.3386	11.566	131.013
671.8855	11.572	131.005
671.4324	11.578	130.989
670.9791	11.584	130.971
670.5258	11.589	130.944
670.0723	11.596	130.922
669.6188	11.601	130.897
669.1651	11.607	130.882
668.7114	11.613	130.862
668.2575	11.621	130.845
667.8035	11.626	130.828
667.3495	11.632	130.810
666.8953	11.637	130.798
666.4411	11.643	130.778
665.9868	11.647	130.764
665.5323	11.653	130.741
665.0777	11.660	130.726
664.6230	11.665	130.710
664.1683	11.669	130.699
663.7134	11.675	130.685
663.2584	11.679	130.668
662.8034	11.682	130.655
662.3482	11.687	130.647
661.8929	11.691	130.626
661.4376	11.695	130.608
660.9821	11.701	130.599
660.5265	11.704	130.597
660.0708	11.711	130.585
659.6151	11.717	130.576
659.1592	11.725	130.563
658.7032	11.730	130.556
658.2471	11.734	130.539
657.7909	11.737	130.542
657.3346	11.742	130.535
656.8782	11.748	130.530
656.4218	11.755	130.524
655.9651	11.760	130.520
655.5084	11.765	130.508
655.0516	11.769	130.501
654.5947	11.774	130.489
654.1377	11.780	130.490
653.6806	11.784	130.484
653.2234	11.789	130.483
652.7661	11.794	130.488
652.3087	11.798	130.491
651.8511	11.802	130.492
651.3936	11.809	130.496
650.9358	11.814	130.500
650.4780	11.822	130.497
650.0201	11.830	130.499
649.5620	11.836	130.499
649.1039	11.841	130.497
648.6457	11.845	130.501
648.1873	11.850	130.506
647.7289	11.855	130.495
647.2703	11.861	130.495
646.8117	11.866	130.481
646.3530	11.872	130.482
645.8941	11.878	130.479
645.4351	11.883	130.471
644.9761	11.891	130.473
644.5169	11.896	130.452
644.0577	11.902	130.434
643.5983	11.908	130.421
643.1389	11.916	130.409
642.6793	11.922	130.401
642.2196	11.930	130.378
641.7598	11.937	130.365
641.2999	11.945	130.345
640.8400	11.956	130.319
640.3799	11.964	130.302
639.9197	11.973	130.288
639.4594	11.981	130.283
638.9990	11.985	130.263
638.5385	11.993	130.250
638.0779	11.997	130.240
637.6172	12.002	130.224
637.1564	12.011	130.215
636.6954	12.017	130.200
636.2344	12.025	130.175
635.7733	12.032	130.148
635.3121	12.035	130.127
634.8508	12.043	130.111
634.3893	12.050	130.090
633.9278	12.062	130.070
633.4662	12.075	130.050
633.0044	12.084	130.043
632.5425	12.090	130.043
632.0806	12.097	130.032
631.6186	12.097	130.031
631.1564	12.101	130.028
630.6942	12.101	130.002
630.2318	12.100	129.973
629.7693	12.095	129.956
629.3068	12.104	129.928
628.8441	12.102	129.915
628.3813	12.116	129.903
627.9184	12.127	129.891
627.4554	12.142	129.908
626.9923	12.147	129.882
626.5291	12.145	129.880
626.0658	12.147	129.865
625.6024	12.152	129.860
625.1389	12.159	129.896
624.6753	12.170	129.900
624.2115	12.164	129.925
623.7477	12.163	129.945
623.2838	12.182	129.969
622.8198	12.187	129.954
622.3557	12.190	129.851
621.8914	12.187	129.761
621.4271	12.185	129.667
620.9626	12.175	129.551
620.4980	12.158	129.454
620.0334	12.156	129.355
619.5687	12.164	129.241
619.1038	12.160	129.155
618.6388	12.151	129.072
618.1737	12.150	128.987
617.7086	12.141	128.895
617.2433	12.134	128.810
616.7779	12.132	128.732
616.3124	12.126	128.672
615.8468	12.114	128.611
615.3810	12.112	128.537
614.9153	12.102	128.474
614.4492	12.094	128.405
613.9833	12.089	128.356
613.5172	12.085	128.301
613.0510	12.085	128.251
612.5847	12.083	128.212
612.1182	12.082	128.175
611.6516	12.082	128.137
611.1850	12.084	128.109
610.7183	12.085	128.079
610.2514	12.088	128.044
609.7844	12.090	128.018
609.3173	12.096	127.994
608.8502	12.103	127.976
608.3829	12.109	127.966
607.9156	12.117	127.951
607.4480	12.127	127.943
606.9804	12.138	127.949
606.5127	12.150	127.945
606.0449	12.162	127.954
605.5770	12.174	127.974
605.1089	12.189	127.992
604.6408	12.203	128.005
604.1726	12.222	128.020
603.7042	12.242	128.049
603.2358	12.260	128.078
602.7673	12.279	128.110
602.2986	12.296	128.150
601.8298	12.313	128.187
601.3610	12.332	128.226
600.8920	12.352	128.257
600.4229	12.373	128.301
599.9537	12.394	128.345
599.4844	12.418	128.390
599.0150	12.445	128.447
598.5455	12.469	128.491
598.0759	12.495	128.538
597.6062	12.516	128.600
597.1364	12.542	128.664
596.6664	12.573	128.729
596.1964	12.600	128.797
595.7263	12.628	128.866
595.2560	12.651	128.934
594.7857	12.671	129.005
594.3152	12.694	129.065
593.8447	12.720	129.121
593.3741	12.743	129.183
592.9032	12.775	129.234
592.4323	12.804	129.286
591.9613	12.839	129.357
591.4902	12.873	129.434
591.0190	12.915	129.496
590.5477	12.942	129.564
590.0763	12.983	129.625
589.6048	13.004	129.684
589.1331	13.030	129.746
588.6614	13.045	129.768
588.1896	13.067	129.820
587.7176	13.097	129.850
587.2455	13.126	129.883
586.7734	13.149	129.892
586.3011	13.168	129.852
585.8287	13.176	129.831
585.3563	13.202	129.769
584.8837	13.225	129.691
584.4109	13.225	129.588
583.9382	13.234	129.494
583.4652	13.248	129.472
582.9922	13.263	129.445
582.5191	13.277	129.413
582.0458	13.294	129.400
581.5725	13.318	129.381
581.0991	13.328	129.363
580.6255	13.328	129.360
580.1519	13.340	129.343
579.6780	13.355	129.324
579.2042	13.362	129.305
578.7303	13.376	129.296
578.2561	13.388	129.285
577.7819	13.394	129.279
577.3076	13.403	129.263
576.8332	13.421	129.241
576.3586	13.430	129.240
575.8840	13.447	129.225
575.4093	13.464	129.224
574.9344	13.478	129.206
574.4595	13.492	129.201
573.9844	13.503	129.187
573.5092	13.517	129.172
573.0339	13.530	129.164
572.5586	13.544	129.150
572.0831	13.558	129.139
571.6075	13.573	129.123
571.1318	13.590	129.123
570.6559	13.607	129.114
570.1801	13.623	129.116
569.7040	13.635	129.115
569.2278	13.653	129.114
568.7516	13.667	129.111
568.2753	13.682	129.108
567.7989	13.697	129.095
567.3222	13.710	129.091
566.8455	13.723	129.093
566.3687	13.738	129.082
565.8918	13.752	129.074
565.4149	13.769	129.071
564.9377	13.779	129.064
564.4605	13.790	129.057
563.9832	13.802	129.048
563.5057	13.814	129.041
563.0282	13.825	129.033
562.5505	13.839	129.027
562.0728	13.852	129.021
561.5948	13.865	129.018
561.1169	13.878	129.011
560.6388	13.891	129.002
560.1606	13.904	128.995
559.6823	13.915	128.982
559.2039	13.927	128.977
558.7253	13.937	128.976
558.2467	13.951	128.975
557.7679	13.964	128.970
557.2891	13.977	128.960
556.8102	13.988	128.953
556.3311	14.000	128.945
555.8519	14.012	128.943
555.3726	14.024	128.933
554.8932	14.035	128.927
554.4137	14.045	128.917
553.9341	14.058	128.908
553.4543	14.069	128.907
552.9745	14.080	128.903
552.4946	14.090	128.904
552.0145	14.101	128.901
551.5345	14.113	128.899
551.0541	14.124	128.896
550.5737	14.132	128.895
550.0933	14.143	128.889
549.6126	14.152	128.884
549.1320	14.162	128.880
548.6511	14.172	128.876
548.1702	14.184	128.869
547.6891	14.193	128.868
547.2080	14.202	128.870
546.7267	14.214	128.872
546.2454	14.224	128.870
545.7639	14.235	128.871
545.2823	14.245	128.867
544.8007	14.254	128.868
544.3188	14.265	128.862
543.8369	14.273	128.862
543.3549	14.284	128.853
542.8728	14.290	128.852
542.3905	14.297	128.865
541.9082	14.307	128.867
541.4257	14.319	128.867
540.9431	14.328	128.869
540.4604	14.338	128.881
539.9777	14.349	128.877
539.4948	14.357	128.884
539.0118	14.369	128.877
538.5286	14.378	128.884
538.0454	14.390	128.886
537.5621	14.401	128.887
537.0786	14.411	128.879
536.5950	14.421	128.884
536.1114	14.432	128.888
535.6276	14.443	128.892
535.1437	14.455	128.897
534.6597	14.467	128.902
534.1756	14.480	128.908
533.6913	14.490	128.910
533.2070	14.502	128.911
532.7226	14.516	128.918
532.2380	14.529	128.913
531.7534	14.544	128.921
531.2686	14.559	128.924
530.7837	14.574	128.932
530.2987	14.589	128.929
529.8136	14.605	128.930
529.3284	14.619	128.932
528.8430	14.634	128.933
528.3576	14.652	128.932
527.8720	14.667	128.935
527.3864	14.682	128.930
526.9006	14.702	128.922
526.4147	14.722	128.931
525.9287	14.741	128.931
525.4426	14.761	128.936
524.9564	14.778	128.935
524.4700	14.797	128.937
523.9836	14.817	128.938
523.4971	14.839	128.938
523.0104	14.860	128.935
522.5236	14.881	128.935
522.0367	14.903	128.923
521.5497	14.926	128.914
521.0626	14.945	128.910
520.5754	14.967	128.903
520.0881	14.992	128.898
519.6006	15.016	128.895
519.1131	15.039	128.892
518.6254	15.066	128.889
518.1377	15.089	128.884
517.6498	15.111	128.873
517.1618	15.131	128.873
516.6737	15.155	128.881
516.1855	15.179	128.876
515.6971	15.204	128.863
515.2087	15.226	128.863
514.7202	15.252	128.862
514.2314	15.275	128.866
513.7427	15.297	128.872
513.2538	15.324	128.866
512.7648	15.349	128.855
512.2757	15.371	128.850
511.7864	15.400	128.842
511.2971	15.423	128.832
510.8076	15.446	128.825
510.3181	15.471	128.813
509.8284	15.489	128.802
509.3386	15.508	128.796
508.8488	15.532	128.790
508.3587	15.557	128.788
507.8686	15.577	128.782
507.3784	15.600	128.769
506.8880	15.618	128.757
506.3976	15.640	128.743
505.9070	15.656	128.729
505.4163	15.680	128.716
504.9255	15.703	128.710
504.4346	15.726	128.701
503.9436	15.744	128.697
503.4525	15.760	128.689
502.9612	15.778	128.687
502.4698	15.800	128.672
501.9784	15.820	128.651
501.4868	15.840	128.645
500.9951	15.859	128.639
500.5033	15.879	128.629
500.0114	15.899	128.609
499.5193	15.920	128.600
499.0272	15.939	128.586
498.5349	15.960	128.579
498.0426	15.980	128.568
497.5501	16.001	128.557
497.0575	16.022	128.543
496.5648	16.047	128.534
496.0720	16.069	128.521
495.5790	16.090	128.510
495.0860	16.114	128.491
494.5928	16.131	128.472
494.0995	16.152	128.459
493.6062	16.174	128.439
493.1127	16.195	128.428
492.6190	16.220	128.411
492.1253	16.244	128.393
491.6315	16.265	128.383
491.1375	16.286	128.370
490.6435	16.309	128.356
490.1493	16.332	128.340
489.6550	16.355	128.327
489.1606	16.380	128.315
488.6661	16.405	128.304
488.1714	16.433	128.290
487.6767	16.456	128.279
487.1818	16.484	128.268
486.6869	16.509	128.261
486.1918	16.535	128.256
485.6966	16.555	128.244
485.2013	16.583	128.233
484.7058	16.606	128.222
484.2103	16.630	128.212
483.7146	16.660	128.200
483.2189	16.690	128.189
482.7230	16.719	128.174
482.2270	16.744	128.161
481.7309	16.770	128.144
481.2346	16.793	128.140
480.7383	16.817	128.134
480.2419	16.846	128.129
479.7453	16.874	128.128
479.2486	16.898	128.125
478.7518	16.921	128.124
478.2549	16.945	128.122
477.7579	16.969	128.120
477.2608	16.993	128.116
476.7635	17.019	128.121
476.2662	17.046	128.117
475.7687	17.072	128.105
475.2711	17.096	128.101
474.7734	17.121	128.101
474.2756	17.149	128.099
473.7776	17.168	128.095
473.2796	17.190	128.084
472.7814	17.212	128.072
472.2831	17.232	128.069
471.7848	17.252	128.072
471.2863	17.280	128.065
470.7876	17.298	128.064
470.2889	17.322	128.069
469.7900	17.345	128.071
469.2911	17.364	128.079
468.7920	17.394	128.086
468.2928	17.421	128.093
467.7935	17.444	128.105
467.2941	17.467	128.113
466.7945	17.497	128.125
466.2949	17.522	128.138
465.7951	17.547	128.152
465.2952	17.566	128.168
464.7952	17.594	128.189
464.2951	17.616	128.205
463.7949	17.637	128.216
463.2946	17.650	128.230
462.7941	17.673	128.246
462.2935	17.696	128.255
461.7928	17.716	128.270
461.2921	17.740	128.290
460.7911	17.764	128.306
460.2901	17.790	128.316
459.7889	17.816	128.335
459.2877	17.843	128.351
458.7863	17.868	128.367
458.2848	17.894	128.379
457.7832	17.913	128.395
457.2815	17.934	128.411
456.7796	17.963	128.430
456.2777	17.993	128.454
455.7756	18.016	128.482
455.2734	18.051	128.506
454.7711	18.082	128.531
454.2687	18.113	128.561
453.7662	18.144	128.579
453.2635	18.176	128.597
452.7608	18.208	128.614
452.2579	18.241	128.631
451.7549	18.273	128.648
451.2518	18.307	128.664
450.7485	18.341	128.681
450.2452	18.375	128.697

