1.507614  
-128.000000
0.727183  
2.053594  
0.751937  
0.857268  
0.828381  
0.733656  
0.811278  
1.042032  
0.760781  
1.025026  
0.883887  
0.806964  
0.812661  
0.921808  
0.867657  
0.793948  
0.780411  
0.789451  
0.858946  
0.778376  
0.823780  
0.814746  
0.795792  
0.774915  
0.785144  
0.781516  
0.774979  
0.791865  
0.785982  
0.799414  
0.788038  
0.768512  
0.789411  
0.758500  
0.762037  
0.754001  
0.747813  
0.733766  
0.710505  
0.726776  
0.703539  
0.707911  
0.706148  
0.711287  
0.704979  
0.703759  
0.711606  
0.711344  
0.709452  
0.707372  
0.713638  
0.716892  
0.715592  
0.723313  
0.724326  
0.719267  
0.738276  
0.738142  
0.744091  
0.732390  
0.739533  
0.754634  
0.747583  
0.755263  
0.777052  
0.766717  
0.766391  
0.764887  
0.771352  
0.772275  
0.766330  
0.772832  
0.778333  
0.778006  
0.776327  
0.790676  
0.780401  
0.779638  
0.767534  
0.783131  
0.749162  
0.796020  
0.765917  
0.792046  
0.762256  
0.817096  
0.772175  
0.706720  
0.769499  
0.777634  
0.815618  
0.725701  
0.758478  
0.742942  
0.709282  
0.707537  
0.723552  
0.669815  
0.707134  
0.708543  
0.685180  
0.703884  
0.687703  
0.684484  
0.616321  
0.600600  
0.626073  
0.704766  
0.622866  
0.608745  
0.635146  
0.557017  
0.612539  
0.653472  
0.598570  
0.617076  
0.579115  
0.616975  
0.615421  
0.634429  
0.641508  
0.595138  
0.609995  
0.592349  
0.602036  
0.599810  
0.594314  
0.558515  
0.566092  
0.575930  
0.602037  
0.612189  
0.546265  
0.651323  
0.574268  
0.534965  
0.668619  
0.603956  
0.615722  
0.575129  
0.584092  
0.623906  
0.610295  
0.535341  
0.578919  
0.567901  
0.630930  
0.512088  
0.591577  
0.603397  
0.590806  
0.616610  
0.604815  
0.600002  
0.615023  
0.656440  
0.677188  
0.626595  
0.842928  
0.679462  
0.667575  
0.526704  
0.408575  
0.564303  
0.497688  
0.543090  
0.466008  
0.437452  
0.404252  
0.503846  
0.500038  
0.611714  
0.613584  
0.603047  
0.607037  
0.592576  
0.590783  
0.592082  
0.591193  
0.581852  
0.576249  
0.572304  
0.567982  
0.559050  
0.561528  
0.556642  
0.550271  
0.549385  
0.547943  
0.541954  
0.542093  
0.537693  
0.534527  
0.530957  
0.528917  
0.524703  
0.523095  
0.519742  
0.516933  
0.511673  
0.518083  
0.515060  
0.509802  
0.511856  
0.507263  
0.505162  
0.500727  
0.501878  
0.499202  
0.496688  
0.496329  
0.494461  
0.493329  
0.490616  
0.488641  
0.485006  
0.485428  
0.481545  
0.478313  
0.480138  
0.478692  
0.477469  
0.472822  
0.470448  
0.468275  
0.466965  
0.466991  
0.467268  
0.465633  
0.465742  
0.464396  
0.458115  
0.460736  
0.459994  
0.460671  
0.455864  
0.457384  
0.456008  
0.457803  
0.451499  
0.452333  
0.452430  
0.449970  
0.449355  
0.447284  
0.446949  
0.447120  
0.444474  
0.444784  
0.442803  
0.443467  
0.442340  
0.441653  
0.442634  
0.440270  
0.437609  
0.437556  
0.437772  
0.434421  
0.435817  
0.433326  
0.434420  
0.433138  
0.431108  
0.430574  
0.429336  
0.430442  
0.430119  
0.428730  
0.426329  
0.426920  
0.424568  
0.423940  
0.422564  
0.425030  
0.424426  
0.422202  
0.421120  
0.421191  
0.421635  
0.420521  
0.418666  
0.418561  
0.419213  
0.418534  
0.417989  
0.414351  
0.413825  
0.415481  
0.413292  
0.414449  
0.412348  
0.414369  
0.412179  
0.409876  
0.412499  
0.411561  
0.411501  
0.409812  
0.409144  
0.408406  
0.406313  
0.407863  
0.409173  
0.405491  
0.405111  
0.402787  
0.404851  
0.403648  
0.404388  
0.402194  
0.404050  
0.402430  
0.403377  
0.402355  
0.402329  
0.400104  
0.401240  
0.401005  
0.400589  
0.400515  
0.398362  
0.400190  
0.400394  
0.397568  
0.399415  
0.399922  
0.395517  
0.394936  
0.394743  
0.395840  
0.395772  
0.394718  
0.395536  
0.393858  
0.394304  
0.394141  
0.395474  
0.393135  
0.393009  
0.392880  
0.392217  
0.391473  
0.389446  
0.389476  
0.388760  
0.386902  
0.387802  
0.388064  
0.386845  
0.387394  
0.387873  
0.387648  
0.388084  
0.386705  
0.386716  
0.386782  
0.387173  
0.385208  
0.385696  
0.385712  
0.385439  
0.384563  
0.383989  
0.384209  
0.382803  
0.380598  
0.382515  
0.382259  
0.381221  
0.379637  
0.380217  
0.378760  
0.378384  
0.378937  
0.377989  
0.377747  
0.377515  
0.376517  
0.377319  
0.377332  
0.376175  
0.376646  
0.374917  
0.375934  
0.376345  
0.375602  
0.376622  
0.374631  
0.375046  
0.375853  
0.375450  
0.374988  
0.373652  
0.375348  
0.374917  
0.374166  
0.372940  
0.372307  
0.372173  
0.373649  
0.373787  
0.373463  
0.370861  
0.371795  
0.372480  
0.371882  
0.372703  
0.373021  
0.371355  
0.370090  
0.371199  
0.371930  
0.370104  
0.369497  
0.371040  
0.370109  
0.368351  
0.369104  
0.369476  
0.369148  
0.367822  
0.369141  
0.366965  
0.367675  
0.368294  
0.366440  
0.367080  
0.366436  
0.366096  
0.366233  
0.367756  
0.365335  
0.365526  
0.367645  
0.367241  
0.365185  
0.365212  
0.366545  
0.366158  
0.365965  
0.364439  
0.364779  
0.364429  
0.363521  
0.365479  
0.362675  
0.364623  
0.360895  
0.364296  
0.363686  
0.363861  
0.362787  
0.361810  
0.363241  
0.363301  
0.361891  
0.360843  
0.360253  
0.362176  
0.361177  
0.361159  
0.361786  
0.358964  
0.361620  
0.361949  
0.358970  
0.360269  
0.360277  
0.361020  
0.361111  
0.360506  
0.360217  
0.359642  
0.360862  
0.360107  
0.358682  
0.359743  
0.357263  
0.355131  
0.356777  
0.356537  
0.355498  
0.357057  
0.358266  
0.356403  
0.354371  
0.355687  
0.357817  
0.357969  
0.359142  
0.353108  
0.354115  
0.355494  
0.354597  
0.355583  
0.357046  
0.356908  
0.351390  
0.354790  
0.358860  
0.356665  
0.353564  
0.354192  
0.357137  
0.355827  
0.352446  
0.354552  
0.357401  
0.350880  
0.354654  
0.350673  
0.350322  
0.350687  
0.354739  
0.351520  
0.351295  
0.351888  
0.351909  
0.353707  
0.351767  
0.353129  
0.351747  
0.352188  
0.352210  
0.349130  
0.350400  
0.350881  
0.351571  
0.353484  
0.352380  
0.354803  
0.348320  
0.350556  
0.350284  
0.352499  
0.347861  
0.352013  
0.350559  
0.350065  
0.348548  
0.345566  
0.352968  
0.354530  
0.351045  
0.348029  
0.356162  
0.353400  
0.349743  
0.345742  
0.347792  
0.346923  
0.347128  
0.347994  
0.348725  
0.350189  
0.346550  
0.347529  
0.347300  
0.354641  
0.348450  
0.347441  
0.350993  
0.346288  
0.348117  
0.351820  
0.351771  
0.352808  
0.350844  
0.340756  
0.342132  
0.346724  
0.346362  
0.348892  
0.346973  
0.347691  
0.345117  
0.362329  
0.357493  
0.367388  
0.369178  
0.371156  
0.354400  
0.353561  
0.347740  
0.345315  
0.349128  
0.345917  
0.348968  
0.351774  
0.358774  
0.356980  
0.356557  
0.357985  
0.347598  
0.341340  
0.351293  
0.348862  
0.341936  
0.351051  
0.345002  
0.347425  
0.343109  
0.343080  
0.342421  
0.346769  
0.344203  
0.347612  
0.344013  
0.346463  
0.338280  
0.342555  
0.337586  
0.351147  
0.345742  
0.350419  
0.348950  
0.354621  
0.348022  
0.344950  
0.349963  
0.345191  
0.333037  
0.342872  
0.337304  
0.335633  
0.341736  
0.349006  
0.349410  
0.347510  
0.342737  
0.344513  
0.344563  
0.346659  
0.326218  
0.359818  
0.342147  
0.325213  
0.328622  
0.364089  
0.352878  
0.342200  
0.373866  
0.316026  
0.340987  
0.329177  
0.319594  
0.328512  
0.357613  
0.279614  
0.319154  
0.300043  
0.288820  
0.369713  
0.370100  
0.347147  
0.403302  
0.322014  
0.334876  
0.218094  
0.304892  
0.215502  
0.323164  
0.264683  
0.547443  
