Resultados del Stack: Ajuste_muestra2_2try
Fecha: 2026-06-08 17:23:42
ID: 6

información del stack
=====================

Material: air
Modelo de Dispersión: None

Material: T1_porosa
Modelo de Dispersión: bruggeman
Espesor: 15.26 nm
Parámetros del Modelo: {'f_air': 0.14012753631896632, 'linked_to': 'T1_densa', 'f_optimized': 1.0}

Material: T1_densa
Modelo de Dispersión: cauchy
Espesor: 91.24 nm
Parámetros del Modelo: {'A': 2.946776532748256, 'B': 47.55137940203669, 'C': -35.2978628930602}

Material: Si
Modelo de Dispersión: None

=====================

wl,best_Ic,best_Is,Ic_exp,Is_exp
829.9594,-0.3045165134251907,0.04681766812304891,-0.2807454991781968,0.05607300894799631
829.5408,-0.30464448298635555,0.047017129359583736,-0.28308836910058655,0.05680302861487205
829.1221,-0.304771727869469,0.047216687818724706,-0.28234964000345175,0.05691628926182361
828.7034,-0.3048982158080486,0.047416291125553414,-0.2845952762084471,0.057105396698166
828.2845,-0.305024005091309,0.047616029894160534,-0.2825571723495568,0.05690167459400593
827.8656,-0.3051490335497872,0.04781580399892596,-0.2832153060893489,0.057188531617551906
827.4465,-0.30527335878149625,0.04801570402293882,-0.28318031876374106,0.05736152732207653
827.0275,-0.3053968899882467,0.04821558203567494,-0.28284705382838843,0.05765899328915313
826.6082,-0.3055131019431903,0.04838484871211776,-0.2836102325893945,0.05776301448643853
826.1889,-0.3056283045953076,0.048551926169332835,-0.28346817856642353,0.057790763997844975
825.7695,-0.3057404810103394,0.04870692619015727,-0.28251956524132565,0.057592234021244394
825.35,-0.3058502048057563,0.04885199699114327,-0.28064197326748086,0.057428888259978675
824.9305,-0.3059595499746608,0.04899699606765594,-0.28011869356690106,0.057316713741887335
824.5108,-0.3060685785117643,0.049141989230595956,-0.2805934662028768,0.05733222731474679
824.0911,-0.30617722460454877,0.04928690465737998,-0.28049548430603916,0.057643781134245946
823.6713,-0.3062855012449649,0.0494317739414623,-0.280431932107818,0.057952167119172025
823.2513,-0.30639344237659016,0.04957662815290335,-0.2801425842930116,0.05803003769067261
822.8313,-0.30650099939215225,0.04972139506190469,-0.2798992882506631,0.05771985420716402
822.4112,-0.30660819741952194,0.049866105961456964,-0.28016080114223907,0.0579420254399756
821.991,-0.30671503619520046,0.05001075762582915,-0.28086841493849285,0.057822610492352516
821.5707,-0.30682153024974784,0.050155346880203955,-0.27999454721603095,0.05775478226431225
821.1503,-0.30692766355586304,0.050299870511208496,-0.27967537017978916,0.057480329378217634
820.7299,-0.3070334003104111,0.05044429076973923,-0.2805065459481356,0.057589928805119914
820.3093,-0.3071387947853524,0.050588673011862546,-0.28122364556746765,0.057588829860471646
819.8886,-0.3072438290781096,0.05073297744167042,-0.2812594183808215,0.05758081129501157
819.4679,-0.3073484817413801,0.05087716267097946,-0.2813168886492617,0.0576335035920261
819.0471,-0.30745277131771837,0.05102126565325839,-0.28188376668690995,0.057698379024035455
818.6262,-0.30755669000798747,0.051165290144037104,-0.28227272432131983,0.05779852648978784
818.2051,-0.30766026827621273,0.051309260619021704,-0.282506687051739,0.058154743284308225
817.7841,-0.30776344105275744,0.051453070553106404,-0.2831236507961697,0.05847235314726441
817.3629,-0.30786628117572845,0.05159681910692736,-0.2829363000557625,0.058222590839199145
816.9416,-0.3079687538280743,0.05174046826732663,-0.2837984389538613,0.058343211307987294
816.5202,-0.30807084724494727,0.05188401394062777,-0.28429845156401456,0.05839946041898504
816.0988,-0.3081725505774936,0.05202741920696946,-0.2849824472359819,0.05855551554058193
815.6772,-0.30828494003029816,0.052191036020283015,-0.2855127137769258,0.058960560750823135
815.2556,-0.3084001372455366,0.05236081059667873,-0.28529932599452307,0.05867252301488834
814.8338,-0.3085171905913839,0.05253512233195906,-0.28561203283237563,0.058809575351989204
814.412,-0.30863727197557667,0.052716338411905025,-0.2859184804491068,0.058976718467807825
813.9901,-0.308756700883145,0.05289759021855511,-0.2862263244244866,0.058805889259873956
813.5681,-0.30887548380948154,0.05307886561263914,-0.28650433960192495,0.05877962867053771
813.146,-0.308993610730339,0.05326016724308253,-0.28646529246677443,0.058969632602779806
812.7238,-0.309111079987422,0.053441490191803775,-0.28644699636932613,0.05889291182518977
812.3015,-0.3092278899444367,0.05362282950771568,-0.2871824281486388,0.05912770629243695
811.8792,-0.30934401157158214,0.053804137277390356,-0.28667911718994143,0.05875813346866913
811.4567,-0.30945949827260666,0.05398549435135622,-0.2867975911147104,0.05884500882967274
811.0341,-0.30957432090010556,0.054166852741833506,-0.2868833423336998,0.05892522011268133
810.6115,-0.30968845098431425,0.05434816446720936,-0.28710227614356176,0.05852121061393375
810.1888,-0.30980191425685777,0.0545294673341748,-0.28700824460207686,0.05864814455080275
809.7659,-0.3099147309211988,0.0547108031330931,-0.28740765385005,0.05886041439743236
809.343,-0.31002684705714745,0.05489208008363026,-0.2875749814423466,0.05904112736984239
808.92,-0.3101382935944615,0.05507333118771424,-0.28784229853249804,0.05923214649505672
808.4969,-0.3102490746720748,0.05525454671687439,-0.28802129072016347,0.05952053265915937
808.0738,-0.31035915576416157,0.05543568451639803,-0.2879226653139966,0.05966784444911202
807.6505,-0.3104685875339217,0.0556168248975799,-0.2880144196049863,0.059718315997109
807.2271,-0.3105773425341923,0.05579791969155534,-0.2881047491817825,0.059611186954181286
806.8036,-0.3106854194445476,0.05597896351730266,-0.28841712872037595,0.05991207914558457
806.3802,-0.3107927664305422,0.056159865532347836,-0.288761706969483,0.06005726355955974
805.9564,-0.31089977287802123,0.05634077378388073,-0.28906197717085125,0.06025130923784019
805.5327,-0.311008351577686,0.056521016981388984,-0.2893979159351124,0.060273899457652554
805.1089,-0.31111625103798163,0.05670120830747152,-0.2897021110322385,0.06061163758026519
804.685,-0.31124070572284535,0.056877632049060885,-0.2901051428245702,0.06080166637202202
804.261,-0.3113704637055859,0.05705287519375305,-0.29016084369204315,0.06086092242794832
803.8369,-0.3114995673031383,0.05722823996227682,-0.2904597897471541,0.06089716397601568
803.4127,-0.31162801432558096,0.05740372142672198,-0.2908501955392927,0.06098431504868015
802.9884,-0.31175580235133776,0.057579314807755376,-0.2910256579772531,0.061121862959877
802.564,-0.3118829204580347,0.057755021465533594,-0.2912897763800127,0.0611614092274979
802.1396,-0.3120093457947213,0.057930788317624965,-0.29120639318120706,0.06123411893994027
801.715,-0.3121351421010443,0.05810668865249955,-0.2912379361685459,0.061246059552778065
801.2903,-0.3122602742713597,0.058282678294025086,-0.2915447573822877,0.06140623108051778
800.8657,-0.3123846768319545,0.058458668311065644,-0.2915271453121526,0.06132813178340485
800.4408,-0.3125084627604242,0.05863481570502604,-0.291332561032465,0.06128188766160938
800.0159,-0.31263154658663184,0.05881099753708655,-0.29152928589019117,0.061317955528954304
799.5909,-0.3127539612879338,0.05898725944545301,-0.29164512108129453,0.06157623280843221
799.1658,-0.31287569930720244,0.05916358711256249,-0.2919299074575171,0.061678940319033725
798.7406,-0.3129967584850453,0.05933997484298076,-0.2921984575899962,0.06185822196104239
798.3153,-0.3131171369120361,0.05951641727013814,-0.2927002529101196,0.06190040414994074
797.8899,-0.31323683270430663,0.05969290899022158,-0.293221669047963,0.06217108829524749
797.4644,-0.3133558440039143,0.05986944456212044,-0.29344747721858844,0.06239024603053901
797.0389,-0.3134741412612982,0.0600459770199342,-0.29392180996981526,0.06256080120330611
796.6132,-0.31359177827564877,0.06022258382537076,-0.29423758780151044,0.06267632828757488
796.1875,-0.3137086980021804,0.06039917645554038,-0.2942788960450546,0.06264217526582944
795.7617,-0.3138249210026116,0.060575794230567616,-0.29453094040163563,0.06305593898825687
795.3357,-0.313940473713458,0.06075247220408252,-0.29468541345672733,0.06328805934537711
794.9097,-0.314053050393073,0.06092829131829019,-0.294995708004436,0.06358634033028517
794.4836,-0.3141565708171923,0.06110098275465667,-0.295033223054004,0.06388546745463274
794.0574,-0.31425942795322376,0.06127358271567798,-0.29520364766433815,0.0638846146144185
793.631,-0.3143593382453487,0.06144526355280065,-0.2954493083865155,0.06400795592606476
793.2047,-0.31445818604138803,0.06161660543201245,-0.29568146714767046,0.06419333579334131
792.7782,-0.31455640485139463,0.061787852707248764,-0.2957711570733301,0.06425064720271023
792.3516,-0.31465397028069325,0.061958959560371354,-0.29596285021704943,0.0643085169206013
791.9249,-0.31475087689242737,0.06212992287204347,-0.2960133073294839,0.06423292051989896
791.4982,-0.31484710151706286,0.06230069667358527,-0.2963920556910151,0.06452638482337131
791.0714,-0.31494266628170353,0.062471315054397326,-0.2965958631291843,0.06468462444227877
790.6444,-0.31503759270912485,0.06264181188721366,-0.29677613598791147,0.0647944827707187
790.2173,-0.3151318577355889,0.06281214110286126,-0.2967156735723607,0.06475958040669506
789.7902,-0.31522543897366473,0.06298225679312154,-0.29691367538143854,0.06494396249086942
789.363,-0.3153183580543395,0.06315219273050303,-0.2969759423094245,0.0651259688999116
788.9357,-0.3154106129873274,0.06332194356886102,-0.2972648543641217,0.06520563994818085
788.5083,-0.31550219630114884,0.0634915068670813,-0.29727797072322953,0.06530097118624006
788.0807,-0.3155931372684983,0.06366091131734888,-0.2972369265309769,0.06517776475999552
787.6532,-0.3156833801318962,0.06383002757351533,-0.2973667660439627,0.06551635976699957
787.2256,-0.3157729610196659,0.06399893202073793,-0.29724944950157023,0.06543067695050166
786.7977,-0.315861919159688,0.06416769816392412,-0.2970879568394225,0.06569963311018347
786.3699,-0.3159501711414292,0.06433616187825834,-0.29730144075954923,0.0658121589591167
785.9419,-0.31603777888029194,0.06450443499649633,-0.2973571722078567,0.06586805072576163
785.5139,-0.31612470126567704,0.0646724324592451,-0.2974709042647157,0.06596950017754732
785.0857,-0.3162109787839814,0.06484022630818358,-0.29753830066443276,0.06612611975143498
784.6575,-0.31630639107783937,0.06501026851863503,-0.2976693617223074,0.06645516693717309
784.2291,-0.3164035912895411,0.06518082756914978,-0.2976473507968981,0.06640117005052726
783.8007,-0.3165025131733079,0.06535185453313869,-0.29771224244664424,0.06641564651557261
783.3722,-0.3166035340871132,0.06552351582157834,-0.2978037026521261,0.06661613213371936
782.9435,-0.31670386814779317,0.06569509529701179,-0.29802359199786466,0.06685104415943069
782.5148,-0.31680347207583887,0.06586649494921726,-0.29822840951565094,0.06700086790516245
782.0861,-0.3169023404180413,0.06603772186394923,-0.29810944824935426,0.0667719436690157
781.6573,-0.3170004990456419,0.06620881806262267,-0.29810944824935426,0.0667719436690157
781.2282,-0.3170979898213844,0.06637985015658558,-0.29825061144680487,0.06690196793732496
780.7991,-0.3171947359123882,0.06655068674396414,-0.2982857452720787,0.06659277556259685
780.3698,-0.31729078081616646,0.06672140023470992,-0.29845497511380675,0.06644464703080716
779.9407,-0.31738604407628385,0.06689182760880953,-0.2984630906314063,0.06640818338112021
779.5113,-0.31748064389206715,0.0670621575222801,-0.29845496612031785,0.06629158008593314
779.0818,-0.3175745261326197,0.06723230758895518,-0.2987736006292462,0.06638971362715665
778.6523,-0.3176676718265879,0.06740224025139666,-0.2990839443152982,0.0666778180513143
778.2227,-0.3177600999111442,0.06757198151804804,-0.2993779170342327,0.0668859764266958
777.793,-0.31785180226890336,0.0677415191499471,-0.29943926153666867,0.06691614319507885
777.3632,-0.31794277800895554,0.06791084583061398,-0.2996881111913272,0.06702118153401644
776.9332,-0.3180330573398437,0.06807999834987827,-0.2998904326785166,0.0671818502772538
776.5032,-0.3181226077583968,0.06824889576124331,-0.29999778083189266,0.06731038196012971
776.0731,-0.3182114379815121,0.0684175646390895,-0.3001173209356999,0.06723267808388843
775.6429,-0.31829954479574357,0.06858598868128402,-0.3002069965538255,0.06743987902429421
775.2126,-0.31838693047702343,0.06875416799988451,-0.3003483868195601,0.0674165776391591
774.7822,-0.3184628106999954,0.06892034072122945,-0.3005404573891196,0.06747070952732825
774.3517,-0.3185274691873733,0.06908439329128521,-0.30059169180146084,0.06739404546500147
773.9212,-0.31859099555207704,0.06924787245501567,-0.30071895346281835,0.0674336029389599
773.4905,-0.31865191865620907,0.06941057696412274,-0.30085496199591394,0.06728213189099405
773.0598,-0.31871215166994477,0.06957274521086275,-0.3011111453798363,0.06720148179159853
772.6289,-0.31877173335849857,0.0697344416299088,-0.30136846906888654,0.06711535706371728
772.198,-0.318830629992508,0.0698955862259191,-0.30172258068780794,0.06720527296806858
771.7669,-0.31888886911570685,0.07005624657484848,-0.30174324805523206,0.06726515546936891
771.3358,-0.3189464254595172,0.07021634037753852,-0.30180145767552147,0.06715649990069299
770.9046,-0.3190033120410057,0.07037589795142007,-0.30189983959980565,0.06717286170447845
770.4733,-0.31905952471174576,0.07053491337072883,-0.3020883825399328,0.06724248042116111
770.0419,-0.3191150737781906,0.07069337602524782,-0.3022031799335927,0.06718500163170024
769.6104,-0.3191699709939275,0.0708512750182088,-0.3024534268556129,0.06712985018645501
769.1787,-0.31922422221988545,0.07100864163205425,-0.302635340507153,0.0670760151561372
768.7471,-0.3192777910591842,0.0711653591287277,-0.3025720366940706,0.06690133391072516
768.3152,-0.31933072934196316,0.07132156480139117,-0.30295183847505763,0.06687439980543192
767.8834,-0.31938298735282455,0.07147710686126992,-0.30328721215664317,0.06704836127443652
767.4514,-0.3194345989285023,0.07163208697835026,-0.3034670699591675,0.06731037136005923
767.0193,-0.3194855621891644,0.07178645869804141,-0.3036825490956366,0.06725807424552806
766.5872,-0.3195358784254717,0.0719401756122313,-0.3038975193757824,0.06736132872881172
766.1549,-0.3195855635281811,0.07209330362954937,-0.30406532695137545,0.06737068674939606
765.7224,-0.3196356250062662,0.07224807585228567,-0.30426836759836096,0.06722070862034683
765.2901,-0.3196855495311937,0.07240336332105675,-0.30446078997959286,0.06711833093171429
764.8575,-0.31973601611516583,0.07256077776428194,-0.3047132726036678,0.06705131351138355
764.4249,-0.31978817194516207,0.07272301040389148,-0.3050301152795163,0.0671545240070091
763.9922,-0.31983959390194566,0.0728846288929385,-0.3054121179733518,0.0671156811719754
763.5593,-0.319890295949893,0.07304566157099028,-0.3056746898387553,0.067156604701145
763.1264,-0.3199402570741866,0.07320602522896191,-0.30592595802146444,0.06709427778647181
762.6934,-0.3199894915536263,0.07336574830394785,-0.306083866586088,0.06730250308068982
762.2603,-0.3200380019414688,0.07352482193037596,-0.30617981390140225,0.06732920245509286
761.8271,-0.32008579167287515,0.07368324182666183,-0.30628280883478026,0.06732383096924248
761.3938,-0.3201328637848179,0.07384100142024078,-0.3063522543178604,0.06731667530096906
760.9604,-0.3201792186171797,0.07399808398240723,-0.30653174867130245,0.06758048344299368
760.5269,-0.3202248484619906,0.07415447290144503,-0.3067393973412925,0.06771609018988649
760.0933,-0.32026976807319135,0.07431016753719594,-0.3070613528458574,0.06764104921533372
759.6597,-0.3203139790337846,0.07446512152416387,-0.307347853577035,0.06772665954835763
759.2259,-0.3203574985180752,0.07461939861419215,-0.3074220212598887,0.06769799588280971
758.7921,-0.32040030723398877,0.07477291908746496,-0.30765983594937024,0.06754208249801229
758.3581,-0.3204424281514999,0.07492574462982235,-0.30786931034767845,0.06751485313934753
757.924,-0.320483854906555,0.07507783268581188,-0.3078563427526315,0.06757395855917489
757.49,-0.3205245732402305,0.07522911216682236,-0.30806109596147335,0.06756818176157744
757.0556,-0.32056463196303286,0.07537973831437703,-0.30816405927247753,0.06756257951873322
756.6213,-0.3206039870555355,0.07552951811257906,-0.3084370462696125,0.0675547289181226
756.1868,-0.3206426707193439,0.0756785547734979,-0.3086722460566626,0.06771916732400744
755.7523,-0.3206879104446616,0.07581840129931383,-0.3087128663380834,0.0676885482768086
755.3177,-0.32073804096240444,0.07595123750344296,-0.3088915775545009,0.06780119088765332
754.883,-0.3207876319219932,0.07608339526532111,-0.30893811739818827,0.06774358817452147
754.4482,-0.32083668676181015,0.07621486660823985,-0.3089945285296926,0.06779552498433283
754.0132,-0.3208852200892206,0.07634567352651293,-0.30916808066992907,0.06777704807201675
753.5782,-0.32093322402231333,0.07647574652496511,-0.3094031226478159,0.06794177612065239
753.1432,-0.3209806920961113,0.0766050795034385,-0.3095754840900427,0.06792865386598373
752.7079,-0.32102765274773265,0.0767337542636794,-0.30974191168662024,0.06794250740977151
752.2726,-0.32107408106442564,0.07686167328707147,-0.3098748122446497,0.06795465392979262
751.8373,-0.3211199849835652,0.07698882859633004,-0.309978932643967,0.06794346601138739
751.4018,-0.32116538956450863,0.07711527053938072,-0.3102463642224907,0.06826885503050027
750.9662,-0.3212102882494488,0.07724096172976916,-0.3104391158988159,0.06831695006345435
750.5306,-0.3212546750334054,0.07736586548563583,-0.31054204487107073,0.06831118940560442
750.0948,-0.32129857450087856,0.0774900310466425,-0.3107276180881074,0.0683918112599212
749.6589,-0.3213419806891262,0.07761342152812359,-0.31095623127483807,0.06843074933523254
749.223,-0.3213848881777479,0.07773600077308056,-0.3110962446769398,0.06841032977966957
748.7869,-0.3214273265889797,0.07785781651386,-0.3112158675011399,0.06832844920770434
748.3508,-0.32146928124474644,0.0779788048097322,-0.3114134112263505,0.06850856559881131
747.9146,-0.3215107585977281,0.07809898608403115,-0.3116335744174185,0.06843156062405815
747.4782,-0.3215517658410063,0.07821837976560542,-0.3117363769992836,0.0682716555892559
747.0417,-0.3215923072260464,0.07833694947121336,-0.31184642738756096,0.06823301798341314
746.6052,-0.32164460387613464,0.07846496847501357,-0.31198521532421836,0.06821773978397687
746.1686,-0.32169762884784636,0.07859337192299683,-0.31224621366808364,0.06841757953372747
745.7319,-0.32175100287144803,0.07872186121923974,-0.31253339039615047,0.06849765410241881
745.295,-0.3218043925555406,0.0788501757413415,-0.3127451459707346,0.06845825986552566
744.8582,-0.321857191755177,0.07897771985096584,-0.3130142524710925,0.06877483046345056
744.4211,-0.32190945673794513,0.07910459747608209,-0.31311473774615384,0.06877972295695231
743.9841,-0.32196113560297207,0.07923069241976292,-0.31328220861804046,0.06878785247203978
743.5468,-0.322012269030225,0.07935612239897155,-0.31339816012745686,0.06887638371378423
743.1096,-0.32206282533466335,0.07948075235211724,-0.3135152866940142,0.0689594888046383
742.6722,-0.3221128520373516,0.07960465934310818,-0.31366969743520084,0.0688729339827549
742.2347,-0.3221623361939227,0.07972780607836827,-0.31363380256448115,0.06888226624012955
741.7971,-0.3222112743762289,0.0798501781999581,-0.3137150244122717,0.0689747215097501
741.3594,-0.32225967036022296,0.0799717659522024,-0.31375693853887526,0.06893801187770277
740.9215,-0.32230754528177546,0.0800925965677429,-0.3138168757093964,0.06881913709502854
740.4838,-0.322354859985823,0.08021255901391518,-0.3139736395689831,0.06872142820323408
740.0458,-0.32240167387877045,0.08033177206061183,-0.3140801485309615,0.06854371526552955
739.6077,-0.3224479807826962,0.08045016168976223,-0.3141816743291819,0.06823275461129766
739.1696,-0.3224937658476054,0.08056770143993947,-0.31429286183265465,0.0681879749893087
738.7313,-0.32253904632460895,0.08068444421465155,-0.3144482313707736,0.06809527130235338
738.293,-0.32258380930368474,0.0808003252505917,-0.31457981340364466,0.06811227024161073
737.8545,-0.3226207656800556,0.08091048194470321,-0.3146743348265431,0.06814423508916148
737.416,-0.3226425854115091,0.0810097251575376,-0.3148980389112755,0.06820418686414131
736.9773,-0.32266407751572773,0.08110788414021342,-0.3149362862917651,0.06818369878866795
736.5386,-0.3226852398116387,0.08120490576210466,-0.3150199105266495,0.06810971548612137
736.0996,-0.32270609438326825,0.0813008476118503,-0.31503654346537935,0.06803273956856937
735.6608,-0.32272662540908204,0.08139559246346201,-0.3151678444410275,0.06789415242853873
735.2218,-0.3227468597437101,0.08148921914713124,-0.3153124511140906,0.06785044541305914
734.7827,-0.32276680070147606,0.0815816976334237,-0.3152675405569393,0.06758750436430638
734.3434,-0.3227864608586762,0.0816730402955041,-0.3153562012708936,0.06764681138322771
733.9041,-0.32280583950468034,0.08176319728341387,-0.3154901469468203,0.06765250546306509
733.4647,-0.32282494949162,0.0818521812844924,-0.3154755403319645,0.0675629890344623
733.0252,-0.32284379926977785,0.08193998408320287,-0.3155038133731933,0.06743083702571881
732.5856,-0.32286239739610306,0.08202659748939305,-0.3157721913909429,0.06759770085934041
732.1459,-0.3228807525347156,0.08211201333944014,-0.31581039413390916,0.06757705688419678
731.7061,-0.32289887345739987,0.08219622349741229,-0.31571937237913134,0.06752876736853916
731.2662,-0.3229167690440962,0.08227921985624514,-0.315758213788349,0.06734691487349773
730.8261,-0.3229344522770343,0.08236101278245554,-0.3157076873678608,0.06726701175666217
730.3861,-0.32295192027295105,0.08244153889974021,-0.315650596803017,0.06705905803328498
729.9459,-0.3229701443647271,0.08252152530344126,-0.315703520651993,0.06712789124791296
729.5057,-0.3229949229738063,0.08260514826293058,-0.31564708516626366,0.06707558536795465
729.0653,-0.32301946875777904,0.08268762425266464,-0.3158128420728716,0.06724908241016063
728.6248,-0.3230590078025127,0.08278018216916795,-0.31580814643163063,0.06727113014191788
728.1843,-0.3231008353125903,0.08287368430225052,-0.3157534014294886,0.0670521007839585
727.7436,-0.3231423094267768,0.08296622593122453,-0.3157327806663715,0.06699013321479476
727.3028,-0.32318342986900317,0.08305777545418096,-0.3156903348705426,0.06687173540246266
726.8619,-0.3232242102379119,0.08314831662155515,-0.315768606940889,0.06698045688440947
726.421,-0.32326464975374625,0.08323781635838295,-0.3157549780753168,0.0668854285783624
725.9799,-0.32330477245637124,0.08332631528647844,-0.315837123067006,0.06681643775351523
725.5388,-0.32334456531463657,0.08341377533890842,-0.3158577774412939,0.06687840419472445
725.0975,-0.3233840564518471,0.08350021655025808,-0.3159360436652344,0.06698716275006794
724.6562,-0.3234232464266246,0.08358558423795752,-0.315997562640958,0.06685614135243347
724.2147,-0.32346215332089917,0.08366991382155517,-0.315962056932126,0.06670460701126389
723.7732,-0.323500757403708,0.08375316525218188,-0.3159367156368374,0.06666469842248796
723.3315,-0.3235390845838419,0.08383536748149421,-0.3159346062575192,0.06651451786409654
722.8898,-0.32357713315878706,0.0839164676765967,-0.3160397165090852,0.06649632507892504
722.4479,-0.3236149302630987,0.08399648844120206,-0.31605595519172913,0.06641910002392924
722.006,-0.3236524650245238,0.08407539392271092,-0.31605247706254314,0.06643564858399187
721.564,-0.3236897514423478,0.08415320541791646,-0.3162348400108324,0.06653161637170618
721.1218,-0.32372680950105814,0.08422992066458537,-0.31624528687125975,0.06648194149860023
720.6796,-0.3237530354127231,0.08429393200064927,-0.31627645325687254,0.06649425741877532
720.2373,-0.323775163653885,0.0843522665011957,-0.3163283312053645,0.06656858189961498
719.7949,-0.32379558256498614,0.08440742213136608,-0.3162948447485981,0.06656729984343107
719.3524,-0.32381407205513085,0.08445906651459952,-0.31641832803416076,0.06662212438628541
718.9097,-0.32383259515164575,0.08450935259816475,-0.31639065507227015,0.06659323071968787
718.467,-0.32385114877450333,0.08455824878191293,-0.3163985469243679,0.06671600466023114
718.0242,-0.32386975739900814,0.08460576250567911,-0.3166431080857887,0.06683684225079767
717.5813,-0.3238884429689565,0.08465189050073878,-0.31668672216770094,0.06694997798117194
717.1383,-0.32390720790396405,0.0846966231052595,-0.31674901007976564,0.06697469698598274
716.6952,-0.32392606370481614,0.08473995360758431,-0.31682605301482203,0.06708920039829788
716.252,-0.3239450225742956,0.08478187556152213,-0.3168777815290892,0.0671637207527814
715.8087,-0.32396409226136574,0.08482238093691677,-0.31703285614847804,0.06738741383934721
715.3653,-0.3239832837853945,0.08486146282087108,-0.3171097419668249,0.06750210192356612
714.9218,-0.32400261759943466,0.08489911784547159,-0.3171285797450339,0.06741354554734116
714.4782,-0.3240221131823357,0.08493534251983609,-0.3172360646612156,0.06738431276616579
714.0345,-0.32404177461663475,0.0849701275690472,-0.3174039403673228,0.06754735487174678
713.5907,-0.3240616051452831,0.08500346318043867,-0.3175559677904717,0.06762605675476775
713.1469,-0.32408162216500735,0.0850353398434155,-0.3175669958265588,0.06773270338075625
712.7028,-0.3241156477161133,0.08507785755511932,-0.31754214916433937,0.06784909321180023
712.2588,-0.3241565209801843,0.08512507592277027,-0.31772163431445044,0.06795702832516706
711.8146,-0.324203107389514,0.08517617882742717,-0.31795709506742165,0.06796096588594956
711.3703,-0.32425755906475046,0.08523328307328147,-0.3181175028247252,0.06815783278443117
710.9259,-0.3243119147792861,0.08528932620383442,-0.3183112424131732,0.06835624441132732
710.4814,-0.32436618078469276,0.08534430834545886,-0.31842240210680733,0.06846732763373088
710.0369,-0.3244203582177643,0.08539820114739868,-0.31860881381569384,0.06854231795976785
709.5922,-0.32447447607878765,0.08545100738931988,-0.31880238317655046,0.0685839605387041
709.1474,-0.3245285366232504,0.08550272080021733,-0.31896248262508825,0.06862422734575357
708.7026,-0.3245825415551304,0.08555333497783806,-0.3191368380433591,0.06875499028289152
708.2576,-0.32463652319167663,0.08560286050150458,-0.31928729407335094,0.06883988776393579
707.8125,-0.32469047768236514,0.08565127378939599,-0.3194425326592745,0.06890253098129466
707.3674,-0.3247444031030432,0.08569855753739315,-0.31964779010227556,0.06904606447080681
706.9221,-0.3247983331231657,0.08574472346530634,-0.31987917031013274,0.0692246104684954
706.4767,-0.32485226294414626,0.08578974376625617,-0.320052024745182,0.06936143268779392
706.0313,-0.3249061951234552,0.08583361518911121,-0.32020782088113176,0.0695766041317063
705.5857,-0.3249601688487029,0.0858763657521273,-0.3204607651439038,0.06965499432858152
705.1401,-0.3250141664725333,0.08591795610047283,-0.320748329165325,0.06972922420573587
704.6943,-0.32506446595502203,0.08595640674332368,-0.3209045529291229,0.06978664906030216
704.2484,-0.3251131309998941,0.08599272207351927,-0.321078338734407,0.06991835004605332
703.8025,-0.32515947659501715,0.0860264781679648,-0.3212545069263112,0.07003893660494347
703.3564,-0.3252029390843573,0.08605729611923184,-0.3214395403484609,0.07027323706212396
702.9103,-0.3252465571541299,0.08608678683655235,-0.32173451079871285,0.0704671761174013
702.4641,-0.3252903533232737,0.08611495158571075,-0.32196002854020855,0.07066969428584512
702.0177,-0.3253343503810506,0.0861417905313536,-0.3221705263692137,0.07078662762619593
701.5712,-0.32537855157149204,0.08616729160650168,-0.3223772571476106,0.0709205277379947
701.1247,-0.32542296008387445,0.0861914440455345,-0.32266562753880945,0.07098987116528845
700.678,-0.325467609086191,0.08621425325974591,-0.3228327041396229,0.07099709421467755
700.2313,-0.32551249197913706,0.08623570373250777,-0.32302203044678257,0.07105646230027994
699.7844,-0.325557642372252,0.0862557998657391,-0.32320637164191274,0.07113841152372179
699.3375,-0.32560305368849185,0.08627452757084035,-0.3234834501985455,0.07125859302199374
698.8904,-0.3256487600023175,0.08629189024043232,-0.32365152361338945,0.071414084110398
698.4433,-0.325694754734033,0.08630787523034383,-0.32390255270407975,0.07149911654791286
697.9961,-0.3257410620568207,0.08632248181313117,-0.3241556798733778,0.07172707638099622
697.5488,-0.3257876960701388,0.08633570533833661,-0.3243535768597242,0.07174711326161863
697.1013,-0.3258346815285962,0.08634754376156466,-0.3244992666491915,0.07185063155962046
696.6537,-0.3258867411307587,0.08635427033106749,-0.3246871020082205,0.07191600118292711
696.2061,-0.32594058593218583,0.08635857996805102,-0.32496755725673676,0.07201977129562666
695.7584,-0.32599818717399376,0.08635901542121928,-0.32516288394373827,0.07205115215628616
695.3105,-0.3260591252918281,0.08635600805030855,-0.3253626265056992,0.07221457068835249
694.8626,-0.32612056932196326,0.08635175423927184,-0.3255440394138502,0.07230849277140666
694.4146,-0.32618255004400715,0.08634625390601973,-0.32574489557329445,0.07246646483068125
693.9664,-0.32624508828984894,0.08633949808129543,-0.32599298313556496,0.07256345511079516
693.5182,-0.3263081624629839,0.08633148183091899,-0.32637835062707216,0.07264923486102837
693.0699,-0.3263718089059817,0.08632220827592119,-0.32666565701273814,0.07256958726052626
692.6215,-0.3264360417572538,0.08631167569068723,-0.3270112486316076,0.0726822966982947
692.1729,-0.32650088977084796,0.08629987971824782,-0.32724105950865867,0.07270940105357976
691.7243,-0.32656634378697974,0.08628682861314524,-0.3274552476936842,0.07265504363388144
691.2756,-0.32663243051677626,0.08627251702238074,-0.3277225740413535,0.0728163883409434
690.8267,-0.3266991726146507,0.08625693457500308,-0.3279332547128503,0.07292926892059579
690.3778,-0.32676655301829904,0.08624008544451119,-0.3282055126625161,0.07306797091960139
689.9288,-0.32683460660615904,0.08622196991367324,-0.3284275705054741,0.07312943996043587
689.4797,-0.32690334815616634,0.08620258727202695,-0.3287048228712047,0.07324536913284238
689.0304,-0.3269728080715559,0.08618193222516535,-0.3288806635141944,0.07336288152214517
688.5811,-0.32704395349852355,0.08616089749290712,-0.32913726500626944,0.07342012120495398
688.1317,-0.32711589142971886,0.08613867252599472,-0.32931430599505707,0.07353202024917248
687.6821,-0.3271887597014085,0.0861153528559385,-0.3294977254923336,0.07361523962173222
687.2325,-0.3272624339552866,0.08609085536600315,-0.3297644310415548,0.073777559772465
686.7828,-0.3273368710832248,0.08606510743320119,-0.3299516332639357,0.07384363050985245
686.3329,-0.3274121030649479,0.08603810322949004,-0.33020550247666136,0.07391255055152064
685.883,-0.32748811171245207,0.08600985523920425,-0.3304324541031034,0.07395123887668402
685.433,-0.3275649289955166,0.0859803582474262,-0.3307335605077884,0.07410955490867925
684.9828,-0.32764258766656873,0.08594960610633688,-0.3310245453244682,0.07416262269475402
684.5327,-0.3277210511933714,0.08591762071648157,-0.3311756848492466,0.07423897672372134
684.0823,-0.3278004048762005,0.08588437482440296,-0.33138438526394637,0.07435865676496405
683.6319,-0.3278806117814508,0.08584989151167992,-0.3316635906554134,0.0744638688013365
683.1813,-0.3279617232473917,0.08581415699786583,-0.33184926423659733,0.0745359752147294
682.7307,-0.328043719062999,0.08577718885844374,-0.3320924482312308,0.07465148378314793
682.28,-0.3281266329909858,0.08573898119996537,-0.3322806683008481,0.0747120715514238
681.8292,-0.3282106140956579,0.08570147745848734,-0.33253681798297385,0.0747696658540858
681.3782,-0.32829573834240133,0.0856659176029327,-0.33276223348889283,0.07481424830087302
680.9272,-0.328381923623692,0.08563244830355574,-0.332821036598643,0.07485187904618028
680.4761,-0.3284698020274018,0.0856149625238014,-0.33304903953153486,0.07488483696284143
680.0248,-0.3285583766617014,0.0855962671369549,-0.3331718479228621,0.07493688605711998
679.5735,-0.3286476386670888,0.08557637077847208,-0.3333867333932309,0.07502801059272007
679.1221,-0.32873760866848545,0.08555526899837122,-0.33352391658837877,0.07501607320824512
678.6705,-0.328828316015474,0.08553295029682577,-0.3337159333197841,0.07505926153886815
678.2189,-0.32891973952628784,0.08550942881768729,-0.33388641810110103,0.0750486306925073
677.7672,-0.3290119160266296,0.08548471129926782,-0.3340267471666261,0.07517204439898778
677.3154,-0.3291048610792423,0.08545879783958144,-0.3341840997248772,0.07521971240013843
676.8634,-0.32919861247243826,0.085431669820924,-0.3343839380814551,0.0752279031606039
676.4114,-0.32929314538434556,0.08540333358153673,-0.3344426688370348,0.07526564673035696
675.9592,-0.3293885170660346,0.08537379039977575,-0.3346267213037516,0.07534388502149904
675.507,-0.3294847069973505,0.08534306232723361,-0.3348067968177443,0.07543968992520679
675.0547,-0.32958174582368494,0.0853111362129908,-0.3349574908604552,0.07551664639758261
674.6022,-0.32967965744646344,0.08527800472380531,-0.3350122229381592,0.07557199684921766
674.1497,-0.32977842688184084,0.08524368569531023,-0.33513354069706597,0.07563009842637551
673.6971,-0.3298842378721204,0.08521725530282227,-0.3352014554937102,0.07562698013666498
673.2443,-0.32999387263508156,0.08519422987375126,-0.33536793809874266,0.0756337858510796
672.7915,-0.33010526370386517,0.08517173454442976,-0.3354786621475574,0.07573875011319205
672.3386,-0.33021859383608737,0.08515006099097551,-0.33553467172153445,0.07578832390274423
671.8855,-0.33033267994560117,0.08512736237566161,-0.33564269192717255,0.07590508236911779
671.4324,-0.3304474861285477,0.08510364994315997,-0.3356973481668149,0.07596055469561597
670.9791,-0.3305630775872922,0.08507891463594656,-0.3358771924314728,0.0760567120856026
670.5258,-0.3306794179108472,0.0850531689617467,-0.3359824478950297,0.07618535299078699
670.0723,-0.330796573087928,0.08502640334429037,-0.33606102165149365,0.07628334442008772
669.6188,-0.33091450103255277,0.08499862324536075,-0.3361275949053755,0.0762861185298261
669.1651,-0.3310332728232834,0.0849698252357024,-0.33622079398275595,0.07631961154715466
668.7114,-0.3311528557315213,0.08494003229264237,-0.3363472718877627,0.07635449395393862
668.2575,-0.3312733156373736,0.08490923119775975,-0.33634993695748405,0.07634275317277413
667.8035,-0.3313946432424944,0.08487742474614322,-0.3364590702113751,0.07645397622309688
667.3495,-0.3315168279189384,0.08484462246534082,-0.3365735070695155,0.07654175859324054
666.8953,-0.3316400733998475,0.08481113806797375,-0.3366693420526162,0.0765635528758778
666.4411,-0.3317646569653817,0.08477774645238843,-0.3367518015500451,0.07664412176295078
665.9868,-0.33189015664691995,0.08474340202310107,-0.3368462872188973,0.07667181017932392
665.5323,-0.33201698556686615,0.08470898091806607,-0.3369619937176298,0.07675382101806277
665.0777,-0.33214473680848156,0.08467359291173233,-0.3370417178364036,0.07684623664367844
664.623,-0.3322734337390109,0.08463723696638027,-0.33713349566667655,0.07688573232950281
664.1683,-0.3324030563642072,0.0845999295883869,-0.3372467350172641,0.07683106293582115
663.7134,-0.33253367516139304,0.0845616597491034,-0.3373065776796495,0.07686327440318265
663.2584,-0.33266527693150516,0.08452244011708246,-0.33738357693464216,0.07696754441963558
662.8034,-0.3327978432949846,0.08448228686254276,-0.33747264392274684,0.07701884667934639
662.3482,-0.3329314463721168,0.0844411880117963,-0.3375963167569993,0.07706566901494248
661.8929,-0.33306608058484194,0.08439915296033358,-0.33769074645094077,0.07709342616726973
661.4376,-0.33320173681437637,0.08435619388174602,-0.3377797866779867,0.07714476745947013
660.9821,-0.33333848183289344,0.08431230210173632,-0.337806321863066,0.07717564162603771
660.5265,-0.33347629185161215,0.08426749776052009,-0.33793535208929093,0.07719891412034072
660.0708,-0.33361519212974355,0.08422178179254884,-0.3380284145273842,0.07723258885129802
659.6151,-0.33375941528000647,0.08416753558958848,-0.33814799260021616,0.0772971702110375
659.1592,-0.3339056827690924,0.08411104407790829,-0.33829676684759946,0.07738088339851223
658.7032,-0.3340565572142068,0.08404791918564336,-0.3384054906860208,0.07749277173378448
658.2471,-0.33421059768948363,0.08398093170286232,-0.33845577629325707,0.07756645860111809
657.7909,-0.33436604139539733,0.08391322742534182,-0.33850875478266673,0.0776283488658825
657.3346,-0.3345229026903798,0.08384481727841554,-0.33866963329430677,0.0776590205212593
656.8782,-0.3346811958987495,0.08377571244589238,-0.3388467665210582,0.0776187180211649
656.4218,-0.33484090015980744,0.08370593973181238,-0.3389302746248205,0.07769388160796281
655.9651,-0.33500213486238006,0.08363546391461997,-0.33904701947989396,0.07777047242695284
655.5084,-0.3351648055139571,0.08356433361098276,-0.33912233471510844,0.07788120710654634
655.0516,-0.33532896513020843,0.08349255591637914,-0.3391902022123617,0.07787809681046934
654.5947,-0.3354946311018133,0.08342015326210622,-0.33928588428003975,0.07790006542065046
654.1377,-0.33566181446478793,0.08334712981532401,-0.3394052919783022,0.07796489843847378
653.6806,-0.3358305287868036,0.08327349735837633,-0.3395023241379185,0.07798094965225992
653.2234,-0.3360007880020793,0.08319926920646968,-0.33959935323811286,0.0779969966476358
652.7661,-0.3361694831231978,0.0831320686354494,-0.33977240610134407,0.07797431519713464
652.3087,-0.3363366135843852,0.08307149679937714,-0.33988905997440444,0.07805104451773415
651.8511,-0.33650379061402896,0.08301346791874384,-0.3399833512831316,0.07807894403741736
651.3936,-0.33666935579591595,0.08296142941931543,-0.34016782851116056,0.0781525617058783
650.9358,-0.3368362702280042,0.08290867409763307,-0.3403631996785392,0.07817868583082797
650.478,-0.3370044416318157,0.082855254884175,-0.3405626539097168,0.07818695457050204
650.0201,-0.33717391818851233,0.08280116113460959,-0.34079943242827465,0.07817870127722906
649.562,-0.3373447596343318,0.08274637753033401,-0.34093375407375975,0.07817819727874954
649.1039,-0.33751689863967504,0.08269095277676344,-0.3410653424555956,0.07818957438233248
648.6457,-0.33769037999005125,0.08263489841795044,-0.3411377388441779,0.07831271577757933
648.1873,-0.33786526075279005,0.08257820557650951,-0.3413512394544685,0.07840563061012167
647.7289,-0.3380414858966847,0.0825208990117477,-0.34146911418732884,0.07847662603355961
647.2703,-0.3382191452017238,0.08246296875174564,-0.34158559904186114,0.07855361170368226
646.8117,-0.33839816837813796,0.08240446449882642,-0.3417034347047374,0.07862466606148523
646.353,-0.33857860648207344,0.08234538898839279,-0.3418904556833713,0.07868654822325219
645.8941,-0.33876115823149316,0.08228947768903265,-0.34195553863593514,0.07869524279145469
645.4351,-0.33894714493955097,0.08224552217321893,-0.34204285488378716,0.07875305368950393
644.9761,-0.33913434744786936,0.08220129288226362,-0.3422463349589493,0.0787432958001712
644.5169,-0.33932339144547785,0.08216044920050113,-0.34233088518206045,0.07881307920574818
644.0577,-0.33951358334293186,0.08211915066241365,-0.3424694692844875,0.07893940090345242
643.5983,-0.3397050267736952,0.08207737808693952,-0.3425553521930239,0.07900327280023751
643.1389,-0.33989764397869937,0.08203517145831747,-0.3427450206970944,0.07905331613651417
642.6793,-0.340091523331734,0.08199253526601756,-0.3428281134153669,0.07912919944115547
642.2196,-0.34028663904490386,0.08194948483655697,-0.3428834979256165,0.07917980341457119
641.7598,-0.3404830114382714,0.08190602090328636,-0.34307450623850455,0.0792239116926205
641.2999,-0.34068065244275764,0.08186215649216122,-0.3432073656333639,0.07937448217104595
640.84,-0.3408795226917906,0.08181792504058792,-0.34338862633390355,0.07946060083361182
640.3799,-0.3410797175641536,0.08177332412200693,-0.34350482283477635,0.0795380210372061
639.9197,-0.34128121406607265,0.0817284803573511,-0.3436818572847855,0.0796422154639401
639.4594,-0.34148402458228055,0.08168382800338043,-0.34379521946069863,0.07973171348057626
638.999,-0.34168814908030143,0.08163886004699893,-0.34387395461245457,0.07982587157596803
638.5385,-0.34189350592699747,0.08159952019212414,-0.3439942342877629,0.07988543040132627
638.0779,-0.34210011125779316,0.0815598779749783,-0.3440134912378518,0.07994685627336463
637.6172,-0.3423079666080418,0.08151993749968747,-0.3440963516750368,0.0800230843139277
637.1564,-0.3425170912036719,0.08147971930709418,-0.34419316760682034,0.08003926765877928
636.6954,-0.3427275516845247,0.08143923753940636,-0.34430920441536234,0.08011692700337496
636.2344,-0.34293926391637375,0.08139852035389745,-0.34444581803786545,0.08025011746837074
635.7733,-0.3431522747652476,0.08135756394700562,-0.3445229908648308,0.0803505147427697
635.3121,-0.34336659502078876,0.08131638253939955,-0.3445379489652654,0.08043009185765367
634.8508,-0.3435822449266947,0.08127500041971704,-0.3446454513609279,0.0805439946563353
634.3893,-0.34379928612412086,0.08123342787277979,-0.34478329082722825,0.0806714076386721
633.9278,-0.34401762563188826,0.08119168870881646,-0.34503334167902006,0.08074896898165923
633.4662,-0.3442373132073205,0.0811497814123683,-0.3453271519558275,0.08092581011855166
633.0044,-0.34445841654043924,0.08110772262158901,-0.34545142774866827,0.08096765443284142
632.5425,-0.3446602215767338,0.08105632714885791,-0.3455149756467398,0.08098254892693721
632.0806,-0.344863337968512,0.08100438605967977,-0.34563499541442694,0.08104249938290801
631.6186,-0.34505663023011596,0.08094665416310956,-0.34553543725929176,0.08103824266426181
631.1564,-0.34524924432859244,0.08088712876630111,-0.34563782412075006,0.08103043439617623
630.6942,-0.3454435239225119,0.0808269698097973,-0.3455516430909446,0.0811120367482974
630.2318,-0.34563957388128075,0.08076616697807165,-0.34555365803613985,0.08124615167059628
629.7693,-0.3458373793680938,0.0807047436942938,-0.3453545428314747,0.08123750158718285
629.3068,-0.3460369139640399,0.08064273391992191,-0.34552669679273024,0.08136073713372859
628.8441,-0.34623827034245436,0.08058014097352896,-0.3453868554300908,0.08138507232227987
628.3813,-0.3464414178551628,0.0805170027942433,-0.345698797444941,0.08148405140876723
627.9184,-0.3466463830847715,0.0804533316512168,-0.34588365935402243,0.08155311411722257
627.4554,-0.3468531902882931,0.08038914262146252,-0.34625147778610393,0.08155691401627271
626.9923,-0.34706200059232445,0.08032462282106033,-0.34628649061706385,0.08169275458045172
626.5291,-0.347281788819789,0.08026893903063607,-0.3461045258197223,0.08161156694616592
626.0658,-0.34750329658498624,0.08021297899089634,-0.3460859998339292,0.08169009347070731
625.6024,-0.3477578331567235,0.08018976290416957,-0.34617982929882557,0.08171861959695355
625.1389,-0.3480186872270989,0.08017237777172208,-0.34637092881498244,0.08147658533361757
624.6753,-0.3482806363330526,0.08015542417143949,-0.34651358843371555,0.08143993932817548
624.2115,-0.3485437405603886,0.0801389146648252,-0.3463395281214226,0.08118218618360094
623.7477,-0.34880788951855507,0.08012287264812862,-0.3463085571393446,0.08102828508516047
623.2838,-0.34907314270345113,0.0801073109888067,-0.34680273975870823,0.08092049690884143
622.8198,-0.3493395028069558,0.08009224636465631,-0.3470102711516448,0.08089229001688754
622.3557,-0.34960697232837357,0.08007769565421119,-0.3468467612065668,0.08144797893493913
621.8914,-0.34987561154297536,0.0800636729745007,-0.34669809835301507,0.0819367903441322
621.4271,-0.3501453068349558,0.0800502016464546,-0.3465055035008842,0.08246617776515312
620.9626,-0.350416176274735,0.08003729335087213,-0.3460654248373771,0.08304463004468733
620.498,-0.35068816357827426,0.08002496873313002,-0.3453925303552849,0.083469917598859
620.0334,-0.3509612113360176,0.08001324812974854,-0.345224887436442,0.08402271730949265
619.5687,-0.3512083597287603,0.07998504113581957,-0.3452678466280941,0.08467174719467811
619.1038,-0.3514549162429172,0.07995562827869168,-0.3449938688311522,0.08510263003045496
618.6388,-0.35170045475624145,0.07992470853803742,-0.3445851999687988,0.0855315588798686
618.1737,-0.3519467888958722,0.07989341627195044,-0.3444729442333375,0.08598254644504016
617.7086,-0.35219459904647193,0.07986224581282644,-0.3440405560019099,0.08636594847454102
617.2433,-0.3524439971580646,0.07983120582384702,-0.3437358215588407,0.0867742929338499
616.7779,-0.35269492896195226,0.07980032324441481,-0.34353007342407677,0.08718808445579487
616.3124,-0.3529474016480576,0.07976962113220853,-0.34328195813055057,0.0875014739138165
615.8468,-0.3532014281150994,0.07973912491004093,-0.3428545129457438,0.087723978280999
615.381,-0.35345707049425745,0.07970885208739387,-0.3427154630778096,0.08813465720313234
614.9153,-0.3537141716437191,0.07967884911085839,-0.3423161101406466,0.0883760027183674
614.4492,-0.35397301860561403,0.07964911813119394,-0.3419766946131213,0.08864498632561578
613.9833,-0.3542335226173203,0.0796205337106771,-0.3417281869372141,0.08882248261338781
613.5172,-0.354502021590957,0.07961449916846945,-0.3415319107958929,0.08905788526933334
613.051,-0.3547717200910178,0.07960894060474202,-0.34141113180553595,0.08926189559810684
612.5847,-0.35504399610246296,0.07960905194171564,-0.34126956239643663,0.08941581119952423
612.1182,-0.3553176113286692,0.07961034315782789,-0.34119579630634544,0.08956832745004495
611.6516,-0.3555923351415773,0.07961220015293753,-0.34107627672575297,0.0897660627568405
611.185,-0.355868110025071,0.07961464233333747,-0.3410101990631512,0.08988869441233666
610.7183,-0.3561450050990156,0.07961768652113858,-0.34094093490750255,0.09002318958859816
610.2514,-0.35642307820715297,0.07962135548957243,-0.3409126364641007,0.09013029489801135
609.7844,-0.3567022583217744,0.07962567450693679,-0.34085272745264467,0.09022903240841756
609.3173,-0.35698254486209463,0.0796306646754464,-0.34092539355352997,0.09033741527372903
608.8502,-0.35726388580042323,0.07963634253545185,-0.34104695331224394,0.09038873706884559
608.3829,-0.3575464016484871,0.07964273179261738,-0.3411274462781673,0.09033998185875644
607.9156,-0.3578333310524087,0.07964909266970928,-0.341258464482858,0.09035555795009705
607.448,-0.35813677365896684,0.07965297993540545,-0.3414920741728493,0.09036638911489576
606.9804,-0.3584414995494832,0.07965796395462155,-0.34174144173037857,0.09031750765390134
606.5127,-0.35875183682641953,0.07966324169388732,-0.3420065991156812,0.09033649839692771
606.0449,-0.359063323480277,0.07966979570610652,-0.34228435444910216,0.09030761878137415
605.577,-0.3593759518307419,0.07967765048271865,-0.3425478526715763,0.09020450254802291
605.1089,-0.3596897809823302,0.07968683273961598,-0.3429234156468074,0.09018820731921048
604.6408,-0.36000466841890755,0.07969736328448726,-0.34326424077925505,0.09017536347763383
604.1726,-0.3603206722612122,0.07970926877423896,-0.34375488704843665,0.09010545966068172
603.7042,-0.3606378511412265,0.07972257714510247,-0.3442454759241173,0.09003502980261563
603.2358,-0.36095606004335895,0.07973730776486984,-0.3447422867006392,0.08994000662934007
602.7673,-0.3612753565956318,0.07975348846772375,-0.34522470931585963,0.0897698990327678
602.2986,-0.3615957988986109,0.07977114841555967,-0.34564701189492536,0.08957063059569963
601.8298,-0.36190283530512796,0.07978967414550826,-0.34608513182557155,0.0894392604778827
601.361,-0.3621855371130391,0.07980806696178058,-0.34657031532015103,0.08925498101158601
600.892,-0.3624684245347362,0.0798271560863446,-0.3471184923993148,0.08908613526093548
600.4229,-0.3627490511713017,0.07984675395244487,-0.3476680861250084,0.08891034130516845
599.9537,-0.36303083517384555,0.07986707156188075,-0.34828531543614244,0.08873149938668468
599.4844,-0.36331378274220083,0.07988813944989265,-0.34894013081382613,0.088535230073993
599.015,-0.36359788477854,0.07990997668216707,-0.3496340311391372,0.08831519584335047
598.5455,-0.3638831397722995,0.07993260863785215,-0.350289986535889,0.08811026278605803
598.0759,-0.36416954583209016,0.07995606091022621,-0.35093960361251225,0.08792857762849707
597.6062,-0.3644570936144796,0.07998035319486967,-0.3515743170903032,0.08767035760158685
597.1364,-0.3647457862837135,0.08000551627577628,-0.352273430692662,0.08742031957525757
596.6664,-0.36503442506628914,0.0800308826670208,-0.3530563245179875,0.08723529254661469
596.1964,-0.36532364509267146,0.08005685124894533,-0.3537446002945248,0.08688800751205869
595.7263,-0.36560475709035556,0.08007832949160605,-0.3545211216350067,0.08658683266241164
595.256,-0.36588058356439374,0.08009661867274889,-0.3551649546720649,0.08627785272474152
594.7857,-0.3661576923933638,0.08011554816819749,-0.35576028480736394,0.08589003093033125
594.3152,-0.36643620096140095,0.08013515458831455,-0.35639589230769275,0.08560913655378
593.8447,-0.3667159975616425,0.08015546604639505,-0.35709584767260766,0.08533572369535207
593.3741,-0.3669971430688176,0.08017651932560999,-0.3577639126909121,0.08505324557171724
592.9032,-0.36727975128011436,0.08019834871753094,-0.3585762391935618,0.08486295802090459
592.4323,-0.36756364089968285,0.08022097095700989,-0.35935378381133026,0.08467616304723469
591.9613,-0.36784886967762975,0.08024442123591106,-0.36030370136040835,0.08446203051190329
591.4902,-0.36813543501184465,0.0802687304295904,-0.36121877115404216,0.08425099383483965
591.019,-0.36842333381948716,0.08029392964498484,-0.3622840066878213,0.08410618982483736
590.5477,-0.3687203980443589,0.0803440459335045,-0.3630076029834484,0.0838536235754692
590.0763,-0.36901865576768034,0.08039628621207534,-0.3640722110893789,0.08370473266419452
589.6048,-0.3693274324661005,0.08048132566143339,-0.3646345285607807,0.08342538726411601
589.1331,-0.36963832450990414,0.08057388133040083,-0.36532279247620103,0.08317365530531011
588.6614,-0.3699492618989217,0.0806678359261714,-0.36568042158827696,0.08306041835034067
588.1896,-0.3702602971463721,0.08076322353173739,-0.3662964822935033,0.08283067024748825
587.7176,-0.3705714824675828,0.08086007941008794,-0.36711995251564233,0.08285525467190259
587.2455,-0.37088273788911896,0.0809583980695883,-0.3678888256408069,0.08282636772133202
586.7734,-0.3711939831039071,0.0810581727677616,-0.3684495370271477,0.08283775132916588
586.3011,-0.3715053352560658,0.08115946028307669,-0.36879855856848665,0.0832002766669988
585.8287,-0.37181671336689887,0.08126225410835515,-0.3690172810757183,0.08340530636160802
585.3563,-0.37212803615410617,0.08136654643331363,-0.36957668295051216,0.08400646291174423
584.8837,-0.37244460089749465,0.08148392501746546,-0.3700690518410342,0.0846075906010884
584.4109,-0.37277651559108704,0.08163848522399887,-0.3698219488040371,0.0852509600413156
583.9382,-0.37310798458881583,0.08179652005544534,-0.36974445747893886,0.08601502009212492
583.4652,-0.37344285635090546,0.08196696433292326,-0.3699884221772171,0.08624877485707302
582.9922,-0.3737764088112933,0.08213947080851183,-0.37017661220940024,0.08657879250123138
582.5191,-0.37410868635191,0.08231407202280414,-0.3703482212504332,0.08683711397962372
582.0458,-0.37443973205335684,0.08249080194167821,-0.3707025797435207,0.08702259352534245
581.5725,-0.3747693741251944,0.08266957310085879,-0.37123614635614255,0.08729142428318001
581.0991,-0.37509766028994374,0.0828504261951674,-0.371329760480169,0.08745707316731748
580.6255,-0.37542464448575585,0.08303339949146851,-0.371234010298194,0.08744136039907176
580.1519,-0.37575015258205496,0.0832184088727988,-0.3713842454353569,0.087647802088771
579.678,-0.37605396671305746,0.08337814537583192,-0.37164540704639704,0.08780531054015712
579.2042,-0.3763472702654141,0.0835263997331837,-0.3716538015157195,0.0879100300632955
578.7303,-0.3766150322533933,0.08364107047302131,-0.3719431380693921,0.08808815365444124
578.2561,-0.37686437527719163,0.08372994914919595,-0.37212684128150386,0.08815223815970762
577.7819,-0.37711426085933797,0.0838193017747439,-0.37214129339523255,0.08823112036361158
577.3076,-0.37736473972677564,0.08390917109592828,-0.3721716891595309,0.08838241523136399
576.8332,-0.3776158086477035,0.0839995694223626,-0.3725111143060868,0.08862787437953458
576.3586,-0.37786751957806153,0.08409053493127029,-0.3725738545092862,0.08864280153374328
575.884,-0.3781197584214433,0.08418206696006159,-0.37290340206489136,0.08878997843092533
575.4093,-0.3783725713412108,0.08427421633483065,-0.37320925650296877,0.08889721955517445
574.9344,-0.3786260110356126,0.08436701343987509,-0.3734948454923857,0.08908924948562927
574.4595,-0.3788799631989132,0.0844604356557105,-0.3737440849588666,0.08915559448745423
573.9844,-0.379134727650774,0.08455365227779534,-0.3738601297084395,0.08922465606123459
573.5092,-0.37939605038659585,0.08462102827940726,-0.3740639452061541,0.08934230613914004
573.0339,-0.3796584536187115,0.08468927573447094,-0.3742614622854451,0.08948615333750813
572.5586,-0.3799218739933769,0.08475841415872762,-0.37446672931981867,0.08959741899812368
572.0831,-0.38018641390538965,0.08482850695082138,-0.3746735139273927,0.08970220672626499
571.6075,-0.38045200617719493,0.08489956512756071,-0.37493976268399953,0.08983514364987652
571.1318,-0.38071864348190937,0.08497163029554687,-0.3752466752875568,0.08993638110298374
570.6559,-0.38098637469895785,0.08504476247741259,-0.37558326912487006,0.09005171274424299
570.1801,-0.3812550181367221,0.0851189452405268,-0.3758650455092792,0.09011927285171542
569.704,-0.3815247870611474,0.08519427286287497,-0.3760450060727244,0.09019712444329503
569.2278,-0.3817955564071077,0.08527074943433567,-0.37643298710228706,0.09037356442033845
568.7516,-0.38205971426016333,0.08540088619124749,-0.3767067340184173,0.0904740546104678
568.2753,-0.3823164113189156,0.08558011806593978,-0.37698200984887015,0.0905680047699923
567.7989,-0.38256910444252423,0.08577836404235105,-0.3772164601907873,0.09069396981822167
567.3222,-0.38281617906857807,0.08600229099836137,-0.3774274957725528,0.09077955044796776
566.8455,-0.3830612826816151,0.08622685385669276,-0.37772438171945744,0.090920700098042
566.3687,-0.3833044513467252,0.0864520804801998,-0.3780227731339649,0.0910553473292575
565.8918,-0.3835456849964871,0.08667796233035424,-0.3782776525463125,0.09109578533155047
565.4149,-0.3837849288489666,0.08690444048321043,-0.37859502460267375,0.09115124146857466
564.9377,-0.38402230986978986,0.08713163327058258,-0.3788122272583411,0.0912105303786765
564.4605,-0.3842576577115846,0.08735937448304595,-0.3790373686940142,0.0912367445492974
563.9832,-0.38449095227775776,0.08758385240702934,-0.379187249379322,0.09130082832604206
563.5057,-0.3847215618916969,0.08770336729764454,-0.3794276577845326,0.09140075213131078
563.0282,-0.38495237105058744,0.08782340631685806,-0.3796351825842405,0.09149981707590087
562.5505,-0.385184338181803,0.08787537245700683,-0.3799443669419589,0.09158836991968733
562.0728,-0.3854179994675045,0.08792364111592303,-0.38023186592089386,0.09162958642831576
561.5948,-0.3856534864666403,0.08797261025491886,-0.3804785054571415,0.09170307507765164
561.1169,-0.38589059414675536,0.08802228009803305,-0.38071870251430046,0.09180315330824822
560.6388,-0.38612947019447963,0.0880727196739009,-0.3809556448307186,0.09191657360507571
560.1606,-0.3863700514145644,0.08812397493953518,-0.38120858965362314,0.09196352263602205
559.6823,-0.38661231852889427,0.08817609944046308,-0.38141584000943796,0.09206283225497115
559.2039,-0.3868562643286151,0.08822914264587207,-0.3816278740921005,0.09214220652477895
558.7253,-0.38709555921227173,0.08836209958416054,-0.3818447043537649,0.09220161213006332
558.2467,-0.38732948025524755,0.08855440697145281,-0.3821599406500497,0.09226361267542728
557.7679,-0.3875554539114517,0.08881401694480127,-0.38246385262232685,0.0923723075487401
557.2891,-0.38777080553894727,0.08914473929144127,-0.3827822240969273,0.09242091875668725
556.8102,-0.3879820311967416,0.0894757878080736,-0.38308279765496656,0.09254302302593372
556.3311,-0.3881891608979156,0.08980717606786259,-0.38336020576989505,0.09262420059658283
555.8519,-0.3883921378798775,0.09013877882071482,-0.3836553619347757,0.09263173366943707
555.3726,-0.3885909505022345,0.09047053942068778,-0.3839229885574043,0.09275308348842518
554.8932,-0.3887855877148548,0.09080240072687132,-0.38416748692010205,0.09283344185157373
554.4137,-0.3889760390684231,0.09113430510639135,-0.38440870442344727,0.09292723728348481
553.9341,-0.38916432479714136,0.09143742909278539,-0.38469077684029024,0.09298831921851981
553.4543,-0.38936373963133664,0.09156012447623982,-0.38499747074693613,0.0930837904988124
552.9745,-0.38956440172402523,0.09167199766285604,-0.38524018398587073,0.09317094063518064
552.4946,-0.3897858789088766,0.09158656228127028,-0.38546472771384044,0.09319676279842788
552.0145,-0.39001208852265673,0.09150200932730801,-0.3856859995934587,0.09323601153853901
551.5345,-0.39024287652807443,0.09141851211811348,-0.38599415785062013,0.0933247671820415
551.0541,-0.39047847445396777,0.09133608359267562,-0.3862218953463774,0.09333702076960387
550.5737,-0.3907186771860131,0.0912548934954121,-0.3864398389524528,0.09338969050980238
550.0933,-0.39096346519914105,0.09117506112384106,-0.3867151243079919,0.09347764903838703
549.6126,-0.39121297518125536,0.09109665004533356,-0.38695107326704703,0.09359187051347435
549.132,-0.3914669801302418,0.09101983755276959,-0.38716892760139293,0.09364456294944243
548.6511,-0.3916884358763304,0.0910621746420343,-0.38740806081209067,0.0937453458210978
548.1702,-0.39189736344622245,0.0911496087776569,-0.387643870862245,0.09385970387026711
547.6891,-0.3920838557551672,0.09130679252096066,-0.38786163631822623,0.09391243113554312
547.208,-0.39225662298751196,0.0915016157180898,-0.3881203214368302,0.09393204065143324
546.7267,-0.39242826038290934,0.09169610387611882,-0.3883495222763039,0.0939372879548247
546.2454,-0.39259869612773335,0.09189017189793096,-0.3886081668852821,0.0939567761894576
545.7639,-0.39276799253077394,0.0920838938237309,-0.3888635089013696,0.09398977791380023
545.2823,-0.3929361146846041,0.09227722492150471,-0.38907624504521116,0.0940627594461182
544.8007,-0.3931030338968891,0.09247012246998815,-0.38929059430205776,0.09412896350813159
544.3188,-0.3932688543503943,0.09266270238384323,-0.389539289159369,0.09418909696496601
543.8369,-0.39343959779659,0.0928290430426747,-0.3897912433206515,0.09423561685297252
543.3549,-0.39362226725015964,0.0929448665097609,-0.3899793687572636,0.09427389369479479
542.8728,-0.39380674080947925,0.09305578883263835,-0.39010367977033716,0.09430394472869674
542.3905,-0.39399564471248444,0.0931530021470622,-0.3902672892049739,0.09430744904895147
541.9082,-0.39418541375496413,0.09325048175453662,-0.3904732719551229,0.09440771694302282
541.4257,-0.39437611489751545,0.09334829778126359,-0.3907234721123493,0.09446099173437147
540.9431,-0.39456770509213307,0.09344648252120212,-0.39090491762497126,0.09452652215118076
540.4604,-0.39476017825202625,0.09354508638264865,-0.39107837899819675,0.09448899932784836
539.9777,-0.3949531710662527,0.09364483572428799,-0.3912875562915581,0.0945756793178688
539.4948,-0.39514053106176367,0.09375988301929483,-0.39146564285171476,0.09465488185436378
539.0118,-0.39532839464423686,0.0938752711896447,-0.39171572428038715,0.09470811416829622
538.5286,-0.3954537675835324,0.09412586964821174,-0.3918660157673235,0.09476616903757952
538.0454,-0.39557501053904315,0.09437848248397905,-0.3920278723518135,0.09477634248504999
537.5621,-0.395693702361476,0.0946297321942063,-0.3922124915185299,0.0948282213924612
537.0786,-0.395809879869272,0.09487963572334802,-0.3923511430253692,0.0949342284739252
536.595,-0.39592352415928633,0.09512810188903989,-0.39249639162733874,0.09501288276165482
536.1114,-0.396034632712723,0.09537504855565032,-0.3926826065357378,0.09505796041239915
535.6276,-0.39614327422986056,0.09562054841251284,-0.3928965152674403,0.0951242604683193
535.1437,-0.3962494353962199,0.09586451292003824,-0.393081030193285,0.09517619615369141
534.6597,-0.3963413257176164,0.09609171945386842,-0.39325887704718465,0.09525558901459509
534.1756,-0.3964262422264459,0.09631051304052651,-0.39351810268231946,0.0954056371585887
533.6913,-0.39649376435625955,0.09650614992809604,-0.3936548573853715,0.09551881465022508
533.207,-0.3965512643816473,0.09668706961698048,-0.39392896306509106,0.09560716607721528
532.7226,-0.39660777336749165,0.0968651892737574,-0.3941770260468345,0.09566737134495854
532.238,-0.39666334306302803,0.09704053370407818,-0.39438068705719737,0.09577511169996238
531.7534,-0.39671799199653257,0.09721300951142618,-0.39468063881078475,0.095891724297037
531.2686,-0.39677178309782324,0.09738267984450576,-0.3949336144490079,0.09593128827938588
530.7837,-0.3968247469629401,0.0975495160257844,-0.3951698084269466,0.09603979015864329
530.2987,-0.3968769238967883,0.09771351288308848,-0.39539174149882905,0.09607180229172935
529.8136,-0.39699695886000624,0.09779785845915813,-0.39566387187192853,0.09616717804181033
529.3284,-0.3972292644361692,0.09775972161334977,-0.3959133748823013,0.09622050225966523
528.843,-0.39747183245946377,0.09771678839084878,-0.39616116864490786,0.09628072462598944
528.3576,-0.3977319999648624,0.09766191294163207,-0.39646077485220316,0.09639750982872133
527.872,-0.397996232576817,0.09761002994112543,-0.39671924299622113,0.09654836043440379
527.3864,-0.39826436283830174,0.09756127675978411,-0.3969601679698242,0.09663634853598879
526.9006,-0.39853644170669283,0.09751574715103432,-0.39726801929721406,0.09671863672388796
526.4147,-0.3988123554926179,0.0974735616954788,-0.3976135231689339,0.09678070018404848
525.9287,-0.39908422148245937,0.0974412282133753,-0.39791958227211083,0.09686990923650027
525.4426,-0.3993138198425739,0.09744875490291377,-0.3982289714159743,0.09694522721435317
524.9564,-0.39953885968765024,0.09746409114189838,-0.3985556918702266,0.09708371316499478
524.47,-0.3996919165899881,0.09753779886037106,-0.39888232264996015,0.09722227791985481
523.9836,-0.39984626723043454,0.09761147056673002,-0.3992914132323156,0.09742535590181145
523.4971,-0.4000019435160273,0.09768516491429052,-0.3996470361147938,0.09757864260915675
523.0104,-0.40015896241318244,0.09775895531596991,-0.4000300393153407,0.09775353998434626
522.5236,-0.40031727686209717,0.09783286916863676,-0.4003784488092264,0.09780165402126169
522.0367,-0.4004768832796411,0.09790696548230696,-0.4007578264851845,0.09799068583642052
521.5497,-0.40063776886874813,0.09798131020943084,-0.40115418596311536,0.09810986152153574
521.0626,-0.40079992303066175,0.09805594108627388,-0.40152814714405183,0.09818646661725611
520.5754,-0.4009716574845407,0.09810301148976709,-0.401987787442893,0.09831373456737914
520.0881,-0.4011465854045332,0.09814661738438508,-0.4024609801556161,0.09851880041794418
519.6006,-0.40132447873824234,0.09818807744740052,-0.40286553611326487,0.09860292684593039
519.1131,-0.4015045948757854,0.09822972685568136,-0.4032579555728412,0.09873627283912723
518.6254,-0.40168678958522336,0.09827228271242981,-0.40383529027111453,0.09891498596405617
518.1377,-0.4018709625760673,0.09831580744870597,-0.4042257320238335,0.09905549153896935
517.6498,-0.4020571604067812,0.09836040508464919,-0.4046434227342519,0.09921774028052
517.1618,-0.40224531968616795,0.098406131287552,-0.4049585270013859,0.09926503254081466
516.6737,-0.4023970945686719,0.09846590712484225,-0.4053916283497334,0.09936369553438541
516.1855,-0.40253148390407867,0.09853189475923069,-0.40588623910238697,0.09947741771768825
515.6971,-0.4026436049701927,0.09860474426469906,-0.4063581203780877,0.0996832939363753
515.2087,-0.40274248827825776,0.09868074219129565,-0.4067223560051892,0.09979522194199755
514.7202,-0.4028427453193798,0.09875530853761184,-0.40719802101998887,0.09985165682182845
514.2314,-0.4029444370892296,0.09882852163134312,-0.4077333974660761,0.09993013211505683
513.7427,-0.4030474952552895,0.0989003628546605,-0.4081368710465308,0.10001391592336178
513.2538,-0.40315200122528666,0.0989709286444272,-0.40865281009546806,0.1001705897944536
512.7648,-0.4032964672090667,0.09901916227840728,-0.4090710898804024,0.10032610216825869
512.2757,-0.4034846487116553,0.09904525397573011,-0.4095217337320772,0.10048208981987419
511.7864,-0.4037577574814678,0.09903047989075157,-0.41006091528720084,0.10067509019307072
511.2971,-0.40414104279289126,0.09896679934384353,-0.4105094878743834,0.10083839822559841
510.8076,-0.4045285599093746,0.098910438099829,-0.4109430601003011,0.10092969175930878
510.3181,-0.4049199980141502,0.09886156440797682,-0.4114439602757333,0.101144090787481
509.8284,-0.4053153727050044,0.09882029652073183,-0.4117238126220013,0.10119764584069206
509.3386,-0.4057144505746352,0.09878678395847465,-0.4120378586005878,0.10124433227997298
508.8488,-0.40610335830103067,0.09876393894345968,-0.4124911604432279,0.10138625235473989
508.3587,-0.40646521215180353,0.09875442793071092,-0.41297855471866196,0.10152133574583092
507.8686,-0.4067233803425998,0.09877006742013353,-0.41338443676440423,0.10159050939560063
507.3784,-0.4066926526929202,0.09883482951290239,-0.41377782220130344,0.101710159210691
506.888,-0.40666424126235323,0.09889414123353231,-0.41406668935338176,0.1018578033934513
506.3976,-0.40663826634257166,0.09894803504489681,-0.4144313940890813,0.10209327734525772
505.907,-0.40661481543580974,0.09899661231933918,-0.4147021892994113,0.10231354290549846
505.4163,-0.40659399780816624,0.09903993777642296,-0.41521589864593544,0.1024710355688547
504.9255,-0.4065759132443454,0.0990780733564032,-0.4157258591443562,0.10264307599606516
504.4346,-0.4065606615180301,0.09911108657749355,-0.41615825718855975,0.10286543449566458
503.9436,-0.40658547758548597,0.09913492575743817,-0.4164752206850666,0.1030286278195124
503.4525,-0.4068995407205627,0.09912767400602589,-0.4167254693912284,0.10319859821839505
502.9612,-0.40721672988909785,0.09912591000566685,-0.4171267838933369,0.10341388853291789
502.4698,-0.407536864527127,0.09912976502356384,-0.417540572190509,0.10357835988659997
501.9784,-0.4078597575476226,0.09913934408096389,-0.4179361100470421,0.10381586924796543
501.4868,-0.4081854259847408,0.0991547562712819,-0.4182884600025187,0.1039654033887969
500.9951,-0.4085136697419885,0.09917612662830265,-0.4186407029507223,0.10411501969448501
500.5033,-0.4088443507856402,0.0992035791101717,-0.41907539421580736,0.10432409841915707
500.0114,-0.40917734748669277,0.09923721190173922,-0.4194323898176092,0.104584015664394
499.5193,-0.4093605941828674,0.09924832858933223,-0.41983249989647586,0.10480053487297722
499.0272,-0.40954351785098814,0.09926017159171828,-0.4201713774552569,0.10500198971781656
498.5349,-0.4097135806941552,0.09926986003363074,-0.42051194064934266,0.10519627143037329
498.0426,-0.40988607896032686,0.09928038031743938,-0.42088654705887896,0.10538365559761084
497.5501,-0.41006200865293074,0.0992920553281737,-0.42128413443819873,0.10560823441754459
497.0575,-0.41024130690175226,0.09930500524779792,-0.42176005856791415,0.10590750273058577
496.5648,-0.4104239429554003,0.09931935256663908,-0.42225048692763756,0.10614817652814407
496.072,-0.41060988346538335,0.09933522000185743,-0.42267045312308016,0.10641062788046005
495.579,-0.4108816406857979,0.09932558920872213,-0.42303484386372475,0.10663584859134942
495.086,-0.41117122217967605,0.09931606162957189,-0.4234356851979534,0.10697271930472195
494.5928,-0.41147347790262284,0.09930903895915157,-0.4237884113091797,0.10724282396373931
494.0995,-0.4117812576387465,0.09930706354799905,-0.4242073809235353,0.10750642011388171
493.6062,-0.41209250674408976,0.09931085789161603,-0.4246032094023103,0.10773293042251544
493.1127,-0.4124072173830744,0.09932057475316756,-0.4249988430246486,0.1079596444215188
492.619,-0.41272524936429134,0.099336370059782,-0.425439961776874,0.10826142634964571
492.1253,-0.41304634609727836,0.09935837359038537,-0.42587887464460733,0.10857099592911983
491.6315,-0.413337796952243,0.0993580563352485,-0.4262605220221082,0.10885054220788956
491.1375,-0.41362214128433106,0.0993531976783493,-0.4265811866188602,0.10911485350625882
490.6435,-0.4139104082541956,0.09935351564028745,-0.42700776276074737,0.10947015067725802
490.1493,-0.4142025981411327,0.09935917617843391,-0.4274607687622247,0.10972146204146145
489.655,-0.41449853760988653,0.09937035157427201,-0.42786592175511473,0.11003243333151763
489.1606,-0.41479810077192064,0.09938719464077155,-0.4283010800936921,0.11035157582117452
488.6661,-0.4151049454400337,0.09940983731525119,-0.4287055981793092,0.11066327865384215
488.1714,-0.4154170238043716,0.09943861174461045,-0.4292135331948127,0.11107410005725597
487.6767,-0.4157651362476725,0.09947473540153118,-0.42961344321300765,0.11140162814565568
487.1818,-0.4161336386067533,0.0995193143302096,-0.43014773332211353,0.1117084473831908
486.6869,-0.4165047251441583,0.0995722275172656,-0.43060942851919815,0.11204498060317424
486.1918,-0.4168783585587051,0.09963364014618928,-0.43110687500293554,0.1123672454969915
485.6966,-0.41725427623033023,0.09970369152444997,-0.4314410114782062,0.11269561973200508
485.2013,-0.417632282276334,0.0997825156715334,-0.43198832528653386,0.11307218031100012
484.7058,-0.4180460367086264,0.09987738731960222,-0.43240445166313435,0.11345531704697304
484.2103,-0.418484053868742,0.09998771107862797,-0.43280584079371404,0.11377058169939115
483.7146,-0.4189987013069456,0.1001279402952019,-0.4333498342771911,0.11415619348808363
483.2189,-0.41956844005802346,0.10029674168562602,-0.4338549874282523,0.1144431336790246
482.723,-0.42013707510859455,0.10048139037707261,-0.43437996343743884,0.11477624750494692
482.227,-0.42070413791309935,0.10068192279210667,-0.43478600179298815,0.11507027470468892
481.7309,-0.4212692844406443,0.10089839672782502,-0.43519166321009817,0.11548653818766887
481.2346,-0.4218322673127753,0.10113091590314034,-0.43559300050634153,0.11579651211729078
480.7383,-0.42229248971024747,0.10130057087269581,-0.4360200794662605,0.11613006282723412
480.2419,-0.4226640149278981,0.1014106143029069,-0.43653707053947277,0.1164880925103651
479.7453,-0.4229744707190244,0.1014769297898486,-0.4370057120453956,0.11678474053055346
479.2486,-0.4232294344937023,0.10149902570364028,-0.4374159552060294,0.11705797988287316
478.7518,-0.4234895573544432,0.10152680771275262,-0.4378218449853291,0.1173467706570872
478.2549,-0.42375470284607,0.10156050510632128,-0.4382616062448936,0.11762862450702112
477.7579,-0.42402472275749875,0.10160035399625669,-0.43861304870451623,0.11787889234787195
477.2608,-0.4242994688306631,0.10164658004938792,-0.43902432862223606,0.11814554072570355
476.7635,-0.42485205297135353,0.10198062168055892,-0.4394239411910763,0.11833533216672704
476.2662,-0.42569536398852625,0.10264595455996499,-0.43992063992808905,0.11864204099020562
475.7687,-0.426551301514511,0.10336915531682606,-0.4404232266929953,0.11892602254518515
475.2711,-0.4274217801634516,0.10415600917541014,-0.44079727358118037,0.11920863908268728
474.7734,-0.4282726239494463,0.10497047475784119,-0.441153605338564,0.11943721829396411
474.2756,-0.4291032335798614,0.10581219426822301,-0.4416957674463301,0.1196915724692749
473.7776,-0.4298750721248372,0.1066170929030193,-0.4419750452466748,0.1199660029714605
473.2796,-0.4305814439215882,0.10736722795456531,-0.44225200676457854,0.1202483894837062
472.7814,-0.4311289509907064,0.10788509592308419,-0.4425565649368067,0.12054689831566803
472.2831,-0.43149103534120326,0.10809094188222527,-0.44279219120516833,0.12074391526749727
471.7848,-0.4318537722717062,0.10830909536243133,-0.44312799051479784,0.12092688881936114
471.2863,-0.4322169951981343,0.10853979810263036,-0.44357904258592973,0.121158124860386
470.7876,-0.4325803959584078,0.10878319743866528,-0.44384839768553946,0.12134824729250035
470.2889,-0.43294350990632746,0.10903933511963824,-0.44422638094601485,0.12149325272947072
469.79,-0.43335573630432117,0.1093971470213393,-0.44463851884056715,0.12174777638592511
469.2911,-0.43383023455780223,0.10989290055914168,-0.44491801269728887,0.12178256904075946
468.792,-0.43432733567669335,0.1104656021511416,-0.4454258166904006,0.12203856497432519
468.2928,-0.4348554953485262,0.11114071529494611,-0.44594615050980185,0.12224806940681907
467.7935,-0.4353697772455941,0.11183529204857678,-0.44632346819868446,0.12239338125375196
467.2941,-0.4358697109928064,0.11254912075009671,-0.44678803198767064,0.12257108398952982
466.7945,-0.43634934584025875,0.11326192870989976,-0.44734617454218684,0.12275778565198545
466.2949,-0.43680671867788845,0.1139641757230832,-0.4478444748555481,0.12292814639556854
465.7951,-0.4372056593501942,0.11450192851136011,-0.4482872879090156,0.12306652080949326
465.2952,-0.4375362598533254,0.11479192773529963,-0.44873026353807455,0.1230870702064776
464.7952,-0.4378662000583328,0.11509625424144453,-0.44936479068451735,0.12310934055148852
464.2951,-0.43819509443668625,0.11541505736009806,-0.44976274634311153,0.12317617161695806
463.7949,-0.4385225561160297,0.11574846681398214,-0.45007774592691996,0.1231948867045466
463.2946,-0.43884819108483986,0.11609661184848591,-0.45033960664632333,0.12317363118136117
462.7941,-0.43917582945785033,0.1164730858324332,-0.4507416929065266,0.12322442076624462
462.2935,-0.43950603185565507,0.11688396520376061,-0.45117346787394086,0.12328322115750745
461.7928,-0.4398345990157953,0.11731935606007234,-0.4515158874429151,0.12331750747877776
461.2921,-0.44016157093807695,0.11778316816938443,-0.45194966234598954,0.12336817091663721
460.7911,-0.4404829765725068,0.11826289896571834,-0.4523471456757221,0.12343425641062677
460.2901,-0.4407981949796495,0.11875828700337614,-0.45289754396749654,0.12352499643267159
459.7889,-0.4411126231101769,0.11927267178012087,-0.4533948099717081,0.12357560778656135
459.2877,-0.44142762200076846,0.11980738675154744,-0.45389843841140615,0.12360224490145418
458.7863,-0.44175752336476765,0.12037202581483103,-0.4543738985220654,0.12373171866048331
458.2848,-0.44210871773425536,0.12097258569763412,-0.4548854047448266,0.12384542466509146
457.7832,-0.44244994731076565,0.12159134288152328,-0.45529960652645785,0.12384723909532903
457.2815,-0.4427807171184572,0.12222821398973768,-0.4557434305672891,0.12385691576482591
456.7796,-0.4431005822513657,0.12288322705867923,-0.456339919370402,0.12389073869344987
456.2777,-0.4434089175887318,0.12355601053284167,-0.45699344121221713,0.12394827500499456
455.7756,-0.44372598464556623,0.12425364758134298,-0.45741377206993555,0.12392515927990234
455.2734,-0.4440555867856213,0.12497880138293377,-0.4581754394158683,0.123934112492879
454.7711,-0.44437662729581384,0.1257251944433799,-0.4588031275175312,0.1239664129274547
454.2687,-0.4446894301958919,0.1264933489033185,-0.4594834312084891,0.12403837003302172
453.7662,-0.44498722408441277,0.12728082792172324,-0.460148353821024,0.12416617036380288
453.2635,-0.44526952260242136,0.12808758251880395,-0.4608679277780536,0.12432582304757273
452.7608,-0.44554493953498336,0.12901425978278117,-0.46155542847003816,0.1244853610319548
452.2579,-0.44580883941736804,0.13007170130748896,-0.4622722386807074,0.12465272589273262
451.7549,-0.4460547173613811,0.13125186113817675,-0.4630161398923279,0.1248359831424832
451.2518,-0.4462772486716244,0.13255991853873494,-0.463759701849831,0.1250190935540515
450.7485,-0.4464677479681167,0.13388625191215967,-0.46453028556253284,0.12521812870380364
450.2452,-0.4466256349468773,0.1352296755276924,-0.46529830472422357,0.12542515486598188
