Resultados del Stack: Ajuste_muestra2_con_reflectancia
Fecha: 2026-06-09 01:32:46
ID: 7

información del stack
=====================

Material: air
Modelo de Dispersión: None

Material: T1_densa
Modelo de Dispersión: bruggeman
Espesor: 6.60 nm
Parámetros del Modelo: {'f_air': 0.31615076584508034, 'linked_to': 'T1_densa', 'f_optimized': 1.0}

Material: T1_densa
Modelo de Dispersión: cauchy
Espesor: 99.39 nm
Parámetros del Modelo: {'A': 2.8952500575893363, 'B': 49.33045637015242, 'C': -42.15265344290137}

Material: Si
Modelo de Dispersión: None

=====================

wl,best_Ic,best_Is,Ic_exp,Is_exp
829.9594,-0.31392047303025084,0.03358987721654427,-0.2807454991781968,0.05607300894799631
829.5408,-0.31411134967450555,0.03381790455865329,-0.28308836910058655,0.05680302861487205
829.1221,-0.314301512162323,0.03404624550534028,-0.28234964000345175,0.05691628926182361
828.7034,-0.3144909125170752,0.03427484142591023,-0.2845952762084471,0.057105396698166
828.2845,-0.31467963838862334,0.03450379747778937,-0.2825571723495568,0.05690167459400593
827.8656,-0.31486759686288474,0.03473300028087801,-0.2832153060893489,0.057188531617551906
827.4465,-0.31505487488118317,0.034962555164705984,-0.28318031876374106,0.05736152732207653
827.0275,-0.3152413358778121,0.03519229359157189,-0.28284705382838843,0.05765899328915313
826.6082,-0.31541805502588943,0.0353925524248063,-0.2836102325893945,0.05776301448643853
826.1889,-0.3155935741793763,0.03559088425716518,-0.28346817856642353,0.057790763997844975
825.7695,-0.31576509498966054,0.035777691328169506,-0.28251956524132565,0.057592234021244394
825.35,-0.3159333598584721,0.03595505209281363,-0.28064197326748086,0.057428888259978675
824.9305,-0.3161012195305861,0.03613253073160957,-0.28011869356690106,0.057316713741887335
824.5108,-0.3162687630402496,0.03631020813380115,-0.2805934662028768,0.05733222731474679
824.0911,-0.3164358961675721,0.03648799856530165,-0.28049548430603916,0.057643781134245946
823.6713,-0.31660264529724785,0.036665942982498236,-0.280431932107818,0.057952167119172025
823.2513,-0.31676905743639755,0.03684408013798571,-0.2801425842930116,0.05803003769067261
822.8313,-0.3169350553557047,0.037022322167275766,-0.2798992882506631,0.05771985420716402
822.4112,-0.3171006773718892,0.037200708778339225,-0.28016080114223907,0.0579420254399756
821.991,-0.3172659224755843,0.037379237228256396,-0.28086841493849285,0.057822610492352516
821.5707,-0.3174308042648102,0.03755790352111261,-0.27999454721603095,0.05775478226431225
821.1503,-0.3175953061581928,0.03773670631388372,-0.27967537017978916,0.057480329378217634
820.7299,-0.3177593778424999,0.037915601041280646,-0.2805065459481356,0.057589928805119914
820.3093,-0.3179231005191286,0.03809466957451655,-0.28122364556746765,0.057588829860471646
819.8886,-0.31808644136170766,0.03827386378293627,-0.2812594183808215,0.05758081129501157
819.4679,-0.3182493639360857,0.038453134121633696,-0.2813168886492617,0.0576335035920261
819.0471,-0.31841190044608986,0.03863252678303207,-0.28188376668690995,0.057698379024035455
818.6262,-0.3185740429999173,0.03881204659790733,-0.28227272432131983,0.05779852648978784
818.2051,-0.31873583448407516,0.03899172655775783,-0.282506687051739,0.058154743284308225
817.7841,-0.3188971674075905,0.03917143433659432,-0.2831236507961697,0.05847235314726441
817.3629,-0.3190581552763517,0.03935129514110309,-0.2829363000557625,0.058222590839199145
816.9416,-0.3192187487459167,0.0395312638375339,-0.2837984389538613,0.058343211307987294
816.5202,-0.31937893534091494,0.03971133785528157,-0.28429845156401456,0.05839946041898504
816.0988,-0.31953868949277525,0.03989147081861323,-0.2849824472359819,0.05855551554058193
815.6772,-0.3197106654756592,0.04009081085601145,-0.2855127137769258,0.058960560750823135
815.2556,-0.3198858914058422,0.04029614500843813,-0.28529932599452307,0.05867252301488834
814.8338,-0.32006331496688706,0.0405059781914066,-0.28561203283237563,0.058809575351989204
814.412,-0.3202442681316446,0.04072252090418107,-0.2859184804491068,0.058976718467807825
813.9901,-0.3204245550816887,0.04093932591484273,-0.2862263244244866,0.058805889259873956
813.5681,-0.32060418074880986,0.04115638109181895,-0.28650433960192495,0.05877962867053771
813.146,-0.32078313501252087,0.041373690397040884,-0.28646529246677443,0.058969632602779806
812.7238,-0.3209614153643402,0.04159124956760471,-0.28644699636932613,0.05889291182518977
812.3015,-0.3211390193111781,0.041809054307346105,-0.2871824281486388,0.05912770629243695
811.8792,-0.3213159025754144,0.04202704864392073,-0.28667911718994143,0.05875813346866913
811.4567,-0.3214921464673367,0.042245331456706066,-0.2867975911147104,0.05884500882967274
811.0341,-0.3216677065705103,0.04246384675076389,-0.2868833423336998,0.05892522011268133
810.6115,-0.32184253917161937,0.04268253832641471,-0.28710227614356176,0.05852121061393375
810.1888,-0.32201668348877294,0.04290145340921562,-0.28700824460207686,0.05864814455080275
809.7659,-0.3221901735857731,0.043120643811546976,-0.28740765385005,0.05886041439743236
809.343,-0.3223629258618304,0.04334000043162538,-0.2875749814423466,0.05904112736984239
808.92,-0.32253498421119126,0.04355956539737857,-0.28784229853249804,0.05923214649505672
808.4969,-0.3227063513932392,0.04377932918292431,-0.28802129072016347,0.05952053265915937
808.0738,-0.3228769782583112,0.04399924166931866,-0.2879226653139966,0.05966784444911202
807.6505,-0.3230469431579628,0.044219402145989274,-0.2880144196049863,0.059718315997109
807.2271,-0.32321620339112916,0.04443975395512315,-0.2881047491817825,0.059611186954181286
806.8036,-0.32338475669111133,0.04466029236365364,-0.28841712872037595,0.05991207914558457
806.3802,-0.3235525217410123,0.04488090836260757,-0.288761706969483,0.06005726355955974
805.9564,-0.32371994921437475,0.04510177430363825,-0.28906197717085125,0.06025130923784019
805.5327,-0.323888810248422,0.045321991938479536,-0.2893979159351124,0.060273899457652554
805.1089,-0.3240569606907473,0.04554239675043243,-0.2897021110322385,0.06061163758026519
804.685,-0.3242410552210156,0.04575774507475526,-0.2901051428245702,0.06080166637202202
804.261,-0.32443023017558625,0.045971616924627035,-0.29016084369204315,0.06086092242794832
803.8369,-0.3246187286519476,0.04618584256767575,-0.2904597897471541,0.06089716397601568
803.4127,-0.3248065475582287,0.046400417738273234,-0.2908501955392927,0.06098431504868015
802.9884,-0.32499368358364883,0.046615338339699434,-0.2910256579772531,0.061121862959877
802.564,-0.3251801255706195,0.04683060711504008,-0.2912897763800127,0.0611614092274979
802.1396,-0.3253658350765764,0.047046161505064986,-0.29120639318120706,0.06123411893994027
801.715,-0.3255509023679186,0.04726209369190378,-0.2912379361685459,0.061246059552778065
801.2903,-0.3257352776765138,0.04747835106888087,-0.2915447573822877,0.06140623108051778
800.8657,-0.32591886671809045,0.0476948267121193,-0.2915271453121526,0.06132813178340485
800.4408,-0.32610183700075585,0.047911716673864777,-0.291332561032465,0.06128188766160938
800.0159,-0.3262840607961161,0.048128869510373644,-0.29152928589019117,0.061317955528954304
799.5909,-0.3264655847692786,0.048346340415110746,-0.29164512108129453,0.06157623280843221
799.1658,-0.32664639970383325,0.048564116367585806,-0.2919299074575171,0.061678940319033725
798.7406,-0.32682650243161776,0.04878219235304372,-0.2921984575899962,0.06185822196104239
798.3153,-0.3270058900547668,0.04900056365884744,-0.2927002529101196,0.06190040414994074
797.8899,-0.32718455969339105,0.04921922553417743,-0.293221669047963,0.06217108829524749
797.4644,-0.32736250848589427,0.04943817318993146,-0.29344747721858844,0.06239024603053901
797.0389,-0.32753969203815625,0.04965735026158211,-0.29392180996981526,0.06256080120330611
796.6132,-0.327716190809127,0.049876854905100076,-0.29423758780151044,0.06267632828757488
796.1875,-0.3278919190735725,0.05009657909207283,-0.2942788960450546,0.06264217526582944
795.7617,-0.328066910577998,0.050316573295636234,-0.29453094040163563,0.06305593898825687
795.3357,-0.3282412044139599,0.05053688339311717,-0.29468541345672733,0.06328805934537711
794.9097,-0.3284124319200666,0.05075679329761451,-0.294995708004436,0.06358634033028517
794.4836,-0.3285744286867518,0.05097465201962095,-0.295033223054004,0.06388546745463274
794.0574,-0.32873570999991125,0.051192666880867266,-0.29520364766433815,0.0638846146144185
793.631,-0.328893969064004,0.05141025098869665,-0.2954493083865155,0.06400795592606476
793.2047,-0.3290510765363208,0.05162775919744526,-0.29568146714767046,0.06419333579334131
792.7782,-0.32920751090602435,0.05184543274046976,-0.2957711570733301,0.06425064720271023
792.3516,-0.32936323298815795,0.05206321561443252,-0.29596285021704943,0.0643085169206013
791.9249,-0.3295182365159822,0.052281105686411526,-0.2960133073294839,0.06423292051989896
791.4982,-0.32967248356785994,0.05249904648878757,-0.2963920556910151,0.06452638482337131
791.0714,-0.3298260087242293,0.05271708366086844,-0.2965958631291843,0.06468462444227877
790.6444,-0.3299788458817299,0.052935262848458724,-0.29677613598791147,0.0647944827707187
790.2173,-0.3301309571987726,0.05315352747604642,-0.2967156735723607,0.06475958040669506
789.7902,-0.3302823055744417,0.05337182089994114,-0.29691367538143854,0.06494396249086942
789.363,-0.33043292498754256,0.05359018865792535,-0.2969759423094245,0.0651259688999116
788.9357,-0.33058281233201076,0.053808626101968134,-0.2972648543641217,0.06520563994818085
788.5083,-0.3307319593674539,0.054027131966629,-0.29727797072322953,0.06530097118624006
788.0807,-0.33088040701625937,0.05424574630757253,-0.2972369265309769,0.06517776475999552
787.6532,-0.33102805743956665,0.05446430501363892,-0.2973667660439627,0.06551635976699957
787.2256,-0.3311749728405626,0.054682908525928414,-0.29724944950157023,0.06543067695050166
786.7977,-0.33132121806687936,0.054901654484938556,-0.2970879568394225,0.06569963311018347
786.3699,-0.33146665488861465,0.05512033259413202,-0.29730144075954923,0.0658121589591167
785.9419,-0.331611384076987,0.0553390903595016,-0.2973571722078567,0.06586805072576163
785.5139,-0.3317553365435013,0.05555781967332481,-0.2974709042647157,0.06596950017754732
785.0857,-0.33189857812885654,0.05577661682309317,-0.29753830066443276,0.06612611975143498
784.6575,-0.33205090451037833,0.05599692600277959,-0.2976693617223074,0.06645516693717309
784.2291,-0.33220496922784676,0.056217776328295374,-0.2976473507968981,0.06640117005052726
783.8007,-0.3323606815119121,0.05643909640787635,-0.29771224244664424,0.06641564651557261
783.3722,-0.33251843556594846,0.05666102761023895,-0.2978037026521261,0.06661613213371936
782.9435,-0.33267544288409306,0.056883148467686794,-0.29802359199786466,0.06685104415943069
782.5148,-0.33283163137600086,0.05710533772801063,-0.29822840951565094,0.06700086790516245
782.0861,-0.3329869956553898,0.05732760315213893,-0.29810944824935426,0.0667719436690157
781.6573,-0.3331415742099333,0.05754999868359185,-0.29810944824935426,0.0667719436690157
781.2282,-0.3332954333310395,0.0577726159618197,-0.29825061144680487,0.06690196793732496
780.7991,-0.33344845512493054,0.05799528900154772,-0.2982857452720787,0.06659277556259685
780.3698,-0.3336007079684895,0.058218115033844976,-0.29845497511380675,0.06644464703080716
779.9407,-0.3337520578291264,0.05844088193206918,-0.2984630906314063,0.06640818338112021
779.5113,-0.3339026865202061,0.05866383912456315,-0.29845496612031785,0.06629158008593314
779.0818,-0.33405251291375426,0.05888688124841485,-0.2987736006292462,0.06638971362715665
778.6523,-0.334201504413043,0.05910995843327998,-0.2990839443152982,0.0666778180513143
778.2227,-0.33434969106984613,0.05933310987428397,-0.2993779170342327,0.0668859764266958
777.793,-0.33449706306090027,0.059556324712746876,-0.29943926153666867,0.06691614319507885
777.3632,-0.33464361808357457,0.05977959622501448,-0.2996881111913272,0.06702118153401644
776.9332,-0.33478939805422225,0.060002973352095354,-0.2998904326785166,0.0671818502772538
776.5032,-0.3349343434794713,0.06022634940941551,-0.29999778083189266,0.06731038196012971
776.0731,-0.33507847429880766,0.06044976535838252,-0.3001173209356999,0.06723267808388843
775.6429,-0.33522178510290523,0.06067320586961748,-0.3002069965538255,0.06743987902429421
775.2126,-0.33536427732794316,0.06089667120517898,-0.3003483868195601,0.0674165776391591
774.7822,-0.3354952213209793,0.061119494543314536,-0.3005404573891196,0.06747070952732825
774.3517,-0.3356148858705182,0.061341540725453475,-0.30059169180146084,0.06739404546500147
773.9212,-0.33573328967241656,0.06156332027316856,-0.30071895346281835,0.0674336029389599
773.4905,-0.335848991344866,0.06178481306867292,-0.30085496199591394,0.06728213189099405
773.0598,-0.33596386734192785,0.06200603337187856,-0.3011111453798363,0.06720148179159853
772.6289,-0.33607797970332526,0.06222707258365874,-0.30136846906888654,0.06711535706371728
772.198,-0.3361912681549479,0.06244782427551332,-0.30172258068780794,0.06720527296806858
771.7669,-0.3363037839140226,0.0626683842175881,-0.30174324805523206,0.06726515546936891
771.3358,-0.33641547487182455,0.06288864270454275,-0.30180145767552147,0.06715649990069299
770.9046,-0.3365263651000864,0.0631086445171674,-0.30189983959980565,0.06717286170447845
770.4733,-0.33663644906344714,0.06332838466594251,-0.3020883825399328,0.06724248042116111
770.0419,-0.3367457349546779,0.06354785211783466,-0.3022031799335927,0.06718500163170024
769.6104,-0.3368542323471084,0.06376703540867663,-0.3024534268556129,0.06712985018645501
769.1787,-0.3369619581854246,0.06398598127891202,-0.302635340507153,0.0670760151561372
768.7471,-0.33706883728802667,0.0642045305424364,-0.3025720366940706,0.06690133391072516
768.3152,-0.3371749691522035,0.0644228781282819,-0.30295183847505763,0.06687439980543192
767.8834,-0.3372802531857923,0.06464081529787521,-0.30328721215664317,0.06704836127443652
767.4514,-0.33738475858920286,0.06485848777329493,-0.3034670699591675,0.06731037136005923
767.0193,-0.3374884690326175,0.06507583423501906,-0.3036825490956366,0.06725807424552806
766.5872,-0.3375913713888077,0.06529279290853396,-0.3038975193757824,0.06736132872881172
766.1549,-0.3376935045552594,0.0655094602089125,-0.30406532695137545,0.06737068674939606
765.7224,-0.3377960577199861,0.06572792587077016,-0.30426836759836096,0.06722070862034683
765.2901,-0.33789838814714257,0.06594706736290107,-0.30446078997959286,0.06711833093171429
764.8575,-0.3380013525705535,0.0661684800294713,-0.3047132726036678,0.06705131351138355
764.4249,-0.3381062925038333,0.06639463697304285,-0.3050301152795163,0.0671545240070091
763.9922,-0.3382103473946171,0.06662047076164458,-0.3054121179733518,0.0671156811719754
763.5593,-0.33831354144903586,0.06684602499760037,-0.3056746898387553,0.067156604701145
763.1264,-0.3384158275232521,0.06707118698032188,-0.30592595802146444,0.06709427778647181
762.6934,-0.3385172301508384,0.0672960003278751,-0.306083866586088,0.06730250308068982
762.2603,-0.3386177499822513,0.06752045647393118,-0.30617981390140225,0.06732920245509286
761.8271,-0.3387173889442761,0.06774455125466101,-0.30628280883478026,0.06732383096924248
761.3938,-0.33881614835547286,0.06796827829647897,-0.3063522543178604,0.06731667530096906
760.9604,-0.33891402595078934,0.06819162154113534,-0.30653174867130245,0.06758048344299368
760.5269,-0.3390110115938042,0.06841456587214631,-0.3067393973412925,0.06771609018988649
760.0933,-0.3391071185837384,0.068637109525996,-0.3070613528458574,0.06764104921533372
759.6597,-0.33920233443271963,0.06885919000273565,-0.307347853577035,0.06772665954835763
759.2259,-0.33929669810803176,0.06908090286652975,-0.3074220212598887,0.06769799588280971
758.7921,-0.33939016496698876,0.06930213776198649,-0.30765983594937024,0.06754208249801229
758.3581,-0.3394827793156474,0.06952298780301268,-0.30786931034767845,0.06751485313934753
757.924,-0.33957452124104587,0.0697433949856013,-0.3078563427526315,0.06757395855917489
757.49,-0.33966535207353504,0.0699632564877891,-0.30806109596147335,0.06756818176157744
757.0556,-0.33975537536879435,0.07018280716357066,-0.30816405927247753,0.06756257951873322
756.6213,-0.3398444865369197,0.07040177525718226,-0.3084370462696125,0.0675547289181226
756.1868,-0.33993275091187175,0.07062031153748156,-0.3086722460566626,0.06771916732400744
755.7523,-0.34002642613890227,0.07082935317927853,-0.3087128663380834,0.0676885482768086
755.3177,-0.3401240920706745,0.07103122587516018,-0.3088915775545009,0.06780119088765332
754.883,-0.3402210300958551,0.07123269821786518,-0.30893811739818827,0.06774358817452147
754.4482,-0.3403172416454368,0.07143376226870016,-0.3089945285296926,0.06779552498433283
754.0132,-0.3404127500826504,0.07163445614383951,-0.30916808066992907,0.06777704807201675
753.5782,-0.3405075235209316,0.07183467712071616,-0.3094031226478159,0.06794177612065239
753.1432,-0.34060155396557684,0.072034419987421,-0.3095754840900427,0.06792865386598373
752.7079,-0.34069490010346776,0.07223381598879225,-0.30974191168662024,0.06794250740977151
752.2726,-0.34078750277689335,0.0724327185436759,-0.3098748122446497,0.06795465392979262
751.8373,-0.3408793678632932,0.07263111907855813,-0.309978932643967,0.06794346601138739
751.4018,-0.3409705394468104,0.0728291006233979,-0.3102463642224907,0.06826885503050027
750.9662,-0.34106099828171293,0.07302660938938502,-0.3104391158988159,0.06831695006345435
750.5306,-0.34115072586241846,0.07322359203830572,-0.31054204487107073,0.06831118940560442
750.0948,-0.341239765462045,0.07342013081054236,-0.3107276180881074,0.0683918112599212
749.6589,-0.3413280985420807,0.07361617219672281,-0.31095623127483807,0.06843074933523254
749.223,-0.34141570729922605,0.07381166316109472,-0.3110962446769398,0.06841032977966957
748.7869,-0.3415026395348046,0.07400668417693755,-0.3112158675011399,0.06832844920770434
748.3508,-0.3415888579871086,0.07420113754798825,-0.3114134112263505,0.06850856559881131
747.9146,-0.3416743773873288,0.07439506112003166,-0.3116335744174185,0.06843156062405815
747.4782,-0.34175921293682393,0.07458849185906032,-0.3117363769992836,0.0682716555892559
747.0417,-0.3418433562803256,0.07478137535801134,-0.31184642738756096,0.06823301798341314
746.6052,-0.34193970578569494,0.07498243514347053,-0.31198521532421836,0.06821773978397687
746.1686,-0.3420366417276188,0.07518399707908104,-0.31224621366808364,0.06841757953372747
745.7319,-0.34213376425865916,0.07538580913872489,-0.31253339039615047,0.06849765410241881
745.295,-0.342230729350528,0.07558767060730055,-0.3127451459707346,0.06845825986552566
744.8582,-0.3423268649823042,0.07578900747637876,-0.3130142524710925,0.06877483046345056
744.4211,-0.3424222643944417,0.0759899907759028,-0.31311473774615384,0.06877972295695231
743.9841,-0.34251683500446456,0.07619043702260021,-0.31328220861804046,0.06878785247203978
743.5468,-0.3426106558301265,0.0763905327374008,-0.31339816012745686,0.06887638371378423
743.1096,-0.3427036525141559,0.07659007346049636,-0.3135152866940142,0.0689594888046383
742.6722,-0.34279589931372895,0.07678918646352613,-0.31366969743520084,0.0688729339827549
742.2347,-0.34288737141490855,0.07698781774490251,-0.31363380256448115,0.06888226624012955
741.7971,-0.3429780627531931,0.07718595369549044,-0.3137150244122717,0.0689747215097501
741.3594,-0.34306797472433287,0.07738358441982836,-0.31375693853887526,0.06893801187770277
740.9215,-0.34315713622912053,0.07758075354539118,-0.3138168757093964,0.06881913709502854
740.4838,-0.3432454689857842,0.0777772797309669,-0.3139736395689831,0.06872142820323408
740.0458,-0.34333307605256536,0.07797336899860768,-0.3140801485309615,0.06854371526552955
739.6077,-0.3434199288436555,0.07816891115329766,-0.3141816743291819,0.06823275461129766
739.1696,-0.3435060020851748,0.07836386252306643,-0.31429286183265465,0.0681879749893087
738.7313,-0.3435913300395687,0.07855831176980532,-0.3144482313707736,0.06809527130235338
738.293,-0.34367587880987743,0.07875215807980052,-0.31457981340364466,0.06811227024161073
737.8545,-0.34375208169143734,0.07894149176034453,-0.3146743348265431,0.06814423508916148
737.416,-0.3438122729791777,0.07912201625425137,-0.3148980389112755,0.06820418686414131
736.9773,-0.34387185706667295,0.07930174736660851,-0.3149362862917651,0.06818369878866795
736.5386,-0.3439308118238774,0.07948059410020365,-0.3150199105266495,0.06810971548612137
736.0996,-0.343989182479261,0.07965866938329283,-0.31503654346537935,0.06803273956856937
735.6608,-0.34404690797863885,0.07983576163304246,-0.3151678444410275,0.06789415242853873
735.2218,-0.34410404667152744,0.0800120238255899,-0.3153124511140906,0.06785044541305914
734.7827,-0.3441605907300261,0.08018740642147516,-0.3152675405569393,0.06758750436430638
734.3434,-0.34421655831657094,0.08036193996290711,-0.3153562012708936,0.06764681138322771
733.9041,-0.3442719295355478,0.08053553590454127,-0.3154901469468203,0.06765250546306509
733.4647,-0.34432672287294286,0.08070822499676585,-0.3154755403319645,0.0675629890344623
733.0252,-0.3443809441006925,0.08087999815305864,-0.3155038133731933,0.06743083702571881
732.5856,-0.344434599085761,0.08105084628676332,-0.3157721913909429,0.06759770085934041
732.1459,-0.34448769379072247,0.08122076031190517,-0.31581039413390916,0.06757705688419678
731.7061,-0.3445402342743438,0.08138973114402195,-0.31571937237913134,0.06752876736853916
731.2662,-0.3445922266921625,0.08155774970100486,-0.315758213788349,0.06734691487349773
730.8261,-0.3446436889279561,0.08172484475724112,-0.3157076873678608,0.06726701175666217
730.3861,-0.3446945924398494,0.0818908936780494,-0.315650596803017,0.06705905803328498
729.9459,-0.3447459713227135,0.08205655703138301,-0.315703520651993,0.06712789124791296
729.5057,-0.34480387360618925,0.08222521272247475,-0.31564708516626366,0.06707558536795465
729.0653,-0.34486122481274967,0.08239299827977821,-0.3158128420728716,0.06724908241016063
728.6248,-0.34493396089057876,0.08256912183951894,-0.31580814643163063,0.06727113014191788
728.1843,-0.3450087952038578,0.08274608106822075,-0.3157534014294886,0.0670521007839585
727.7436,-0.34508297549163186,0.08292235745823359,-0.3157327806663715,0.06699013321479476
727.3028,-0.3451564910736769,0.08309789940063747,-0.3156903348705426,0.06687173540246266
726.8619,-0.3452293519489317,0.08327268919688108,-0.315768606940889,0.06698045688440947
726.421,-0.34530154703186766,0.0834466736344414,-0.3157549780753168,0.0668854285783624
725.9799,-0.34537311297843015,0.08361993067993395,-0.315837123067006,0.06681643775351523
725.5388,-0.3454440209245981,0.08379238285279204,-0.3158577774412939,0.06687840419472445
725.0975,-0.3455143092134742,0.08396408770230415,-0.3159360436652344,0.06698716275006794
724.6562,-0.34558396073232067,0.08413494980439055,-0.315997562640958,0.06685614135243347
724.2147,-0.3456530053540759,0.08430504298423516,-0.315962056932126,0.06670460701126389
723.7732,-0.34572140788327643,0.08447428823372509,-0.3159367156368374,0.06666469842248796
723.3315,-0.3457892049300883,0.08464275230156376,-0.3159346062575192,0.06651451786409654
722.8898,-0.3458563777548584,0.08481034146024181,-0.3160397165090852,0.06649632507892504
722.4479,-0.345922963276284,0.08497711624760505,-0.31605595519172913,0.06641910002392924
722.006,-0.3459889357407203,0.0851430003612472,-0.31605247706254314,0.06643564858399187
721.564,-0.34605431413957594,0.08530803352824189,-0.3162348400108324,0.06653161637170618
721.1218,-0.3461191206713604,0.08547223195530164,-0.31624528687125975,0.06648194149860023
720.6796,-0.3461718498997945,0.08562547647152483,-0.31627645325687254,0.06649425741877532
720.2373,-0.3462197677028087,0.08577385721496111,-0.3163283312053645,0.06656858189961498
719.7949,-0.346265448644701,0.08591953144642234,-0.3162948447485981,0.06656729984343107
719.3524,-0.34630864244103216,0.08606220174589384,-0.31641832803416076,0.06662212438628541
718.9097,-0.34635148002421273,0.08620375777014393,-0.31639065507227015,0.06659323071968787
718.467,-0.3463939443343656,0.08634412566002674,-0.3163985469243679,0.06671600466023114
718.0242,-0.3464360624590783,0.08648333052014771,-0.3166431080857887,0.06683684225079767
717.5813,-0.34647785344320703,0.08662136590941653,-0.31668672216770094,0.06694997798117194
717.1383,-0.34651931667889624,0.08675822143057323,-0.31674901007976564,0.06697469698598274
716.6952,-0.34656046068172486,0.08689388847333132,-0.31682605301482203,0.06708920039829788
716.252,-0.34660129466686923,0.08702835858092049,-0.3168777815290892,0.0671637207527814
715.8087,-0.3466418233456844,0.08716162225850525,-0.31703285614847804,0.06738741383934721
715.3653,-0.34668205471423114,0.0872936706920199,-0.3171097419668249,0.06750210192356612
714.9218,-0.3467220062959428,0.08742449737660835,-0.3171285797450339,0.06741354554734116
714.4782,-0.3467616946444796,0.08755409577325915,-0.3172360646612156,0.06738431276616579
714.0345,-0.3468011207380124,0.08768245551593712,-0.3174039403673228,0.06754735487174678
713.5907,-0.34684028467292394,0.08780956579798134,-0.3175559677904717,0.06762605675476775
713.1469,-0.34687919671832074,0.08793539248195795,-0.3175669958265588,0.06773270338075625
712.7028,-0.3469325567674896,0.08807012355114778,-0.31754214916433937,0.06784909321180023
712.2588,-0.3469927739020493,0.08820873711459681,-0.31772163431445044,0.06795702832516706
711.8146,-0.34705867058887757,0.08835063516264895,-0.31795709506742165,0.06796096588594956
711.3703,-0.3471325547318849,0.08849759187236722,-0.3181175028247252,0.06815783278443117
710.9259,-0.34720595250538744,0.08864368687247899,-0.3183112424131732,0.06835624441132732
710.4814,-0.34727886819020215,0.08878891857455175,-0.31842240210680733,0.06846732763373088
710.0369,-0.34735129496670286,0.08893323612285053,-0.31860881381569384,0.06854231795976785
709.5922,-0.3474232658471429,0.08907668200859468,-0.31880238317655046,0.0685839605387041
709.1474,-0.3474947773201688,0.0892192267100102,-0.31896248262508825,0.06862422734575357
708.7026,-0.347565825585741,0.08936084049589625,-0.3191368380433591,0.06875499028289152
708.2576,-0.3476364472798598,0.08950157315350515,-0.31928729407335094,0.06883988776393579
707.8125,-0.3477066313225355,0.08964137889685075,-0.3194425326592745,0.06890253098129466
707.3674,-0.3477763694235083,0.08978021767347537,-0.31964779010227556,0.06904606447080681
706.9221,-0.34784569922462044,0.08991814032435307,-0.31987917031013274,0.0692246104684954
706.4767,-0.347914608451375,0.09005509691716553,-0.320052024745182,0.06936143268779392
706.0313,-0.34798309483004963,0.09019106036329509,-0.32020782088113176,0.0695766041317063
705.5857,-0.34805120265882145,0.09032609677023908,-0.3204607651439038,0.06965499432858152
705.1401,-0.34811890374400367,0.09046012388939015,-0.320748329165325,0.06972922420573587
704.6943,-0.3481823758151179,0.09059171901269741,-0.3209045529291229,0.06978664906030216
704.2484,-0.34824372523383235,0.0907215830150045,-0.321078338734407,0.06991835004605332
703.8025,-0.3483022373047118,0.09084936566096219,-0.3212545069263112,0.07003893660494347
703.3564,-0.3483573264787674,0.09097481384990003,-0.3214395403484609,0.07027323706212396
702.9103,-0.34841210895473457,0.09109907253777717,-0.32173451079871285,0.0704671761174013
702.4641,-0.34846660692128556,0.0912221613954067,-0.32196002854020855,0.07066969428584512
702.0177,-0.3485208424203998,0.09134409906689091,-0.3221705263692137,0.07078662762619593
701.5712,-0.34857481325570605,0.09146484933886513,-0.3223772571476106,0.0709205277379947
701.1247,-0.3486285175988078,0.09158437713622025,-0.32266562753880945,0.07098987116528845
700.678,-0.3486819897941974,0.09170272760936196,-0.3228327041396229,0.07099709421467755
700.2313,-0.34873521630715726,0.09181983943559664,-0.32302203044678257,0.07105646230027994
699.7844,-0.34878823149898736,0.09193575676783157,-0.32320637164191274,0.07113841152372179
699.3375,-0.3488410222921952,0.09205041950735258,-0.3234834501985455,0.07125859302199374
698.8904,-0.3488936230849891,0.09216387080224174,-0.32365152361338945,0.071414084110398
698.4433,-0.3489460212388502,0.09227605179805902,-0.32390255270407975,0.07149911654791286
697.9961,-0.3489982395531572,0.09238697996951711,-0.3241556798733778,0.07172707638099622
697.5488,-0.34905028916093184,0.09249664733807314,-0.3243535768597242,0.07174711326161863
697.1013,-0.34910219289795236,0.09260507007353884,-0.3244992666491915,0.07185063155962046
696.6537,-0.3491581264770696,0.09270800619987009,-0.3246871020082205,0.07191600118292711
696.2061,-0.34921518582798833,0.092808462764457,-0.32496755725673676,0.07201977129562666
695.7584,-0.3492751238175536,0.09290479473945999,-0.32516288394373827,0.07205115215628616
695.3105,-0.34933757760941736,0.09299749388564393,-0.3253626265056992,0.07221457068835249
694.8626,-0.3494000348481661,0.0930890040237081,-0.3255440394138502,0.07230849277140666
694.4146,-0.34946252424099916,0.09317934219128578,-0.32574489557329445,0.07246646483068125
693.9664,-0.3495250635524946,0.09326851810629509,-0.32599298313556496,0.07256345511079516
693.5182,-0.3495876281178084,0.09335648135911516,-0.32637835062707216,0.07264923486102837
693.0699,-0.3496502521548,0.09344325133716988,-0.32666565701273814,0.07256958726052626
692.6215,-0.34971294718523327,0.09352882238841263,-0.3270112486316076,0.0726822966982947
692.1729,-0.349775738842776,0.09361320761999224,-0.32724105950865867,0.07270940105357976
691.7243,-0.3498386166221945,0.09369636754120048,-0.3274552476936842,0.07265504363388144
691.2756,-0.34990160414819393,0.09377831446069257,-0.3277225740413535,0.0728163883409434
690.8267,-0.349964720229091,0.09385905636761842,-0.3279332547128503,0.07292926892059579
690.3778,-0.35002794673117615,0.09393855062678377,-0.3282055126625161,0.07306797091960139
689.9288,-0.3500913155853864,0.09401681389575818,-0.3284275705054741,0.07312943996043587
689.4797,-0.35015483905304823,0.09409384115650235,-0.3287048228712047,0.07324536913284238
689.0304,-0.3502185436968686,0.09416964421990143,-0.3288806635141944,0.07336288152214517
688.5811,-0.3502834658852033,0.09424491380489419,-0.32913726500626944,0.07342012120495398
688.1317,-0.35034864694191736,0.09431900034555316,-0.32931430599505707,0.07353202024917248
687.6821,-0.35041422870906325,0.09439199925608008,-0.3294977254923336,0.07361523962173222
687.2325,-0.35048008045519025,0.09446379670164086,-0.3297644310415548,0.073777559772465
686.7828,-0.3505461497771105,0.09453434860830615,-0.3299516332639357,0.07384363050985245
686.3329,-0.35061246423359266,0.09460366588441013,-0.33020550247666136,0.07391255055152064
685.883,-0.35067900724348094,0.0946717134659266,-0.3304324541031034,0.07395123887668402
685.433,-0.35074580651994347,0.09473850276326988,-0.3307335605077884,0.07410955490867925
684.9828,-0.3508128900920869,0.09480404416801888,-0.3310245453244682,0.07416262269475402
684.5327,-0.35088022636948873,0.09486829052215956,-0.3311756848492466,0.07423897672372134
684.0823,-0.35094788849733666,0.0949312951275215,-0.33138438526394637,0.07435865676496405
683.6319,-0.3510158449025753,0.09499301191684559,-0.3316635906554134,0.0744638688013365
683.1813,-0.35108413926684334,0.0950534647418388,-0.33184926423659733,0.0745359752147294
682.7307,-0.351152754877903,0.09511262334079723,-0.3320924482312308,0.07465148378314793
682.28,-0.3512217205534661,0.09517049796939704,-0.3322806683008481,0.0747120715514238
681.8292,-0.3512914002296329,0.0952289497017417,-0.33253681798297385,0.0747696658540858
681.3782,-0.35136200623872976,0.09528919046945435,-0.33276223348889283,0.07481424830087302
680.9272,-0.35143347891215687,0.09535132270140961,-0.332821036598643,0.07485187904618028
680.4761,-0.3515080179956798,0.09542874799991338,-0.33304903953153486,0.07488483696284143
680.0248,-0.35158269254287133,0.09550495316858151,-0.3331718479228621,0.07493688605711998
679.5735,-0.3516574972062968,0.0955798976322572,-0.3333867333932309,0.07502801059272007
679.1221,-0.3517324477491724,0.09565359475253365,-0.33352391658837877,0.07501607320824512
678.6705,-0.3518075672392327,0.09572604983906345,-0.3337159333197841,0.07505926153886815
678.2189,-0.35188283956861016,0.09579722919466088,-0.33388641810110103,0.0750486306925073
677.7672,-0.3519582972629066,0.09586715470334312,-0.3340267471666261,0.07517204439898778
677.3154,-0.3520339537070606,0.09593582109139732,-0.3341840997248772,0.07521971240013843
676.8634,-0.35210983900775733,0.09600322542680988,-0.3343839380814551,0.0752279031606039
676.4114,-0.352185933383258,0.09606932678379464,-0.3344426688370348,0.07526564673035696
675.9592,-0.3522622853655678,0.09613416230670281,-0.3346267213037516,0.07534388502149904
675.507,-0.3523388815561485,0.09619770563119111,-0.3348067968177443,0.07543968992520679
675.0547,-0.3524157457189127,0.09625995990253214,-0.3349574908604552,0.07551664639758261
674.6022,-0.35249289539972567,0.096320934757656,-0.3350122229381592,0.07557199684921766
674.1497,-0.35257032266440846,0.09638059889209458,-0.33513354069706597,0.07563009842637551
673.6971,-0.3526550795721,0.09644691000927028,-0.3352014554937102,0.07562698013666498
673.2443,-0.35274352087944183,0.09651598454286858,-0.33536793809874266,0.0756337858510796
672.7915,-0.35283331241461524,0.09658527103043946,-0.3354786621475574,0.07573875011319205
672.3386,-0.35292466166095793,0.0966550455540535,-0.33553467172153445,0.07578832390274423
671.8855,-0.3530162002127699,0.09672370273571809,-0.33564269192717255,0.07590508236911779
671.4324,-0.35310790041781026,0.09679120775359708,-0.3356973481668149,0.07596055469561597
670.9791,-0.35319981561356767,0.09685758600765548,-0.3358771924314728,0.0760567120856026
670.5258,-0.3532919182062668,0.09692280393791361,-0.3359824478950297,0.07618535299078699
670.0723,-0.3533842618987023,0.09698688616946742,-0.33606102165149365,0.07628334442008772
669.6188,-0.35347681316507523,0.09704979308904191,-0.3361275949053755,0.0762861185298261
669.1651,-0.3535696310326289,0.0971115543927266,-0.33622079398275595,0.07631961154715466
668.7114,-0.3536626935342293,0.09717214609014473,-0.3363472718877627,0.07635449395393862
668.2575,-0.3537560531673828,0.09723158894391763,-0.33634993695748405,0.07634275317277413
667.8035,-0.3538497041997636,0.09728985947406907,-0.3364590702113751,0.07645397622309688
667.3495,-0.35394364080463986,0.09734694094281392,-0.3365735070695155,0.07654175859324054
666.8953,-0.35403808771693,0.09740315075978462,-0.3366693420526162,0.0765635528758778
666.4411,-0.35413341480198196,0.09745914855493273,-0.3367518015500451,0.07664412176295078
665.9868,-0.3542290823750187,0.09751400097841782,-0.3368462872188973,0.07667181017932392
665.5323,-0.35432559012231474,0.09756851615659005,-0.3369619937176298,0.07675382101806277
665.0777,-0.3544224405710906,0.09762186252223794,-0.3370417178364036,0.07684623664367844
664.623,-0.3545196551521029,0.09767403136983673,-0.33713349566667655,0.07688573232950281
664.1683,-0.35461722063526924,0.09772501390365329,-0.3372467350172641,0.07683106293582115
663.7134,-0.35471519258789613,0.0977748313678663,-0.3373065776796495,0.07686327440318265
663.2584,-0.35481356386289153,0.09782347015012241,-0.33738357693464216,0.07696754441963558
662.8034,-0.3549123231232437,0.09787092084422513,-0.33747264392274684,0.07701884667934639
662.3482,-0.35501152692542265,0.09791720320413569,-0.3375963167569993,0.07706566901494248
661.8929,-0.35511117548007454,0.09796229928511367,-0.33769074645094077,0.07709342616726973
661.4376,-0.3552112663114532,0.09800619441739537,-0.3377797866779867,0.07714476745947013
660.9821,-0.35531185070336524,0.09804891195181625,-0.337806321863066,0.07717564162603771
660.5265,-0.3554129128965701,0.09809044691475544,-0.33793535208929093,0.07719891412034072
660.0708,-0.35551447666487423,0.09813079168977709,-0.3380284145273842,0.07723258885129802
659.6151,-0.3556197159706992,0.09816193061346247,-0.33814799260021616,0.0772971702110375
659.1592,-0.35572620727937493,0.09819046114886212,-0.33829676684759946,0.07738088339851223
658.7032,-0.35583589940071253,0.09821173468957023,-0.3384054906860208,0.07749277173378448
658.2471,-0.35594773292752446,0.09822863551957593,-0.33845577629325707,0.07756645860111809
657.7909,-0.3560603848887778,0.09824445908950456,-0.33850875478266673,0.0776283488658825
657.3346,-0.35617386999671163,0.09825920844937006,-0.33866963329430677,0.0776590205212593
656.8782,-0.35628820300249314,0.09827288684822871,-0.3388467665210582,0.0776187180211649
656.4218,-0.35640337336694133,0.09828549509068887,-0.3389302746248205,0.07769388160796281
655.9651,-0.35651947149790414,0.098297043991383,-0.33904701947989396,0.07777047242695284
655.5084,-0.35663643194225886,0.09830752083172999,-0.33912233471510844,0.07788120710654634
655.0516,-0.3567542997803476,0.09831694165926258,-0.3391902022123617,0.07787809681046934
654.5947,-0.35687309435201764,0.09832531986190644,-0.33928588428003975,0.07790006542065046
654.1377,-0.3569928266056591,0.09833265205149595,-0.3394052919783022,0.07796489843847378
653.6806,-0.35711351093667393,0.09833894177323743,-0.3395023241379185,0.07798094965225992
653.2234,-0.35723516233382463,0.09834419394356263,-0.33959935323811286,0.0779969966476358
652.7661,-0.35735572437051655,0.09835624034193154,-0.33977240610134407,0.07797431519713464
652.3087,-0.35747515077664954,0.09837469138394284,-0.33988905997440444,0.07805104451773415
651.8511,-0.357594485108798,0.09839537220386974,-0.3399833512831316,0.07807894403741736
651.3936,-0.35771258003977546,0.09842179435023414,-0.34016782851116056,0.0781525617058783
650.9358,-0.35783143083596863,0.09844711052310919,-0.3403631996785392,0.07817868583082797
650.478,-0.35795097838174555,0.09847131336340512,-0.3405626539097168,0.07818695457050204
650.0201,-0.3580712602169516,0.09849440160916817,-0.34079943242827465,0.07817870127722906
649.562,-0.3581923241490525,0.09851636742172173,-0.34093375407375975,0.07817819727874954
649.1039,-0.35831412764875215,0.09853721806718559,-0.3410653424555956,0.07818957438233248
648.6457,-0.3584367076416035,0.09855697390196698,-0.3411377388441779,0.07831271577757933
648.1873,-0.3585601100333473,0.09857563335033541,-0.3413512394544685,0.07840563061012167
647.7289,-0.35868430189940864,0.09859317888677792,-0.34146911418732884,0.07847662603355961
647.2703,-0.35880935218518917,0.09860962450724539,-0.34158559904186114,0.07855361170368226
646.8117,-0.35893521684854796,0.09862497929621247,-0.3417034347047374,0.07862466606148523
646.353,-0.3590619375683786,0.09863925352570364,-0.3418904556833713,0.07868654822325219
645.8941,-0.35919066459214305,0.09865596519899232,-0.34195553863593514,0.07869524279145469
645.4351,-0.3593238254558424,0.09868337868591702,-0.34204285488378716,0.07875305368950393
644.9761,-0.3594577054859796,0.09870998684061097,-0.3422463349589493,0.0787432958001712
644.5169,-0.3595933677946325,0.09873926590466439,-0.34233088518206045,0.07881307920574818
644.0577,-0.3597296634919055,0.09876756208007985,-0.3424694692844875,0.07893940090345242
643.5983,-0.3598666727896672,0.09879487694840576,-0.3425553521930239,0.07900327280023751
643.1389,-0.3600043451775617,0.09882121240743559,-0.3427450206970944,0.07905331613651417
642.6793,-0.3601427488990427,0.098846594860376,-0.3428281134153669,0.07912919944115547
642.2196,-0.3602818714063924,0.09887101544454585,-0.3428834979256165,0.07917980341457119
641.7598,-0.3604217335686765,0.09889446513533107,-0.34307450623850455,0.0792239116926205
641.2999,-0.36056234978123636,0.09891694804321069,-0.3432073656333639,0.07937448217104595
640.84,-0.3607036974165659,0.09893847528777527,-0.34338862633390355,0.07946060083361182
640.3799,-0.3608458500253513,0.0989590643777971,-0.34350482283477635,0.0795380210372061
639.9197,-0.3609888131837472,0.09897881370224534,-0.3436818572847855,0.0796422154639401
639.4594,-0.3611326576234789,0.09899813407988367,-0.34379521946069863,0.07973171348057626
638.999,-0.3612773181186798,0.09901652876980876,-0.34387395461245457,0.07982587157596803
638.5385,-0.3614235036089585,0.0990397464119297,-0.3439942342877629,0.07988543040132627
638.0779,-0.36157044913131586,0.09906204755828206,-0.3440134912378518,0.07994685627336463
637.6172,-0.36171815835434773,0.09908342904108217,-0.3440963516750368,0.0800230843139277
637.1564,-0.36186665435512266,0.09910390070776909,-0.34419316760682034,0.08003926765877928
636.6954,-0.3620159946664815,0.09912347856116062,-0.34430920441536234,0.08011692700337496
636.2344,-0.36216612471272613,0.0991421561562888,-0.34444581803786545,0.08025011746837074
635.7733,-0.3623170806823651,0.099159935327349,-0.3445229908648308,0.0803505147427697
635.3121,-0.36246887691979174,0.09917682096124869,-0.3445379489652654,0.08043009185765367
634.8508,-0.36262153836736205,0.09919282609652133,-0.3446454513609279,0.0805439946563353
634.3893,-0.36277511715391175,0.09920796302044757,-0.34478329082722825,0.0806714076386721
633.9278,-0.3629295507481419,0.09922222333230722,-0.34503334167902006,0.08074896898165923
633.4662,-0.3630848783927691,0.0992356098642082,-0.3453271519558275,0.08092581011855166
633.0044,-0.3632411589252338,0.0992481395868902,-0.34545142774866827,0.08096765443284142
632.5425,-0.36337706290209504,0.099254286927704,-0.3455149756467398,0.08098254892693721
632.0806,-0.36351378721492894,0.09925917374770786,-0.34563499541442694,0.08104249938290801
631.6186,-0.36363980419392206,0.09925956621582997,-0.34553543725929176,0.08103824266426181
631.1564,-0.36376451909187674,0.0992578493578285,-0.34563782412075006,0.08103043439617623
630.6942,-0.3638903891074785,0.09925471566731375,-0.3455516430909446,0.0811120367482974
630.2318,-0.3640174933696841,0.0992501677724211,-0.34555365803613985,0.08124615167059628
629.7693,-0.36414583483415236,0.0992442040345308,-0.3453545428314747,0.08123750158718285
629.3068,-0.3642754070611131,0.09923683530713565,-0.34552669679273024,0.08136073713372859
628.8441,-0.3644062789924646,0.09922807850944756,-0.3453868554300908,0.08138507232227987
628.3813,-0.36453844074080494,0.09921794881431041,-0.345698797444941,0.08148405140876723
627.9184,-0.36467192255542763,0.0992064456307255,-0.34588365935402243,0.08155311411722257
627.4554,-0.36480675290288783,0.0991935713988953,-0.34625147778610393,0.08155691401627271
626.9923,-0.3649431169972484,0.09917947181802081,-0.34628649061706385,0.08169275458045172
626.5291,-0.3650910005243498,0.09917149189634576,-0.3461045258197223,0.08161156694616592
626.0658,-0.3652401616973031,0.09916236391934516,-0.3460859998339292,0.08169009347070731
625.6024,-0.36542559141748904,0.09917871653727431,-0.34617982929882557,0.08171861959695355
625.1389,-0.3656176388298374,0.09919900825490735,-0.34637092881498244,0.08147658533361757
624.6753,-0.365810488618782,0.09921889121298119,-0.34651358843371555,0.08143993932817548
624.2115,-0.366004192214017,0.09923837682134064,-0.3463395281214226,0.08118218618360094
623.7477,-0.3661986756194748,0.09925746412752641,-0.3463085571393446,0.08102828508516047
623.2838,-0.366393989994253,0.09927616502296256,-0.34680273975870823,0.08092049690884143
622.8198,-0.3665901447603011,0.09929448735298618,-0.3470102711516448,0.08089229001688754
622.3557,-0.3667871492805397,0.09931243916242995,-0.3468467612065668,0.08144797893493913
621.8914,-0.3669850555691398,0.09933003244677314,-0.34669809835301507,0.0819367903441322
621.4271,-0.3671837876142791,0.09934726807525028,-0.3465055035008842,0.08246617776515312
620.9626,-0.3673834401929091,0.09936416212412486,-0.3460654248373771,0.08304463004468733
620.498,-0.3675839796941131,0.09938071969898044,-0.3453925303552849,0.083469917598859
620.0334,-0.3677853717061565,0.0993969464012111,-0.345224887436442,0.08402271730949265
619.5687,-0.36795899077586974,0.09940098619352584,-0.3452678466280941,0.08467174719467811
619.1038,-0.36813157220186316,0.0994032672462145,-0.3449938688311522,0.08510263003045496
618.6388,-0.36830267614020634,0.09940355046419186,-0.3445851999687988,0.0855315588798686
618.1737,-0.3684742300863072,0.09940261160447297,-0.3444729442333375,0.08598254644504016
617.7086,-0.36864698415755454,0.09940078716665765,-0.3440405560019099,0.08636594847454102
617.2433,-0.36882102623203955,0.09939808836648031,-0.3437358215588407,0.0867742929338499
616.7779,-0.36899632638964813,0.09939452683231927,-0.34353007342407677,0.08718808445579487
616.3124,-0.36917290034484557,0.09939011516249123,-0.34328195813055057,0.0875014739138165
615.8468,-0.36935076981839315,0.09938486721526031,-0.3428545129457438,0.087723978280999
615.381,-0.3695299894114031,0.09937879505037085,-0.3427154630778096,0.08813465720313234
614.9153,-0.3697104607140012,0.09937191905063428,-0.3423161101406466,0.0883760027183674
614.4492,-0.36989239897174353,0.09936425430623151,-0.3419766946131213,0.08864498632561578
613.9833,-0.3700759351910769,0.09935656631326258,-0.3417281869372141,0.08882248261338781
613.5172,-0.3702702992804953,0.09936844345256195,-0.3415319107958929,0.08905788526933334
613.051,-0.3704657025587693,0.09937975121864007,-0.34141113180553595,0.08926189559810684
612.5847,-0.3706642506498643,0.09939525027918286,-0.34126956239643663,0.08941581119952423
612.1182,-0.3708640785952691,0.09941083038857164,-0.34119579630634544,0.08956832745004495
611.6516,-0.3710648934681162,0.09942591778232622,-0.34107627672575297,0.0897660627568405
611.185,-0.3712666633561358,0.09944052026227586,-0.3410101990631512,0.08988869441233666
610.7183,-0.37146945064436715,0.09945464706269114,-0.34094093490750255,0.09002318958859816
610.2514,-0.3716733076336667,0.09946831441372393,-0.3409126364641007,0.09013029489801135
609.7844,-0.3718781905203539,0.09948153817132363,-0.34085272745264467,0.09022903240841756
609.3173,-0.37208410919117657,0.09949433068135553,-0.34092539355352997,0.09033741527372903
608.8502,-0.37229103741600844,0.09950669693035089,-0.34104695331224394,0.09038873706884559
608.3829,-0.37249907457635006,0.09951865460555358,-0.3411274462781673,0.09033998185875644
607.9156,-0.3727112956573312,0.09952887262186827,-0.341258464482858,0.09035555795009705
607.448,-0.3729390634354432,0.09953282628936018,-0.3414920741728493,0.09036638911489576
606.9804,-0.37316815476328385,0.0995366615531674,-0.34174144173037857,0.09031750765390134
606.5127,-0.373402651468256,0.09953882087641776,-0.3420065991156812,0.09033649839692771
606.0449,-0.37363837070064093,0.09954105141723588,-0.34228435444910216,0.09030761878137415
605.577,-0.3738753173914754,0.09954336997540403,-0.3425478526715763,0.09020450254802291
605.1089,-0.3741135472878975,0.0995457940829953,-0.3429234156468074,0.09018820731921048
604.6408,-0.37435296312501365,0.09954833990978586,-0.34326424077925505,0.09017536347763383
604.1726,-0.3745936199782823,0.09955102536339115,-0.34375488704843665,0.09010545966068172
603.7042,-0.37483557372427584,0.09955386866781385,-0.3442454759241173,0.09003502980261563
603.2358,-0.3750787249269671,0.09955688640695139,-0.3447422867006392,0.08994000662934007
602.7673,-0.37532312876481216,0.09956009715929841,-0.34522470931585963,0.0897698990327678
602.2986,-0.3755688412139463,0.09956351985985612,-0.34564701189492536,0.08957063059569963
601.8298,-0.3758016382093301,0.09956924100555635,-0.34608513182557155,0.0894392604778827
601.361,-0.3760107581905016,0.09957832526172271,-0.34657031532015103,0.08925498101158601
600.892,-0.37622015815092624,0.09958704986192822,-0.3471184923993148,0.08908613526093548
600.4229,-0.3764274533565841,0.09959567368827729,-0.3476680861250084,0.08891034130516845
599.9537,-0.3766360108081891,0.09960375774926154,-0.34828531543614244,0.08873149938668468
599.4844,-0.37684585100820694,0.09961132249123276,-0.34894013081382613,0.088535230073993
599.015,-0.37705697795976284,0.09961838018285117,-0.3496340311391372,0.08831519584335047
598.5455,-0.3772694041683728,0.09962494779813173,-0.350289986535889,0.08811026278605803
598.0759,-0.3774831419539201,0.09963104262062078,-0.35093960361251225,0.08792857762849707
597.6062,-0.37769819562057216,0.09963667768526628,-0.3515743170903032,0.08767035760158685
597.1364,-0.37791458351633156,0.09964187440328547,-0.352273430692662,0.08742031957525757
596.6664,-0.37813103096194767,0.09964621574393895,-0.3530563245179875,0.08723529254661469
596.1964,-0.3783482575419628,0.09964994494671135,-0.3537446002945248,0.08688800751205869
595.7263,-0.3785570047043947,0.09964980441990837,-0.3545211216350067,0.08658683266241164
595.256,-0.37876021430106477,0.09964652127166175,-0.3551649546720649,0.08627785272474152
594.7857,-0.3789649168086588,0.099642520667762,-0.35576028480736394,0.08589003093033125
594.3152,-0.37917121437410123,0.09963782094350364,-0.35639589230769275,0.08560913655378
593.8447,-0.3793790427534317,0.09963245041555696,-0.35709584767260766,0.08533572369535207
593.3741,-0.37958846392105217,0.09962643182261967,-0.3577639126909121,0.08505324557171724
592.9032,-0.379799576987329,0.09961977996574944,-0.3585762391935618,0.08486295802090459
592.4323,-0.3800122628279023,0.09961252110527488,-0.35935378381133026,0.08467616304723469
591.9613,-0.38022658073079774,0.09960467649290744,-0.36030370136040835,0.08446203051190329
591.4902,-0.38044254506059305,0.0995962691033473,-0.36121877115404216,0.08425099383483965
591.019,-0.38066016991759893,0.09958732228654156,-0.3622840066878213,0.08410618982483736
590.5477,-0.3808909425319327,0.09959946936057573,-0.3630076029834484,0.0838536235754692
590.0763,-0.38112347824988935,0.09961227191917929,-0.3640722110893789,0.08370473266419452
589.6048,-0.38137180537906,0.0996534725949406,-0.3646345285607807,0.08342538726411601
589.1331,-0.3816236965175642,0.09970032626848464,-0.36532279247620103,0.08317365530531011
588.6614,-0.3818761953815499,0.09974732568177067,-0.36568042158827696,0.08306041835034067
588.1896,-0.38212935817307775,0.09979449187096663,-0.3662964822935033,0.08283067024748825
587.7176,-0.3823832414463696,0.09984184614646058,-0.36711995251564233,0.08285525467190259
587.2455,-0.3826377941407241,0.09988938993393888,-0.3678888256408069,0.08282636772133202
586.7734,-0.38289296450251875,0.09993712464465784,-0.3684495370271477,0.08283775132916588
586.3011,-0.3831488628191681,0.09998508217806609,-0.36879855856848665,0.0832002766669988
585.8287,-0.3834054371163849,0.10003326425664229,-0.3690172810757183,0.08340530636160802
585.3563,-0.3836626347131851,0.10008167255302476,-0.36957668295051216,0.08400646291174423
584.8837,-0.38392750418496346,0.10014041577769667,-0.3700690518410342,0.0846075906010884
584.4109,-0.38421387887508207,0.10023067686778536,-0.3698219488040371,0.0852509600413156
583.9382,-0.38450091138833675,0.10032310891109754,-0.36974445747893886,0.08601502009212492
583.4652,-0.38479378976947737,0.10042554842387517,-0.3699884221772171,0.08624877485707302
582.9922,-0.38508626855767464,0.10052896217163433,-0.37017661220940024,0.08657879250123138
582.5191,-0.38537839932662843,0.1006333706647817,-0.3703482212504332,0.08683711397962372
582.0458,-0.3856702332365345,0.10073879511592429,-0.3707025797435207,0.08702259352534245
581.5725,-0.3859616300818414,0.10084518215888254,-0.37123614635614255,0.08729142428318001
581.0991,-0.3862526468235157,0.10095255913496745,-0.371329760480169,0.08745707316731748
580.6255,-0.38654334673636476,0.10106094884440216,-0.371234010298194,0.08744136039907176
580.1519,-0.38683358755859487,0.10117030372760077,-0.3713842454353569,0.087647802088771
579.678,-0.38709907713120795,0.1012584477376081,-0.37164540704639704,0.08780531054015712
579.2042,-0.38735306275547315,0.10133640541736318,-0.3716538015157195,0.0879100300632955
578.7303,-0.38757716004071247,0.10138598793131144,-0.3719431380693921,0.08808815365444124
578.2561,-0.38777957711316524,0.10141326707404642,-0.37212684128150386,0.08815223815970762
577.7819,-0.38798324811532536,0.10143965758010048,-0.37214129339523255,0.08823112036361158
577.3076,-0.3881882336831293,0.10146518543892923,-0.3721716891595309,0.08838241523136399
576.8332,-0.38839454866792544,0.10148985992216299,-0.3725111143060868,0.08862787437953458
576.3586,-0.3886022551419276,0.10151370134148019,-0.3725738545092862,0.08864280153374328
575.884,-0.3888112803913938,0.10153673460816667,-0.37290340206489136,0.08878997843092533
575.4093,-0.3890216831940661,0.10155899396284103,-0.37320925650296877,0.08889721955517445
574.9344,-0.38923352597014405,0.10158049171922841,-0.3734948454923857,0.08908924948562927
574.4595,-0.3894467316240056,0.10160123373868432,-0.3737440849588666,0.08915559448745423
573.9844,-0.38966144476772785,0.10162034897674166,-0.3738601297084395,0.08922465606123459
573.5092,-0.3898788639041796,0.10161197136128261,-0.3740639452061541,0.08934230613914004
573.0339,-0.39009826136574555,0.10160294348840013,-0.3742614622854451,0.08948615333750813
572.5586,-0.39031960597891585,0.10159329941251065,-0.37446672931981867,0.08959741899812368
572.0831,-0.39054300606973463,0.10158306748284517,-0.3746735139273927,0.08970220672626499
571.6075,-0.390768425770957,0.10157227446696268,-0.37493976268399953,0.08983514364987652
571.1318,-0.3909958829674983,0.10156095991350943,-0.3752466752875568,0.08993638110298374
570.6559,-0.3912254445364026,0.10154916387903913,-0.37558326912487006,0.09005171274424299
570.1801,-0.3914569761961414,0.10153692381212588,-0.3758650455092792,0.09011927285171542
569.704,-0.39169068418997494,0.10152426131746463,-0.3760450060727244,0.09019712444329503
569.2278,-0.3919264841650976,0.10151121650239861,-0.37643298710228706,0.09037356442033845
568.7516,-0.3921662539670778,0.10154991137860464,-0.3767067340184173,0.0904740546104678
568.2753,-0.39240843107491147,0.10163613044856508,-0.37698200984887015,0.0905680047699923
567.7989,-0.3926511273915215,0.10174021231576856,-0.3772164601907873,0.09069396981822167
567.3222,-0.3928939799198339,0.10186889917997033,-0.3774274957725528,0.09077955044796776
566.8455,-0.39313615599526636,0.10199735542128308,-0.37772438171945744,0.090920700098042
566.3687,-0.39337770732675664,0.1021255968715817,-0.3780227731339649,0.0910553473292575
565.8918,-0.39361865207397984,0.10225361925368814,-0.3782776525463125,0.09109578533155047
565.4149,-0.3938589530542552,0.10238139007246037,-0.37859502460267375,0.09115124146857466
564.9377,-0.39409875455627963,0.10250897564334308,-0.3788122272583411,0.0912105303786765
564.4605,-0.3943379015396594,0.10263628219018933,-0.3790373686940142,0.0912367445492974
563.9832,-0.39457570034311845,0.1027596505365137,-0.379187249379322,0.09130082832604206
563.5057,-0.39479316373463885,0.10278156076513856,-0.3794276577845326,0.09140075213131078
563.0282,-0.39501211209865805,0.10280271880519119,-0.3796351825842405,0.09149981707590087
562.5505,-0.39522103046022433,0.10275704052954208,-0.3799443669419589,0.09158836991968733
562.0728,-0.39543210152180985,0.10270624553553236,-0.38023186592089386,0.09162958642831576
561.5948,-0.39564625414445176,0.10265450010976802,-0.3804785054571415,0.09170307507765164
561.1169,-0.3958633284082989,0.10260189070884851,-0.38071870251430046,0.09180315330824822
560.6388,-0.39608348564676504,0.10254842335144802,-0.3809556448307186,0.09191657360507571
560.1606,-0.3963066974510465,0.1024941683560708,-0.38120858965362314,0.09196352263602205
559.6823,-0.39653297480721444,0.10243918399906164,-0.38141584000943796,0.09206283225497115
559.2039,-0.39676233984603954,0.10238352222288165,-0.3816278740921005,0.09214220652477895
558.7253,-0.39700326318076484,0.10240438175199394,-0.3818447043537649,0.09220161213006332
558.2467,-0.39725135850398174,0.1024822083823016,-0.3821599406500497,0.09226361267542728
557.7679,-0.3975056904081405,0.10262517763294257,-0.38246385262232685,0.0923723075487401
557.2891,-0.39776448042060686,0.10283755813566509,-0.3827822240969273,0.09242091875668725
556.8102,-0.39802094432846347,0.10304998742288782,-0.38308279765496656,0.09254302302593372
556.3311,-0.39827513489008853,0.10326247157150396,-0.38336020576989505,0.09262420059658283
555.8519,-0.39852699875190184,0.10347492771804236,-0.3836553619347757,0.09263173366943707
555.3726,-0.39877653686431974,0.10368731714947131,-0.3839229885574043,0.09275308348842518
554.8932,-0.399023750686975,0.10389960094986958,-0.38416748692010205,0.09283344185157373
554.4137,-0.39926864219519115,0.1041117400058835,-0.38440870442344727,0.09292723728348481
553.9341,-0.3995077430892011,0.1042956798656868,-0.38469077684029024,0.09298831921851981
553.4543,-0.3997251906653638,0.10430316105418974,-0.38499747074693613,0.0930837904988124
552.9745,-0.3999434079806948,0.1042989477762835,-0.38524018398587073,0.09317094063518064
552.4946,-0.4001458666898001,0.10409998250998112,-0.38546472771384044,0.09319676279842788
552.0145,-0.40035455444106793,0.10389973553348082,-0.3856859995934587,0.09323601153853901
551.5345,-0.4005693707485017,0.1036984541740872,-0.38599415785062013,0.0933247671820415
551.0541,-0.400790570162022,0.10349603005455954,-0.3862218953463774,0.09333702076960387
550.5737,-0.4010180000550608,0.10329273415538766,-0.3864398389524528,0.09338969050980238
550.0933,-0.4012516834541724,0.10308869030656029,-0.3867151243079919,0.09347764903838703
549.6126,-0.40149179303492094,0.10288388789612078,-0.38695107326704703,0.09359187051347435
549.132,-0.4017381520234047,0.10267861419380112,-0.38716892760139293,0.09364456294944243
548.6511,-0.40197766783348265,0.10259399038602242,-0.38740806081209067,0.0937453458210978
548.1702,-0.4022155403092739,0.10255452981242241,-0.387643870862245,0.09385970387026711
547.6891,-0.4024470618813524,0.10258613615121714,-0.38786163631822623,0.09391243113554312
547.208,-0.40267452080387456,0.10265609018069094,-0.3881203214368302,0.09393204065143324
546.7267,-0.4029027779642914,0.10272508212602864,-0.3883495222763039,0.0939372879548247
546.2454,-0.4031317583259938,0.10279309586254981,-0.3886081668852821,0.0939567761894576
545.7639,-0.4033615685974477,0.10286017230761293,-0.3888635089013696,0.09398977791380023
545.2823,-0.40359218213018866,0.10292631027449384,-0.38907624504521116,0.0940627594461182
544.8007,-0.4038235770013378,0.1029915101165618,-0.38929059430205776,0.09412896350813159
544.3188,-0.4040559183903399,0.1030558262945174,-0.389539289159369,0.09418909696496601
543.8369,-0.40428988361392,0.10309312315398136,-0.3897912433206515,0.09423561685297252
543.3549,-0.404527401578071,0.10307853702958583,-0.3899793687572636,0.09427389369479479
542.8728,-0.40476773107065955,0.10305808539299784,-0.39010367977033716,0.09430394472869674
542.3905,-0.40501167105364216,0.10302272519529171,-0.3902672892049739,0.09430744904895147
541.9082,-0.40525855817493417,0.10298671129984463,-0.3904732719551229,0.09440771694302282
541.4257,-0.40550850935692406,0.10295007725491792,-0.3907234721123493,0.09446099173437147
540.9431,-0.40576150052114207,0.10291289914873097,-0.39090491762497126,0.09452652215118076
540.4604,-0.4060175558234588,0.10287524464360084,-0.39107837899819675,0.09448899932784836
539.9777,-0.40627647984269,0.10283793171608376,-0.3912875562915581,0.0945756793178688
539.4948,-0.4065352403117996,0.10281595051105293,-0.39146564285171476,0.09465488185436378
539.0118,-0.4067967590191731,0.10279357095754754,-0.39171572428038715,0.09470811416829622
538.5286,-0.4070277042442312,0.10291489483699381,-0.3918660157673235,0.09476616903757952
538.0454,-0.40725745837265176,0.10303863909029243,-0.3920278723518135,0.09477634248504999
537.5621,-0.40748689227870605,0.1031612045268784,-0.3922124915185299,0.0948282213924612
537.0786,-0.40771607894840295,0.10328260788836706,-0.3923511430253692,0.0949342284739252
536.595,-0.4079449884993761,0.10340281352376704,-0.39249639162733874,0.09501288276165482
536.1114,-0.40817360654113827,0.10352179120632869,-0.3926826065357378,0.09505796041239915
535.6276,-0.4084020631176585,0.10363958595729689,-0.3928965152674403,0.0951242604683193
535.1437,-0.40863033218079137,0.10375616510787815,-0.393081030193285,0.09517619615369141
534.6597,-0.40884386044263127,0.10386005825811272,-0.39325887704718465,0.09525558901459509
534.1756,-0.409051447510407,0.10395741876535777,-0.39351810268231946,0.0954056371585887
533.6913,-0.40923996162228465,0.10403690400151569,-0.3936548573853715,0.09551881465022508
533.207,-0.4094182577480031,0.10410477415365677,-0.39392896306509106,0.09560716607721528
532.7226,-0.4095975881627995,0.10417008772651713,-0.3941770260468345,0.09566737134495854
532.238,-0.4097780420847852,0.10423286901931436,-0.39438068705719737,0.09577511169996238
531.7534,-0.4099595955480318,0.10429309448242334,-0.39468063881078475,0.095891724297037
531.2686,-0.4101423753827388,0.10435080443215108,-0.3949336144490079,0.09593128827938588
530.7837,-0.4103264006198827,0.1044060161657557,-0.3951698084269466,0.09603979015864329
530.2987,-0.41051172309990624,0.10445874880564016,-0.39539174149882905,0.09607180229172935
529.8136,-0.41074802608721406,0.10441844239730708,-0.39566387187192853,0.09616717804181033
529.3284,-0.4110687130735511,0.10423292643412137,-0.3959133748823013,0.09622050225966523
528.843,-0.41140066255009794,0.10404014130472836,-0.39616116864490786,0.09628072462598944
528.3576,-0.41174934818924563,0.10383145339619611,-0.39646077485220316,0.09639750982872133
527.872,-0.4121050032659943,0.10362451790976905,-0.39671924299622113,0.09654836043440379
527.3864,-0.41246746443888116,0.10341956831143759,-0.3969601679698242,0.09663634853598879
526.9006,-0.41283686274542886,0.103216666999343,-0.39726801929721406,0.09671863672388796
526.4147,-0.4132131056755119,0.10301600001253143,-0.3976135231689339,0.09678070018404848
525.9287,-0.41359005170431007,0.10282583431664413,-0.39791958227211083,0.09686990923650027
525.4426,-0.4139375762707456,0.1026847294601675,-0.3982289714159743,0.09694522721435317
524.9564,-0.4142849804025215,0.1025524424807173,-0.3985556918702266,0.09708371316499478
524.47,-0.41457869794254915,0.10249477523387755,-0.39888232264996015,0.09722227791985481
523.9836,-0.4148763093904182,0.10243711179528199,-0.3992914132323156,0.09742535590181145
523.4971,-0.4151778952839031,0.10237951568186525,-0.3996470361147938,0.09757864260915675
523.0104,-0.4154835269552338,0.10232206911709563,-0.4000300393153407,0.09775353998434626
522.5236,-0.4157931473737789,0.10226486351552923,-0.4003784488092264,0.09780165402126169
522.0367,-0.4161067755759457,0.10220799129566549,-0.4007578264851845,0.09799068583642052
521.5497,-0.4164244229899427,0.10215155430847239,-0.40115418596311536,0.09810986152153574
521.0626,-0.41674609648978456,0.10209562758535551,-0.40152814714405183,0.09818646661725611
520.5754,-0.417073484835249,0.10201172126410457,-0.401987787442893,0.09831373456737914
520.0881,-0.41740587028493253,0.10192434308843035,-0.4024609801556161,0.09851880041794418
519.6006,-0.41774336412630386,0.10183481936464003,-0.40286553611326487,0.09860292684593039
519.1131,-0.41808572197456256,0.10174562400479464,-0.4032579555728412,0.09873627283912723
518.6254,-0.4184330396246733,0.10165747658046807,-0.40383529027111453,0.09891498596405617
518.1377,-0.4187851737669988,0.10157053248856646,-0.4042257320238335,0.09905549153896935
517.6498,-0.41914226577849906,0.10148488254119213,-0.4046434227342519,0.09921774028052
517.1618,-0.4195042385977572,0.10140065023965224,-0.4049585270013859,0.09926503254081466
516.6737,-0.4198374374853654,0.1013407102768066,-0.4053916283497334,0.09936369553438541
516.1855,-0.4201582677399522,0.10129250183790071,-0.40588623910238697,0.09947741771768825
515.6971,-0.42046229186340095,0.10125807009745937,-0.4063581203780877,0.0996832939363753
515.2087,-0.42075723378114416,0.10123151030650472,-0.4067223560051892,0.09979522194199755
514.7202,-0.42105602521248453,0.10120446383896728,-0.40719802101998887,0.09985165682182845
514.2314,-0.4213588187757445,0.10117700502129556,-0.4077333974660761,0.09993013211505683
513.7427,-0.42166538829139233,0.10114923655763534,-0.4081368710465308,0.10001391592336178
513.2538,-0.42197594777843506,0.10112123096367708,-0.40865281009546806,0.1001705897944536
512.7648,-0.4223221583576252,0.10106232622387865,-0.4090710898804024,0.10032610216825869
512.2757,-0.42270754363110363,0.10097160025370945,-0.4095217337320772,0.10048208981987419
511.7864,-0.42316680942116064,0.10081964312012683,-0.41006091528720084,0.10067509019307072
511.2971,-0.4237217815190137,0.10059156154899133,-0.4105094878743834,0.10083839822559841
510.8076,-0.4242850122019227,0.10037034841038034,-0.4109430601003011,0.10092969175930878
510.3181,-0.4248561617455574,0.10015630271275949,-0.4114439602757333,0.101144090787481
509.8284,-0.4254353598104755,0.09994953696703335,-0.4117238126220013,0.10119764584069206
509.3386,-0.4260223777435723,0.0997502990962442,-0.4120378586005878,0.10124433227997298
508.8488,-0.42660470804183476,0.09956540249282378,-0.4124911604432279,0.10138625235473989
508.3587,-0.42716713949986695,0.09940231765819967,-0.41297855471866196,0.10152133574583092
507.8686,-0.42763980671089474,0.09929473647011121,-0.41338443676440423,0.10159050939560063
507.3784,-0.42785328322984867,0.09931992656730294,-0.41377782220130344,0.101710159210691
506.888,-0.4280706079793956,0.09934162852612963,-0.41406668935338176,0.1018578033934513
506.3976,-0.42829178720881783,0.09935991146421959,-0.4144313940890813,0.10209327734525772
505.907,-0.4285170004975973,0.09937488505890868,-0.4147021892994113,0.10231354290549846
505.4163,-0.42874629608195564,0.09938664274117363,-0.41521589864593544,0.1024710355688547
504.9255,-0.42897975864006155,0.09939526970343991,-0.4157258591443562,0.10264307599606516
504.4346,-0.4292174731598051,0.09940085618574537,-0.41615825718855975,0.10286543449566458
503.9436,-0.42949354879669793,0.09938846729329877,-0.4164752206850666,0.1030286278195124
503.4525,-0.43003747546995286,0.0992623298805458,-0.4167254693912284,0.10319859821839505
502.9612,-0.43058816001964223,0.0991424828112335,-0.4171267838933369,0.10341388853291789
502.4698,-0.4311454014797968,0.09902914339160347,-0.417540572190509,0.10357835988659997
501.9784,-0.4317089839474972,0.09892250480222377,-0.4179361100470421,0.10381586924796543
501.4868,-0.4322790415990736,0.09882269161262743,-0.4182884600025187,0.1039654033887969
500.9951,-0.4328553510867616,0.09872992008362906,-0.4186407029507223,0.10411501969448501
500.5033,-0.4334377990541329,0.09864438290006992,-0.41907539421580736,0.10432409841915707
500.0114,-0.43402628074004035,0.09856624384674915,-0.4194323898176092,0.104584015664394
499.5193,-0.4344707304505432,0.09851618894975678,-0.41983249989647586,0.10480053487297722
499.0272,-0.43491738795566187,0.09846972557064951,-0.4201713774552569,0.10500198971781656
498.5349,-0.4353538439071727,0.09842816481850826,-0.42051194064934266,0.10519627143037329
498.0426,-0.43579508315118426,0.09838956789647471,-0.42088654705887896,0.10538365559761084
497.5501,-0.4362422051953617,0.09835396898754503,-0.42128413443819873,0.10560823441754459
497.0575,-0.4366950950283692,0.09832154132143003,-0.42176005856791415,0.10590750273058577
496.5648,-0.4371537236940847,0.09829245072143344,-0.42225048692763756,0.10614817652814407
496.072,-0.43761805921893604,0.09826686368285324,-0.42267045312308016,0.10641062788046005
495.579,-0.43815814687630467,0.09819364850444924,-0.42303484386372475,0.10663584859134942
495.086,-0.4387168523098966,0.09811792004351348,-0.4234356851979534,0.10697271930472195
494.5928,-0.43929005196667037,0.09804354512966901,-0.4237884113091797,0.10724282396373931
494.0995,-0.4398716367723891,0.0979751651755799,-0.4242073809235353,0.10750642011388171
493.6062,-0.4404597868726079,0.09791412565885281,-0.4246032094023103,0.10773293042251544
493.1127,-0.441054624199198,0.09786061437583758,-0.4249988430246486,0.1079596444215188
492.619,-0.4416560285567099,0.09781485177856902,-0.425439961776874,0.10826142634964571
492.1253,-0.4422636411285395,0.09777705236978139,-0.42587887464460733,0.10857099592911983
491.6315,-0.44283946663410595,0.09773185373704928,-0.4262605220221082,0.10885054220788956
491.1375,-0.44340922609297834,0.09768831791876717,-0.4265811866188602,0.10911485350625882
490.6435,-0.44398560251252983,0.09765175350491993,-0.42700776276074737,0.10947015067725802
490.1493,-0.44456872588321233,0.0976223637103438,-0.4274607687622247,0.10972146204146145
489.655,-0.44515837916544876,0.09760037916085657,-0.42786592175511473,0.11003243333151763
489.1606,-0.44575444620120314,0.09758600785545313,-0.4283010800936921,0.11035157582117452
488.6661,-0.4463603044577599,0.09757817096817435,-0.4287055981793092,0.11066327865384215
488.1714,-0.44697416628343256,0.09757788711584842,-0.4292135331948127,0.11107410005725597
487.6767,-0.4476246344696332,0.09757586017875695,-0.42961344321300765,0.11140162814565568
487.1818,-0.44829759534247526,0.09757832635667174,-0.43014773332211353,0.1117084473831908
486.6869,-0.4489763920811768,0.09759114435363105,-0.43060942851919815,0.11204498060317424
486.1918,-0.4496611268734201,0.09761453152979908,-0.43110687500293554,0.1123672454969915
485.6966,-0.45035149194705476,0.09764870302011498,-0.4314410114782062,0.11269561973200508
485.2013,-0.4510473046130504,0.09769386389484593,-0.43198832528653386,0.11307218031100012
484.7058,-0.45178155780593293,0.0977450362541139,-0.43240445166313435,0.11345531704697304
484.2103,-0.45254330588495145,0.0978054818941763,-0.43280584079371404,0.11377058169939115
483.7146,-0.453384713340927,0.09787003974288874,-0.4333498342771911,0.11415619348808363
483.2189,-0.4542853614641017,0.09794464156967607,-0.4338549874282523,0.1144431336790246
482.723,-0.45519019347710493,0.0980372651135279,-0.43437996343743884,0.11477624750494692
482.227,-0.4560987009129691,0.09814808212425745,-0.43478600179298815,0.11507027470468892
481.7309,-0.4570105628127578,0.09827726413807902,-0.43519166321009817,0.11548653818766887
481.2346,-0.4579256277363774,0.09842501774043103,-0.43559300050634153,0.11579651211729078
480.7383,-0.45872935723743263,0.09855601916973818,-0.4360200794662605,0.11613006282723412
480.2419,-0.45943559668855327,0.09866880420963368,-0.43653707053947277,0.1164880925103651
479.7453,-0.46007414603990604,0.09876832406954611,-0.4370057120453956,0.11678474053055346
479.2486,-0.4606498341956496,0.09885250380256483,-0.4374159552060294,0.11705797988287316
478.7518,-0.46123221861333363,0.09894458101759493,-0.4378218449853291,0.1173467706570872
478.2549,-0.4618211745433493,0.0990448122986311,-0.4382616062448936,0.11762862450702112
477.7579,-0.4624165687793031,0.09915346305867195,-0.43861304870451623,0.11787889234787195
477.2608,-0.463018265337106,0.09927078784465232,-0.43902432862223606,0.11814554072570355
476.7635,-0.46395629586799,0.09954802675918166,-0.4394239411910763,0.11833533216672704
476.2662,-0.46525491343569386,0.10001718986760803,-0.43992063992808905,0.11864204099020562
475.7687,-0.4665820677828531,0.1005352591226323,-0.4404232266929953,0.11892602254518515
475.2711,-0.46794114879653614,0.10110639939699911,-0.44079727358118037,0.11920863908268728
474.7734,-0.4692906630191561,0.10171101720447855,-0.441153605338564,0.11943721829396411
474.2756,-0.4706300057312526,0.10234899668248587,-0.4416957674463301,0.1196915724692749
473.7776,-0.4719055081587782,0.10297799282162645,-0.4419750452466748,0.1199660029714605
473.2796,-0.47310566393193354,0.10358490935670069,-0.44225200676457854,0.1202483894837062
472.7814,-0.47409352481690775,0.10404856803408204,-0.4425565649368067,0.12054689831566803
472.2831,-0.47482099433693375,0.10430998664654827,-0.44279219120516833,0.12074391526749727
471.7848,-0.4755521484139761,0.10458627451505959,-0.44312799051479784,0.12092688881936114
471.2863,-0.47628699886604187,0.1048777698973541,-0.44357904258592973,0.121158124860386
470.7876,-0.47702526637630144,0.10518469417968827,-0.44384839768553946,0.12134824729250035
470.2889,-0.47776636516968995,0.10550713925932517,-0.44422638094601485,0.12149325272947072
469.79,-0.478581642714313,0.1059041576310046,-0.44463851884056715,0.12174777638592511
469.2911,-0.47949387119782816,0.10640178562164451,-0.44491801269728887,0.12178256904075946
468.792,-0.4804492303075793,0.10696140321673601,-0.4454258166904006,0.12203856497432519
468.2928,-0.48146307956535744,0.10760153467393813,-0.44594615050980185,0.12224806940681907
467.7935,-0.48246995474768484,0.108266863326274,-0.44632346819868446,0.12239338125375196
467.2941,-0.48346938638442544,0.10895736352407638,-0.44678803198767064,0.12257108398952982
466.7945,-0.4844498798707291,0.1096577676181962,-0.44734617454218684,0.12275778565198545
466.2949,-0.48540656827378403,0.11036053136764419,-0.4478444748555481,0.12292814639556854
465.7951,-0.4862594191606363,0.11094668423973335,-0.4482872879090156,0.12306652080949326
465.2952,-0.48697310512406844,0.11134883815449481,-0.44873026353807455,0.1230870702064776
464.7952,-0.4876892025625531,0.11176788748503175,-0.44936479068451735,0.12310934055148852
464.2951,-0.48840737481932806,0.1122040591270443,-0.44976274634311153,0.12317617161695806
463.7949,-0.4891272799592197,0.11265756265036307,-0.45007774592691996,0.1231948867045466
463.2946,-0.4898485717251299,0.11312860926096291,-0.45033960664632333,0.12317363118136117
462.7941,-0.49057897546133444,0.11362733404391824,-0.4507416929065266,0.12322442076624462
462.2935,-0.4913208550714792,0.11415853297004239,-0.45117346787394086,0.12328322115750745
461.7928,-0.4920673640603955,0.11471527864501475,-0.4515158874429151,0.12331750747877776
461.2921,-0.49281972618912195,0.11530072755064616,-0.45194966234598954,0.12336817091663721
460.7911,-0.4935706231438623,0.11590589670760866,-0.4523471456757221,0.12343425641062677
460.2901,-0.4943192169303519,0.11653056201609432,-0.45289754396749654,0.12352499643267159
459.7889,-0.49507140204376254,0.11717537588054018,-0.4533948099717081,0.12357560778656135
459.2877,-0.4958286469995379,0.11784065577003404,-0.45389843841140615,0.12360224490145418
458.7863,-0.49660664760966927,0.11852850265615457,-0.4543738985220654,0.12373171866048331
458.2848,-0.49741281519850084,0.11924097345653542,-0.4548854047448266,0.12384542466509146
457.7832,-0.49821415973379785,0.11997607683993677,-0.45529960652645785,0.12384723909532903
457.2815,-0.4990102278244448,0.12073387992247209,-0.4557434305672891,0.12385691576482591
456.7796,-0.49980070807300425,0.12151459613506005,-0.456339919370402,0.12389073869344987
456.2777,-0.5005848265318806,0.12231796138667192,-0.45699344121221713,0.12394827500499456
455.7756,-0.5013825451413495,0.12314121308769516,-0.45741377206993555,0.12392515927990234
455.2734,-0.5021979334500282,0.12398463435831561,-0.4581754394158683,0.123934112492879
454.7711,-0.5030106989600266,0.12485193705035892,-0.4588031275175312,0.1239664129274547
454.2687,-0.5038213087893094,0.1257432958379982,-0.4594834312084891,0.12403837003302172
453.7662,-0.5046231474161261,0.12665953710761846,-0.460148353821024,0.12416617036380288
453.2635,-0.5054158693931335,0.12760083180856208,-0.4608679277780536,0.12432582304757273
452.7608,-0.5062410704470875,0.1286467872630168,-0.46155542847003816,0.1244853610319548
452.2579,-0.5070989488972583,0.12980796773866393,-0.4622722386807074,0.12465272589273262
451.7549,-0.507981535098095,0.13107982831478737,-0.4630161398923279,0.1248359831424832
451.2518,-0.5088864663409247,0.1324683660257096,-0.463759701849831,0.1250190935540515
450.7485,-0.5097690121013512,0.13388656089442963,-0.46453028556253284,0.12521812870380364
450.2452,-0.5106282829750066,0.13533349909938389,-0.46529830472422357,0.12542515486598188
