# lams, psi_mean, delta_mean
999.025300 45.000000 215.407009
998.641500 45.000000 215.407009
998.257800 45.000000 215.407009
997.873900 45.000000 215.407009
997.490000 45.000000 215.407009
997.106000 45.000000 215.407009
996.721900 45.000000 215.407009
996.337700 45.000000 215.407009
995.953500 45.000000 215.407009
995.569200 45.000000 215.407009
995.184800 45.000000 215.407009
994.800300 45.000000 215.407009
994.415800 45.000000 215.407009
994.031100 24.418167 152.128078
993.646400 13.821472 132.220302
993.261700 9.327955 76.732985
992.876800 11.328134 92.649548
992.491900 6.479960 27.942694
992.106900 8.735489 87.776742
991.721800 9.134014 79.337116
991.336700 9.136789 62.973502
990.951400 13.006794 49.531098
990.566100 8.609435 50.304130
990.180700 7.151671 41.560739
989.795300 4.019918 71.157841
989.409700 6.961022 69.449250
989.024100 9.045278 76.857632
988.638400 12.212537 81.997922
988.252600 12.403934 60.755860
987.866800 14.020719 53.839203
987.480900 10.864122 58.385231
987.094900 11.070463 62.814893
986.708800 7.406057 61.351740
986.322600 5.520903 79.685343
985.936400 7.314100 59.875787
985.550100 7.173079 53.284415
985.163800 10.551987 48.414386
984.777300 13.149457 46.239455
984.390700 17.541857 38.500287
984.004100 9.490121 44.326911
983.617400 2.717744 80.915218
983.230700 5.312133 13.971423
982.843800 5.215821 324.480592
982.456900 17.987536 8.719837
982.069900 11.626413 21.032683
981.682800 10.851072 49.515732
981.295700 5.167878 76.866634
980.908400 17.821615 96.176745
980.521100 45.000000 100.787092
980.133700 45.000000 107.432098
979.746300 45.000000 112.002839
979.358700 45.000000 113.615286
978.971100 31.593176 153.863026
978.583400 18.555492 174.733009
978.195600 12.923749 196.162078
977.807700 10.520270 205.500166
977.419900 12.327003 208.823892
977.031900 12.704836 154.521250
976.643700 12.149374 146.989363
976.255600 8.184352 137.620231
975.867400 10.558860 64.878835
975.479000 15.821376 74.688686
975.090600 18.092493 40.752275
974.702100 12.982538 55.767791
974.313600 11.614282 55.799835
973.925000 10.898643 52.118656
973.536300 9.311562 47.453953
973.147500 6.923417 51.115984
972.758600 2.856114 101.120269
972.369700 3.076246 114.932708
971.980700 3.910259 89.292577
971.591600 6.141489 66.267762
971.202400 6.683700 51.225628
970.813100 5.587267 45.365149
970.423800 4.711152 33.459045
970.034400 14.760983 331.379982
969.644900 9.411431 36.907782
969.255300 16.131684 75.130785
968.865700 25.455464 87.033615
968.476000 35.949095 94.219140
968.086100 45.000000 95.326431
967.696200 45.000000 94.203748
967.306300 29.188376 89.915891
966.916300 18.022997 86.258014
966.526100 6.281687 58.200953
966.135900 25.458705 310.856261
965.745700 19.424301 342.679214
965.355300 7.994334 16.675535
964.964900 45.000000 290.107956
964.574300 45.000000 83.272104
964.183800 45.000000 82.676497
963.793100 45.000000 286.401177
963.402300 18.321163 357.371820
963.011500 19.694088 19.606916
962.620700 4.555222 19.288623
962.229700 2.349473 310.261685
961.838600 3.903720 342.958980
961.447400 6.858446 239.133763
961.056200 8.885881 230.308593
960.664900 11.474071 226.589332
960.273600 14.981435 221.396729
959.882100 5.022800 240.548189
959.490500 6.600344 21.320744
959.098900 20.535977 26.088722
958.707300 6.267000 7.975153
958.315500 7.505572 21.325033
957.923600 7.645395 21.116075
957.531700 5.064900 26.616528
957.139600 3.703615 29.629304
956.747600 3.217836 28.866930
956.355400 1.106084 48.076779
955.963200 5.380743 64.130715
955.570900 5.073445 354.328564
955.178400 4.363635 303.376571
954.785900 6.464520 276.513259
954.393400 8.999874 257.764347
954.000700 9.751060 251.523442
953.608000 5.033383 253.009815
953.215200 4.106027 270.149754
952.822300 3.982628 291.511693
952.429300 4.991408 327.120003
952.036300 9.060300 6.487345
951.643200 16.305036 334.194598
951.249900 10.037230 321.499129
950.856700 14.732143 266.868931
950.463300 8.274189 317.235199
950.069900 9.315475 348.211715
949.676300 10.867045 358.544367
949.282700 13.883026 0.742462
948.889000 11.145047 356.595160
948.495300 9.498381 4.241162
948.101400 5.391814 20.472535
947.707500 6.242481 10.314171
947.313500 8.369123 10.047009
946.919400 14.068606 3.987080
946.525300 12.839619 7.562519
946.131000 15.187298 37.054141
945.736700 18.552462 353.959212
945.342300 45.000000 336.443309
944.947800 45.000000 155.201860
944.553200 45.000000 146.666590
944.158600 45.000000 116.916630
943.763900 45.000000 313.067233
943.369100 45.000000 323.315616
942.974200 45.000000 327.306880
942.579200 12.267681 339.215230
942.184100 4.397553 36.386998
941.789000 5.732844 283.370244
941.393800 6.784606 233.766030
940.998500 8.379332 246.807845
940.603100 8.985598 212.794548
940.207700 11.818157 193.939080
939.812200 13.308562 181.807739
939.416600 12.149924 170.411861
939.020900 10.266271 179.777289
938.625100 10.154786 181.368590
938.229200 8.830770 174.559250
937.833300 4.440766 192.406307
937.437300 1.394609 84.130071
937.041200 10.508093 322.050472
936.645000 7.877172 281.983285
936.248700 8.503417 281.826913
935.852400 8.756395 281.520039
935.456000 8.822063 279.122656
935.059400 8.196093 273.002081
934.662900 6.142074 258.256464
934.266200 3.292509 260.918801
933.869400 5.466271 304.098686
933.472700 8.449854 211.297046
933.075700 16.557578 145.847248
932.678700 45.000000 137.169376
932.281700 45.000000 144.345939
931.884500 45.000000 347.335882
931.487300 28.329753 47.038543
931.090000 13.360612 93.112353
930.692600 10.132853 113.406887
930.295100 9.660346 102.724156
929.897500 7.546902 120.064374
929.499900 4.446909 101.817973
929.102200 2.612300 26.522843
928.704300 6.452433 327.664116
928.306500 3.856961 353.688248
927.908500 4.573655 356.020263
927.510400 4.705993 358.006029
927.112300 4.900083 351.108047
926.714100 4.619281 358.586605
926.315800 2.657794 33.424192
925.917400 1.586926 99.561565
925.519000 2.641418 79.939870
925.120400 6.349690 110.341090
924.721800 3.183951 93.344215
924.323100 2.982724 95.652628
923.924300 1.060619 93.707332
923.525500 0.920391 275.329002
923.126500 45.000000 160.910876
922.727500 1.067367 328.972933
922.328300 45.000000 312.725593
921.929100 38.527136 317.855575
921.529800 29.698828 319.832452
921.130500 30.751257 320.587231
920.731100 29.774548 320.846831
920.331500 34.292869 319.467351
919.931900 45.000000 131.168218
919.532200 0.331302 89.240285
919.132400 45.000000 157.190165
918.732600 0.731307 123.505370
918.332600 8.862976 111.530351
917.932600 5.348618 300.197557
917.532500 12.111475 116.133918
917.132300 10.100862 112.087432
916.732100 9.866833 113.036307
916.331700 10.043106 111.835901
915.931300 11.033091 111.562380
915.530800 12.980057 110.856050
915.130200 22.924714 113.488929
914.729500 5.598142 300.764370
914.328700 4.312376 110.294297
913.927900 0.561674 4.896319
913.527000 1.021842 193.519272
913.125900 1.259401 54.013204
912.724900 3.004730 23.065408
912.323700 4.543122 9.933929
911.922400 19.700492 358.060114
911.521100 17.616911 97.629995
911.119600 8.989148 183.775961
910.718100 45.000000 230.963278
910.316500 45.000000 233.418146
909.914900 45.000000 183.366849
909.513100 45.000000 285.172819
909.111300 45.000000 331.381737
908.709300 45.000000 343.168168
908.307300 45.000000 353.462074
907.905200 45.000000 359.233035
907.503100 45.000000 2.339867
907.100800 45.000000 4.502622
906.698400 45.000000 307.670435
906.296000 18.102919 47.399003
905.893500 45.000000 122.746206
905.490900 45.000000 88.437283
905.088300 45.000000 88.938860
904.685500 16.676551 235.951721
904.282600 27.042363 118.227142
903.879700 12.727856 165.056189
903.476700 11.361767 153.291448
903.073600 11.461020 152.726601
902.670400 11.620220 154.410780
902.267200 12.609065 150.533171
901.863800 13.517426 148.344518
901.460400 16.357191 135.420300
901.056900 45.000000 102.304125
900.653300 23.530224 233.974353
900.249600 45.000000 89.279935
899.845800 45.000000 306.687615
899.442000 45.000000 206.353653
899.038000 45.000000 204.981674
898.634000 45.000000 207.549189
898.229900 45.000000 182.689851
897.825700 45.000000 217.648332
897.421400 45.000000 81.315121
897.017100 33.140959 111.599473
896.612700 23.644442 133.994237
896.208100 38.904905 115.390470
895.803500 34.235078 115.377944
895.398900 31.196724 115.116811
894.994100 21.639462 114.799482
894.589200 9.696449 114.891279
894.184300 10.195309 289.078749
893.779200 4.733038 126.424896
893.374100 2.370593 97.253986
892.968900 3.730966 344.187928
892.563700 6.923349 328.496326
892.158300 8.283850 329.874795
891.752800 5.567078 339.746078
891.347300 4.613311 344.272048
890.941700 3.207427 6.931437
890.535900 2.269851 34.918879
890.130200 1.184280 85.804742
889.724300 2.330296 169.555346
889.318400 2.514578 341.653237
888.912300 4.525354 358.626738
888.506200 3.694966 1.565248
888.100000 5.789880 80.688151
887.693700 7.387387 78.522045
887.287300 8.017275 81.365914
886.880800 9.044386 85.438440
886.474300 6.919353 92.177956
886.067600 7.200579 100.931324
885.660900 7.561551 109.976414
885.254100 7.073629 96.005898
884.847200 6.241305 92.061903
884.440200 5.277203 85.469025
884.033200 8.451737 89.717553
883.626000 8.502275 86.601441
883.218800 9.243491 85.337797
882.811500 7.396005 64.106719
882.404100 3.374739 113.573921
881.996600 3.841252 154.572280
881.589000 4.363178 195.609420
881.181300 4.251361 253.138679
880.773600 13.201882 182.198604
880.365800 45.000000 159.911800
879.957900 45.000000 210.985936
879.549900 45.000000 136.347688
879.141800 45.000000 115.796620
878.733600 45.000000 110.787445
878.325300 45.000000 109.725081
877.917000 45.000000 108.567421
877.508500 45.000000 108.948605
877.100000 45.000000 110.583958
876.691500 45.000000 115.353655
876.282800 45.000000 128.572569
875.874000 45.000000 217.641644
875.465100 18.865994 130.737001
875.056200 15.274907 130.884626
874.647200 3.310924 67.680672
874.238000 45.000000 351.159341
873.828900 4.890426 353.280771
873.419600 14.263946 100.866270
873.010200 15.340321 102.607122
872.600700 13.435447 100.536904
872.191200 13.033971 76.614992
871.781600 8.976205 75.712485
871.371800 7.640690 70.866580
870.962000 4.359834 91.614018
870.552100 3.022396 132.847577
870.142200 2.683846 156.258279
869.732100 3.682662 105.092833
869.321900 6.552515 82.992939
868.911700 9.957421 73.007955
868.501300 12.911129 68.255341
868.090900 15.833908 65.886956
867.680500 15.256940 65.930727
867.269900 13.349454 66.200050
866.859200 12.808195 64.156240
866.448500 11.739259 60.042492
866.037600 12.476699 55.028897
865.626700 13.035207 58.423302
865.215700 12.457287 60.838260
864.804600 13.150841 62.439679
864.393400 12.702925 63.517568
863.982100 14.157046 65.248089
863.570700 12.797351 63.066216
863.159300 9.269906 61.001053
862.747700 10.438546 55.315184
862.336100 10.480452 49.750380
861.924400 10.924797 45.733730
861.512600 11.203337 48.281453
861.100800 8.797716 50.367862
860.688800 8.091044 51.013013
860.276700 8.794904 47.887176
859.864600 8.800849 48.582184
859.452300 9.395059 43.588180
859.040000 10.289318 41.744362
858.627600 11.040548 39.984262
858.215100 12.210065 41.363841
857.802600 12.845235 42.629580
857.389900 13.676030 44.739872
856.977100 13.508106 44.421737
856.564300 13.379427 43.230026
856.151400 13.740801 43.083662
855.738300 13.335901 41.868650
855.325300 13.746900 41.960060
854.912000 14.221529 39.679322
854.498800 14.114460 35.651926
854.085400 14.424786 35.199713
853.671900 14.693678 34.335054
853.258400 14.715065 32.257656
852.844800 14.604989 29.646002
852.431100 14.240848 26.790546
852.017300 14.439593 26.045640
851.603400 14.298099 24.541737
851.189400 14.520527 24.046777
850.775300 15.141497 23.868774
850.361200 15.092587 21.314917
849.947000 15.320159 21.281512
849.532600 15.623623 20.892337
849.118200 15.749930 19.809785
848.703700 15.821428 18.631115
848.289100 16.001136 17.462227
847.874400 16.035327 16.058343
847.459700 16.098505 14.447007
847.044800 16.296647 13.001287
846.629800 16.380905 11.630675
846.214800 16.449249 10.038839
845.799700 16.527318 8.731867
845.384500 16.554781 7.237120
844.969200 16.760174 6.044088
844.553800 16.976051 4.431463
844.138300 16.724735 2.897547
843.722700 16.572061 1.250641
843.307100 16.546640 359.429835
842.891400 16.693486 358.292889
842.475500 16.565400 357.095278
842.059600 16.747112 356.123009
841.643600 16.759135 354.807387
841.227500 16.451622 353.331304
840.811300 16.057512 351.938028
840.395100 16.082217 350.879172
839.978700 16.020586 349.614335
839.562300 15.899894 348.519690
839.145700 15.788095 347.244864
838.729100 15.823691 345.768122
838.312400 15.851682 344.311293
837.895600 15.826102 342.862807
837.478700 15.958063 341.358051
837.061700 15.955091 339.947870
836.644700 15.936344 338.712676
836.227500 15.968083 337.386578
835.810200 15.984561 336.068093
835.392900 15.847599 334.537530
834.975500 15.855305 333.106872
834.557900 15.851169 331.766812
834.140300 15.719153 330.360442
833.722700 15.658289 329.200338
833.304900 15.638108 327.982022
832.887000 15.620402 326.789351
832.469100 15.429737 325.194355
832.051000 15.393472 323.981021
831.632900 15.335460 322.688975
831.214600 15.222653 321.177258
830.796300 15.233675 320.094889
830.377900 15.194549 318.948006
829.959400 15.066114 317.595050
829.540800 14.998641 316.369624
829.122100 14.793709 314.844097
828.703400 14.698184 313.620087
828.284500 14.519852 312.031284
827.865600 14.430854 310.731415
827.446500 14.290492 309.321203
827.027500 14.135282 307.770194
826.608200 14.036284 306.493840
826.188900 13.916308 305.167386
825.769500 13.773176 303.771504
825.350000 13.599777 302.211907
824.930500 13.452663 300.730978
824.510800 13.360786 299.387693
824.091100 13.246010 297.977891
823.671300 13.124092 296.497264
823.251300 12.984906 295.043295
822.831300 12.875436 293.536899
822.411200 12.776890 292.217023
821.991000 12.653428 290.878952
821.570700 12.541520 289.378960
821.150300 12.429512 287.903523
820.729900 12.346242 286.635442
820.309300 12.230189 285.216768
819.888600 12.115814 283.603081
819.467900 12.018833 282.156289
819.047100 11.918328 280.816861
818.626200 11.821930 279.319601
818.205100 11.734761 277.750112
817.784100 11.654320 276.297070
817.362900 11.539959 274.633849
816.941600 11.443392 273.213335
816.520200 11.361014 271.618050
816.098800 11.270680 270.066261
815.677200 11.201541 268.522041
815.255600 11.103732 266.767363
814.833800 11.020307 265.113874
814.412000 10.966341 263.578215
813.990100 10.898518 262.078587
813.568100 10.822692 260.438512
813.146000 10.758613 258.538420
812.723800 10.685380 256.763081
812.301500 10.649151 255.386559
811.879200 10.565462 253.380220
811.456700 10.503608 251.629576
811.034100 10.454179 249.788831
810.611500 10.395727 248.063211
810.188800 10.360662 246.241336
809.765900 10.321533 244.398749
809.343000 10.292972 242.559938
808.920000 10.275748 240.800503
808.496900 10.255078 238.885269
808.073700 10.238700 236.935280
807.650500 10.222619 235.148132
807.227100 10.213571 233.129336
806.803600 10.220756 231.224983
806.380100 10.223300 229.288527
805.956400 10.236990 227.452423
805.532700 10.248890 225.630955
805.108900 10.266100 223.709998
804.685000 10.273271 221.919462
804.261000 10.303261 219.931051
803.836900 10.328336 218.220475
803.412700 10.366441 216.418663
802.988400 10.405193 214.634329
802.564000 10.443158 212.797380
802.139600 10.488477 210.863846
801.715000 10.534962 209.005017
801.290300 10.580634 207.142367
800.865700 10.628028 205.381106
800.440800 10.683421 203.423530
800.015900 10.743785 201.711560
799.590900 10.819738 199.943505
799.165800 10.888473 198.297389
798.740600 10.971444 196.568538
798.315300 11.054623 194.881406
797.889900 11.145267 193.214341
797.464400 11.232965 191.511945
797.038900 11.333666 189.909856
796.613200 11.428578 188.309987
796.187500 11.515557 186.601921
795.761700 11.614446 185.024107
795.335700 11.708370 183.519018
794.909700 11.808786 181.955860
794.483600 11.912989 180.331896
794.057400 12.019580 178.789372
793.631000 12.145479 177.173322
793.204700 12.258639 175.658055
792.778200 12.371208 174.039360
792.351600 12.485882 172.576803
791.924900 12.610918 171.053610
791.498200 12.732728 169.610014
791.071400 12.845224 168.212267
790.644400 12.964210 166.764457
790.217300 13.083444 165.361872
789.790200 13.213787 163.930822
789.363000 13.344070 162.558027
788.935700 13.467112 161.249319
788.508300 13.606607 159.830603
788.080700 13.739223 158.489206
787.653200 13.877928 157.144106
787.225500 14.015310 155.861108
786.797700 14.156626 154.544324
786.369900 14.296922 153.293250
785.941900 14.430465 152.031412
785.513900 14.564690 150.777341
785.085700 14.714705 149.481875
784.657500 14.856113 148.258352
784.229100 14.985302 147.097155
783.800700 15.112216 145.916381
783.372200 15.249314 144.705023
782.943500 15.391239 143.524855
782.514800 15.536250 142.368167
782.086100 15.669155 141.264605
781.657200 15.805359 140.142177
781.228200 15.947125 138.993415
780.799100 16.092160 137.862658
780.369900 16.232096 136.708560
779.940700 16.363452 135.614255
779.511300 16.511581 134.477871
779.081800 16.663030 133.382125
778.652300 16.817928 132.298112
778.222700 16.970292 131.193455
777.793000 17.116750 130.123623
777.363200 17.267797 129.056405
776.933200 17.406293 128.001179
776.503200 17.556044 126.947132
776.073100 17.699743 125.910561
775.642900 17.846331 124.887487
775.212600 18.000197 123.892471
774.782200 18.147133 122.906231
774.351700 18.300440 121.913063
773.921200 18.452165 120.932447
773.490500 18.600187 119.974599
773.059800 18.761309 118.972555
772.628900 18.914448 118.009931
772.198000 19.071693 117.050451
771.766900 19.222797 116.098819
771.335800 19.369594 115.163990
770.904600 19.524270 114.198399
770.473300 19.685431 113.267616
770.041900 19.834936 112.366872
769.610400 19.979797 111.453242
769.178700 20.142503 110.504984
768.747100 20.299199 109.594756
768.315200 20.449671 108.696092
767.883400 20.603189 107.777419
767.451400 20.757637 106.895501
767.019300 20.941928 105.977224
766.587200 21.108706 105.087499
766.154900 21.282508 104.196005
765.722500 21.466663 103.307694
765.290100 21.627862 102.450633
764.857500 21.808848 101.584832
764.424900 21.975900 100.737881
763.992200 22.145904 99.902195
763.559300 22.322432 99.063451
763.126400 22.502456 98.236358
762.693400 22.691861 97.369418
762.260300 22.861772 96.528631
761.827100 23.043449 95.668359
761.393800 23.215602 94.843497
760.960400 23.381839 93.996058
760.526900 23.577377 93.109896
760.093300 23.745771 92.228626
759.659700 23.898267 91.366333
759.225900 24.071692 90.517206
758.792100 24.229849 89.624144
758.358100 24.399787 88.723626
757.924000 24.602007 87.820788
757.489900 24.778134 86.905001
757.055600 24.983991 85.975108
756.621300 25.151015 85.019153
756.186800 25.352549 84.044730
755.752300 25.504257 83.075378
755.317700 25.598595 82.081557
754.883000 25.726154 81.062235
754.448200 25.945816 80.026187
754.013200 26.124693 78.949756
753.578200 26.277041 77.843061
753.143100 26.420846 76.759288
752.707900 26.617767 75.715124
752.272600 26.826590 74.623657
751.837300 26.934084 73.491012
751.401800 27.114169 72.381137
750.966200 27.277462 71.280523
750.530600 27.394347 70.136840
750.094800 27.522636 68.961569
749.658900 27.601467 67.724724
749.223000 27.625435 66.484112
748.786900 27.641176 65.229160
748.350800 27.710848 63.989429
747.914600 27.667739 62.700335
747.478200 27.585520 61.365754
747.041700 27.605415 60.083896
746.605200 27.574715 58.735743
746.168600 27.560987 57.395197
745.731900 27.487509 56.014131
745.295000 27.412623 54.621244
744.858200 27.402478 53.236674
744.421100 27.347790 51.776658
743.984100 27.231815 50.237611
743.546800 27.068967 48.693564
743.109600 26.891991 47.159978
742.672200 26.729046 45.603456
742.234700 26.519347 43.942772
741.797100 26.449404 42.424232
741.359400 26.264844 40.724438
740.921600 26.184075 39.193233
740.483800 26.142078 37.577939
740.045800 26.002546 35.886257
739.607700 25.845937 34.132901
739.169600 25.692137 32.309330
738.731300 25.510544 30.406613
738.293000 25.372409 28.576288
737.854500 25.228362 26.594735
737.416000 25.064350 24.540091
736.977300 24.986697 22.371968
736.538600 24.877517 20.374271
736.099700 24.720074 18.072287
735.660800 24.575867 15.829008
735.221800 24.465081 13.718162
734.782700 24.372940 11.539411
734.343400 24.283711 9.244762
733.904100 24.224009 7.165249
733.464700 24.139990 4.795048
733.025200 24.077341 2.415508
732.585600 24.043432 0.124474
732.145900 24.013632 357.857321
731.706100 24.021386 355.430103
731.266200 24.038335 352.989315
730.826200 24.058898 350.752798
730.386100 24.071910 348.590548
729.945900 24.139619 346.342818
729.505700 24.187416 344.240188
729.065300 24.254958 342.096389
728.624800 24.326314 340.044454
728.184300 24.409338 338.159197
727.743600 24.460927 336.269883
727.302800 24.477612 334.313564
726.861900 24.484206 332.331384
726.421000 24.460480 330.362281
725.979900 24.369564 328.468097
725.538800 24.260415 326.547917
725.097500 24.108161 324.681045
724.656100 23.904566 322.906511
724.214700 23.624765 321.279629
723.773200 23.336719 319.650096
723.331500 23.055515 317.969551
722.889800 22.798042 316.247127
722.447900 22.509374 314.552662
722.006000 22.229433 312.798662
721.564000 21.920268 311.044404
721.121800 21.573916 309.365154
720.679600 21.210072 307.744791
720.237300 20.806667 306.165294
719.794900 20.354915 304.644780
719.352400 19.935334 302.924238
718.909700 19.531885 301.295410
718.467000 19.240439 299.533976
718.024200 18.927548 297.802895
717.581300 18.614925 296.129247
717.138300 18.287506 294.479022
716.695200 17.947423 292.840622
716.252000 17.605459 291.199105
715.808700 17.269205 289.512722
715.365300 16.947971 287.807687
714.921800 16.641203 286.099903
714.478200 16.315219 284.381922
714.034500 16.062135 282.555921
713.590700 15.793128 280.732053
713.146900 15.544200 278.851755
712.702800 15.260489 276.970621
712.258800 14.987304 275.080462
711.814600 14.712797 273.144164
711.370300 14.442176 271.105553
710.925900 14.199317 268.994428
710.481400 13.937258 266.841968
710.036900 13.689938 264.652884
709.592200 13.486025 262.443200
709.147400 13.269861 260.206423
708.702600 13.071987 257.902730
708.257600 12.850449 255.547726
707.812500 12.676967 253.200363
707.367400 12.487040 250.746373
706.922100 12.294147 248.227826
706.476700 12.131547 245.684055
706.031300 11.977524 243.075857
705.585700 11.853484 240.505466
705.140100 11.722884 237.776389
704.694300 11.602118 235.015048
704.248400 11.509126 232.247875
703.802500 11.430753 229.462583
703.356400 11.370698 226.671857
702.910300 11.319909 223.850603
702.464100 11.279825 220.993309
702.017700 11.246407 218.114355
701.571200 11.242136 215.284096
701.124700 11.233062 212.389469
700.678000 11.235416 209.491266
700.231300 11.260686 206.587573
699.784400 11.296791 203.728491
699.337500 11.346684 200.839721
698.890400 11.410517 197.979786
698.443300 11.486313 195.140656
697.996100 11.578702 192.369199
697.548800 11.680626 189.600733
697.101300 11.796533 186.879330
696.653700 11.921566 184.196869
696.206100 12.059398 181.569195
695.758400 12.205365 178.958306
695.310500 12.372253 176.436445
694.862600 12.541955 173.987905
694.414600 12.721202 171.604645
693.966400 12.904525 169.318878
693.518200 13.090942 167.096389
693.069900 13.277556 164.931512
692.621500 13.456447 162.835941
692.172900 13.633372 160.770627
691.724300 13.805151 158.761123
691.275600 13.982120 156.849274
690.826700 14.154857 154.963302
690.377800 14.327952 153.122902
689.928800 14.497977 151.304579
689.479700 14.671065 149.474994
689.030400 14.849805 147.683993
688.581100 15.023121 145.890040
688.131700 15.200397 144.129984
687.682100 15.380534 142.386465
687.232500 15.553849 140.659173
686.782800 15.733563 138.945035
686.332900 15.910253 137.269399
685.883000 16.094493 135.620094
685.433000 16.260229 134.015483
684.982800 16.430833 132.427420
684.532700 16.605907 130.866111
684.082300 16.785466 129.325008
683.631900 16.957661 127.817944
683.181300 17.134565 126.317093
682.730700 17.303354 124.869510
682.280000 17.466666 123.451406
681.829200 17.630999 122.014711
681.378200 17.795025 120.584428
680.927200 17.972572 119.152820
680.476100 18.136502 117.735071
680.024800 18.311090 116.300598
679.573500 18.483590 114.882876
679.122100 18.640891 113.514808
678.670500 18.803398 112.142558
678.218900 18.996110 110.758750
677.767200 19.183987 109.384446
677.315400 19.353690 108.005941
676.863400 19.519538 106.599915
676.411400 19.684934 105.198793
675.959200 19.890282 103.754632
675.507000 20.082515 102.367643
675.054700 20.292663 100.978486
674.602200 20.486710 99.598073
674.149700 20.698205 98.240956
673.697100 20.911702 96.909952
673.244300 21.140684 95.606757
672.791500 21.331237 94.315704
672.338600 21.549492 93.001754
671.885500 21.752505 91.685891
671.432400 21.998552 90.336815
670.979100 22.234085 89.002097
670.525800 22.473295 87.676812
670.072300 22.689968 86.325233
669.618800 22.881825 84.943616
669.165100 23.067399 83.529835
668.711400 23.215487 82.078021
668.257500 23.353751 80.587674
667.803500 23.500449 79.068433
667.349500 23.647925 77.510967
666.895300 23.807188 75.942121
666.441100 23.976005 74.294411
665.986800 24.113837 72.650497
665.532300 24.264363 70.921340
665.077700 24.361802 69.153153
664.623000 24.436743 67.322307
664.168300 24.523777 65.470428
663.713400 24.595775 63.552984
663.258400 24.654617 61.618928
662.803400 24.642928 59.656958
662.348200 24.623956 57.658882
661.892900 24.578729 55.637596
661.437600 24.486080 53.554665
660.982100 24.402893 51.426088
660.526500 24.313953 49.296596
660.070800 24.178616 47.132186
659.615100 24.064604 44.970802
659.159200 23.942958 42.824878
658.703200 23.843224 40.684831
658.247100 23.724009 38.499916
657.790900 23.622108 36.352170
657.334600 23.509066 34.175410
656.878200 23.402096 31.934127
656.421800 23.303499 29.695525
655.965100 23.200346 27.441515
655.508400 23.041183 25.022131
655.051600 22.905275 22.618922
654.594700 22.779252 20.177961
654.137700 22.656899 17.662667
653.680600 22.530738 15.081665
653.223400 22.422220 12.484480
652.766100 22.295667 9.857860
652.308700 22.182295 7.224858
651.851100 22.064166 4.550199
651.393600 21.931546 1.814696
650.935800 21.818056 359.078900
650.478000 21.677485 356.380213
650.020100 21.505980 353.658201
649.562000 21.333832 350.888653
649.103900 21.148965 348.096156
648.645700 20.942262 345.329879
648.187300 20.703017 342.553953
647.728900 20.436451 339.797266
647.270300 20.161592 337.043739
646.811700 19.873576 334.265715
646.353000 19.547346 331.541504
645.894100 19.213827 328.839570
645.435100 18.821937 326.170472
644.976100 18.416856 323.501949
644.516900 17.985497 320.853509
644.057700 17.561758 318.208032
643.598300 17.131328 315.558921
643.138900 16.707656 312.913884
642.679300 16.272327 310.305364
642.219600 15.838088 307.680178
641.759800 15.376791 305.094462
641.299900 14.901584 302.477263
640.840000 14.425521 299.790390
640.379900 13.974370 297.087352
639.919700 13.524728 294.340552
639.459400 13.110132 291.544785
638.999000 12.710994 288.633320
638.538500 12.327407 285.700319
638.077900 11.945999 282.683937
637.617200 11.578257 279.571308
637.156400 11.201863 276.362050
636.695400 10.842224 273.014309
636.234400 10.506007 269.564295
635.773300 10.196830 265.977681
635.312100 9.906875 262.282338
634.850800 9.632339 258.471873
634.389300 9.403436 254.505920
633.927800 9.191513 250.424554
633.466200 9.008083 246.264229
633.004400 8.835398 241.989358
632.542500 8.687861 237.629702
632.080600 8.559735 233.227942
631.618600 8.473064 228.718039
631.156400 8.402722 224.153128
630.694200 8.348635 219.538411
630.231800 8.322570 214.888456
629.769300 8.344413 210.371568
629.306800 8.390338 205.856202
628.844100 8.470408 201.450874
628.381300 8.574528 196.954293
627.918400 8.701652 192.564199
627.455400 8.863210 188.420626
626.992300 9.044695 184.396677
626.529100 9.238540 180.497169
626.065800 9.429327 176.745574
625.602400 9.646070 173.154977
625.138900 9.879819 169.725016
624.675300 10.148231 166.410575
624.211500 10.392598 163.280497
623.747700 10.622141 160.192157
623.283800 10.880946 157.290185
622.819800 11.125666 154.381201
622.355700 11.362950 151.659768
621.891400 11.602074 148.981793
621.427100 11.874915 146.367276
620.962600 12.143235 143.834908
620.498000 12.433770 141.472899
620.033400 12.692748 139.070220
619.568700 12.945954 136.819392
619.103800 13.195467 134.485620
618.638800 13.425835 132.269508
618.173700 13.707248 130.050091
617.708600 14.005542 127.866352
617.243300 14.298084 125.624048
616.777900 14.558850 123.656104
616.312400 14.794449 121.614040
615.846800 15.080074 119.528464
615.381000 15.330096 117.460330
614.915300 15.517256 115.549445
614.449300 15.838528 113.384788
613.983300 16.164489 111.330352
613.517200 16.454884 109.427322
613.051000 16.632205 107.563735
612.584700 16.869600 105.589822
612.118200 17.030953 103.778954
611.651700 17.211487 101.915872
611.185000 17.449269 99.982532
610.718300 17.678259 98.087907
610.251400 17.853473 96.021030
609.784400 18.182567 93.865626
609.317300 18.799579 91.618858
608.850200 19.279808 89.557252
608.382900 19.648741 87.626120
607.915500 19.802694 85.673742
607.448000 20.180551 83.839810
606.980400 20.642538 82.133319
606.512700 20.913304 80.369313
606.044900 20.894485 78.606432
605.577000 20.667822 76.760076
605.108900 20.494891 74.959217
604.640800 20.468540 73.317088
604.172600 20.295485 71.597075
603.704200 20.210929 70.060428
603.235800 20.213622 68.788975
602.767300 20.461560 67.761231
602.298600 20.891443 66.770435
601.829800 21.246760 65.727676
601.361000 21.460312 64.285226
600.892000 21.390606 62.523453
600.422900 21.146244 60.628347
599.953700 20.891681 58.550325
599.484400 20.610567 56.392004
599.015000 20.424281 54.076984
598.545500 20.567547 51.784674
598.075900 20.461120 49.278468
597.606200 20.310383 46.436814
597.136400 20.225526 43.586517
596.666400 20.358995 40.938986
596.196400 20.405763 38.205398
595.726300 20.409586 35.354745
595.256000 20.482828 32.461965
594.785700 20.404856 29.358454
594.315200 20.427680 26.379252
593.844700 20.478064 23.420681
593.374000 20.451012 20.350186
592.903200 20.533447 17.430611
592.432300 20.629361 14.576683
591.961300 20.685511 11.752647
591.490200 20.527884 8.921833
591.019000 20.362628 6.046116
590.547700 20.135058 3.038209
590.076300 19.867221 359.952495
589.604800 19.538108 356.739667
589.133100 19.176789 353.450807
588.661400 18.771182 350.048577
588.189600 18.319930 346.644401
587.717600 17.874923 343.247058
587.245500 17.474499 339.857154
586.773400 17.044904 336.463827
586.301100 16.619888 333.103052
585.828700 16.170383 329.863883
585.356300 15.741351 326.685422
584.883700 15.313023 323.436846
584.410900 14.796930 320.142190
583.938200 14.297496 316.808965
583.465200 13.786412 313.400669
582.992200 13.266185 309.951677
582.519100 12.726731 306.469328
582.045800 12.190683 302.855341
581.572500 11.619634 299.190191
581.099100 11.049713 295.361485
580.625500 10.472975 291.387019
580.151900 9.941600 287.160364
579.678000 9.433257 282.782878
579.204200 8.944629 278.192619
578.730200 8.499765 273.341949
578.256100 8.087129 268.207498
577.781900 7.713083 262.813356
577.307600 7.371350 257.144439
576.833200 7.064129 251.080833
576.358600 6.803150 244.672746
575.884000 6.595602 238.055740
575.409300 6.446450 231.256110
574.934400 6.351828 224.285160
574.459500 6.312006 217.277998
573.984400 6.327393 210.322201
573.509200 6.401838 203.517706
573.033900 6.524618 196.883077
572.558600 6.690224 190.559883
572.083100 6.904417 184.552928
571.607500 7.154026 178.904104
571.131800 7.425648 173.632407
570.655900 7.726700 168.653379
570.180100 8.046122 163.999805
569.704000 8.372720 159.564053
569.227800 8.716117 155.421398
568.751600 9.073866 151.507626
568.275300 9.439948 147.792538
567.798800 9.817118 144.275136
567.322200 10.197544 140.961116
566.845500 10.580528 137.750333
566.368700 10.966489 134.655439
565.891800 11.359339 131.688118
565.414900 11.759446 128.812811
564.937700 12.163836 126.015341
564.460500 12.573974 123.304654
563.983200 12.967038 120.704698
563.505700 13.361353 118.206749
563.028200 13.738355 115.787529
562.550500 14.091074 113.462125
562.072800 14.430788 111.173127
561.594800 14.755133 108.951020
561.116900 15.050751 106.784594
560.638800 15.310241 104.657203
560.160600 15.527373 102.581333
559.682300 15.735540 100.495607
559.203900 15.936878 98.405953
558.725300 16.123014 96.310150
558.246700 16.293047 94.185391
557.767900 16.442060 92.052615
557.289100 16.586137 89.862125
556.810200 16.714811 87.594082
556.331100 16.851653 85.291752
555.851900 16.986329 82.900843
555.372600 17.113628 80.467511
554.893200 17.254550 77.961021
554.413700 17.406706 75.350683
553.934100 17.610866 72.701940
553.454300 17.828393 69.998951
552.974500 18.085858 67.301179
552.494600 18.349811 64.625839
552.014500 18.615987 61.992928
551.534400 18.870866 59.466952
551.054100 19.112518 57.046693
550.573700 19.295310 54.735968
550.093300 19.453044 52.542154
549.612700 19.547871 50.420963
549.132000 19.556309 48.372746
548.651100 19.497001 46.424581
548.170200 19.362660 44.547094
547.689100 19.128846 42.676161
547.208000 18.821880 40.810738
546.726700 18.462562 38.829952
546.245400 18.049492 36.782117
545.763900 17.613127 34.516043
545.282300 17.147015 32.087052
544.800700 16.627833 29.426811
544.318800 16.106850 26.561046
543.836900 15.582737 23.446019
543.354900 15.069149 20.088531
542.872800 14.623066 16.461370
542.390500 14.203979 12.397178
541.908200 13.822193 8.224872
541.425700 13.556745 4.285894
540.943100 13.312747 0.387381
540.460400 13.078459 356.588814
539.977700 12.821661 352.876078
539.494800 12.534456 349.323637
539.011800 12.213934 345.863285
538.528600 11.837804 342.408836
538.045400 11.407867 338.954709
537.562100 10.892737 335.578490
537.078600 10.307636 332.144295
536.595000 9.676784 328.567757
536.111400 9.002929 324.806072
535.627600 8.307081 320.822353
535.143700 7.600725 316.551970
534.659700 6.887302 311.934627
534.175600 6.195890 307.000013
533.691300 5.499467 301.291999
533.207000 4.834019 294.630026
532.722600 4.198240 286.668176
532.238000 3.625905 277.034938
531.753400 3.140683 265.052110
531.268600 2.780184 250.364473
530.783700 2.581305 233.148356
530.298700 2.572099 215.089741
529.813600 2.754861 198.246872
529.328400 3.084254 184.084350
528.843000 3.507454 172.708559
528.357600 3.993622 163.610925
527.872000 4.519508 156.106879
527.386400 5.062043 149.893410
526.900600 5.618602 144.567024
526.414700 6.172357 139.900819
525.928700 6.723284 135.761390
525.442600 7.267257 132.023414
524.956400 7.817380 128.585104
524.470000 8.360676 125.333422
523.983600 8.898149 122.235825
523.497100 9.429248 119.325599
523.010400 9.948569 116.533430
522.523600 10.452459 113.838797
522.036700 10.928980 111.237092
521.549700 11.373092 108.700804
521.062600 11.796017 106.208705
520.575400 12.198271 103.696783
520.088100 12.575281 101.237665
519.600600 12.930561 98.716568
519.113100 13.272069 96.203845
518.625400 13.587876 93.620391
518.137700 13.898029 91.010014
517.649800 14.189450 88.364766
517.161800 14.464951 85.709124
516.673700 14.728821 83.072721
516.185500 14.979354 80.444247
515.697100 15.221463 77.821288
515.208700 15.431569 75.248232
514.720200 15.628188 72.563677
514.231400 15.782614 69.958479
513.742700 15.901448 67.400764
513.253800 15.958047 64.856636
512.764800 15.977124 62.336336
512.275700 15.977573 59.872114
511.786400 15.942816 57.414475
511.297100 15.877258 54.977715
510.807600 15.770267 52.616907
510.318100 15.640535 50.410594
509.828400 15.495922 48.208199
509.338600 15.325887 45.968230
508.848800 15.149953 43.757370
508.358700 14.958964 41.622664
507.868600 14.758848 39.476262
507.378400 14.565946 37.319492
506.888000 14.346054 35.114360
506.397600 14.069020 33.072406
505.907000 13.769597 31.070302
505.416300 13.423764 29.121146
504.925500 13.020970 27.208430
504.434600 12.574484 25.334953
503.943600 12.074125 23.529856
503.452500 11.507004 21.794969
502.961200 10.848969 19.634399
502.469800 10.195320 17.610687
501.978400 9.511115 15.564040
501.486800 8.798591 13.209918
500.995100 8.111949 10.755583
500.503300 7.436255 8.259747
500.011400 6.751171 5.799555
499.519300 6.054653 3.034033
499.027200 5.366156 359.840008
498.534900 4.684116 357.576446
498.042600 4.025804 355.659755
497.550100 3.389596 354.220664
497.057500 2.773753 353.696897
496.564800 2.185817 355.040352
496.072000 1.638002 358.275228
495.579000 1.154343 8.666501
495.086000 0.889190 32.293719
494.592800 0.970033 63.969818
494.099500 1.328184 83.030880
493.606200 1.816949 91.473667
493.112700 2.355493 94.672298
492.619000 2.932910 96.084911
492.125300 3.527082 96.682126
491.631500 4.125399 96.225997
491.137500 4.721576 95.808121
490.643500 5.333082 95.065881
490.149300 5.933334 93.962471
489.655000 6.539267 92.637590
489.160600 7.131902 91.155822
488.666100 7.703947 89.529878
488.171400 8.259108 87.796860
487.676700 8.798440 86.004807
487.181800 9.313394 84.081758
486.686900 9.806620 82.124569
486.191800 10.292659 80.202088
485.696600 10.763468 78.329841
485.201300 11.206361 76.516541
484.705800 11.614804 74.727002
484.210300 11.994228 72.955951
483.714600 12.343997 71.252574
483.218900 12.626317 69.579140
482.723000 12.889758 68.023184
482.227000 13.101487 66.573834
481.730900 13.266252 65.130021
481.234600 13.286121 63.974548
480.738300 13.227239 62.954285
480.241900 13.106683 62.082634
479.745300 12.913737 61.339300
479.248600 12.666171 60.676117
478.751800 12.393641 59.887678
478.254900 12.079875 59.148922
477.757900 11.759712 58.237768
477.260800 11.415275 57.332234
476.763500 11.068863 56.468772
476.266200 10.717314 55.638225
475.768700 10.384901 54.859510
475.271100 10.065806 54.155399
474.773400 9.758660 53.486933
474.275600 9.460288 52.787187
473.777600 9.182659 52.123581
473.279600 8.933532 51.486503
472.781400 8.716403 50.898936
472.283100 8.537983 50.364396
471.784800 8.384525 50.013899
471.286300 8.242749 49.902994
470.787600 8.128862 49.957371
470.288900 8.042378 50.186044
469.790000 7.948961 50.402518
469.291100 7.875514 50.776183
468.792000 7.785800 51.064857
468.292800 7.707856 51.419298
467.793500 7.644954 51.798964
467.294100 7.703824 52.809784
466.794500 7.768316 53.814049
466.294900 7.791742 54.570173
465.795100 7.793569 55.201590
465.295200 7.759708 55.641173
464.795200 7.733615 56.081914
464.295100 7.704775 56.504895
463.794900 7.678540 56.926582
463.294600 7.653082 57.333762
462.794100 7.626564 57.819169
462.293500 7.612689 58.276296
461.792800 7.594460 58.712457
461.292100 7.585139 59.205715
460.791100 7.578868 59.686255
460.290100 7.646004 61.478195
459.788900 7.760032 63.087333
459.287700 7.934480 64.486416
458.786300 8.151032 65.557171
458.284800 8.407273 66.269723
457.783200 8.683678 66.586923
457.281500 8.972804 66.497332
456.779600 9.265886 65.948677
456.277700 9.544585 65.072682
455.775600 9.799793 63.892763
455.273400 10.018226 62.419534
454.771100 10.196678 60.725485
454.268700 10.327847 58.860381
453.766200 10.322568 58.633064
453.263500 10.294651 58.436046
452.760800 10.247529 58.279788
452.257900 10.177625 58.146928
451.754900 10.087927 58.056248
451.251800 9.978691 57.992600
450.748500 9.845764 57.968482
450.245200 9.693041 57.973636
449.741700 9.520534 58.007027
449.238200 9.326827 58.090698
448.734500 9.109847 58.215540
448.230700 8.875825 58.382854
447.726700 8.620952 58.603178
447.222700 8.347698 58.876284
446.718600 8.050935 59.215161
446.214300 7.738146 59.625686
445.709900 7.406013 60.123539
445.205400 7.053642 60.719205
444.700800 6.683544 61.436219
444.196000 6.296515 62.327789
443.691200 5.889700 63.393947
443.186200 5.469082 64.695858
442.681200 5.033749 66.322827
442.175900 4.582867 68.372476
441.670600 4.122484 71.000703
441.165200 3.656242 74.469303
440.659600 3.191947 79.144835
440.154000 2.737845 85.714888
439.648200 2.737845 85.714888
