# ========================================================
# RESULTADOS DE AJUSTE ELIPSOMÉTRICO (AUTORANGE + TMM)
# ========================================================
# Archivo de origen: SiO2_Si.S1-2.txt
# Espesores óptimos (nm): [np.float64(13.00370030162282)]
# Error mínimo (Chi2 Red / MSE): 2.657618e-04
# Parámetros de dispersión optimizados:
# ========================================================
# Wavelength_nm	Is_exp	Is_fit	Ic_exp	Ic_fit	Psi_exp_deg	Psi_fit_deg	Delta_exp_deg	Delta_fit_deg
829.9594	0.171631	0.172440	-0.290131	-0.296027	9.8500	10.0174	149.3930	149.7785
829.5408	0.171976	0.172535	-0.290079	-0.296062	9.8540	10.0197	149.3380	149.7678
829.1221	0.171775	0.172630	-0.289129	-0.296098	9.8260	10.0221	149.2850	149.7571
828.7034	0.172130	0.172724	-0.289797	-0.296133	9.8490	10.0245	149.2910	149.7464
828.2845	0.171707	0.172819	-0.288557	-0.296168	9.8100	10.0269	149.2450	149.7357
827.8656	0.173280	0.172914	-0.290910	-0.296203	9.8960	10.0293	149.2200	149.7249
827.4465	0.173183	0.173010	-0.290126	-0.296239	9.8740	10.0317	149.1660	149.7142
827.0275	0.172766	0.173105	-0.288729	-0.296274	9.8310	10.0341	149.1050	149.7034
826.6082	0.172068	0.173177	-0.287767	-0.296330	9.7950	10.0367	149.1230	149.6977
826.1889	0.172632	0.173248	-0.288196	-0.296387	9.8150	10.0393	149.0780	149.6923
825.7695	0.172616	0.173310	-0.287861	-0.296453	9.8060	10.0420	149.0510	149.6889
825.3500	0.171798	0.173365	-0.286089	-0.296525	9.7470	10.0447	149.0150	149.6871
824.9305	0.170907	0.173420	-0.285011	-0.296597	9.7050	10.0474	149.0510	149.6852
824.5108	0.170496	0.173475	-0.284067	-0.296669	9.6740	10.0502	149.0280	149.6834
824.0911	0.170824	0.173530	-0.283716	-0.296742	9.6700	10.0529	148.9480	149.6815
823.6713	0.171298	0.173585	-0.284200	-0.296814	9.6900	10.0557	148.9210	149.6797
823.2513	0.171447	0.173641	-0.284110	-0.296886	9.6900	10.0584	148.8910	149.6778
822.8313	0.171637	0.173696	-0.284111	-0.296958	9.6930	10.0612	148.8630	149.6759
822.4112	0.171957	0.173752	-0.284494	-0.297030	9.7080	10.0640	148.8500	149.6739
821.9910	0.172271	0.173808	-0.285689	-0.297102	9.7440	10.0667	148.9100	149.6720
821.5707	0.172007	0.173870	-0.284925	-0.297173	9.7200	10.0695	148.8810	149.6689
821.1503	0.171741	0.173933	-0.284317	-0.297243	9.7000	10.0724	148.8660	149.6658
820.7299	0.172282	0.173991	-0.284797	-0.297314	9.7210	10.0751	148.8290	149.6634
820.3093	0.172464	0.174048	-0.285188	-0.297387	9.7340	10.0779	148.8370	149.6614
819.8886	0.172895	0.174104	-0.285427	-0.297459	9.7470	10.0807	148.7950	149.6594
819.4679	0.173546	0.174160	-0.285994	-0.297531	9.7720	10.0834	148.7500	149.6573
819.0471	0.174049	0.174217	-0.286689	-0.297603	9.7980	10.0862	148.7380	149.6552
818.6262	0.174305	0.174274	-0.286726	-0.297675	9.8030	10.0890	148.7040	149.6532
818.2051	0.174436	0.174330	-0.286492	-0.297747	9.7990	10.0917	148.6640	149.6511
817.7841	0.174853	0.174387	-0.287278	-0.297819	9.8260	10.0945	148.6730	149.6489
817.3629	0.174770	0.174444	-0.287367	-0.297890	9.8270	10.0973	148.6930	149.6468
816.9416	0.175238	0.174502	-0.288159	-0.297962	9.8550	10.1001	148.6950	149.6446
816.5202	0.175622	0.174559	-0.288733	-0.298034	9.8760	10.1028	148.6900	149.6425
816.0988	0.176033	0.174616	-0.289329	-0.298106	9.8980	10.1056	148.6830	149.6403
815.6772	0.176636	0.174695	-0.289808	-0.298170	9.9200	10.1085	148.6380	149.6343
815.2556	0.176450	0.174781	-0.289537	-0.298231	9.9100	10.1114	148.6410	149.6271
814.8338	0.177083	0.174872	-0.290189	-0.298290	9.9370	10.1144	148.6070	149.6191
814.4120	0.177756	0.174970	-0.290663	-0.298346	9.9600	10.1174	148.5520	149.6098
813.9901	0.177781	0.175068	-0.291070	-0.298402	9.9710	10.1204	148.5840	149.6005
813.5681	0.177913	0.175166	-0.291297	-0.298458	9.9790	10.1234	148.5850	149.5912
813.1460	0.178128	0.175264	-0.291204	-0.298514	9.9800	10.1264	148.5460	149.5819
812.7238	0.178225	0.175367	-0.291145	-0.298569	9.9800	10.1294	148.5270	149.5718
812.3015	0.179098	0.175473	-0.291918	-0.298623	10.0140	10.1325	148.4700	149.5613
811.8792	0.178461	0.175576	-0.291462	-0.298678	9.9920	10.1355	148.5210	149.5511
811.4567	0.178704	0.175675	-0.291698	-0.298734	10.0020	10.1385	148.5070	149.5417
811.0341	0.178913	0.175774	-0.291800	-0.298790	10.0080	10.1415	148.4860	149.5323
810.6115	0.178756	0.175873	-0.292127	-0.298846	10.0140	10.1445	148.5370	149.5229
810.1888	0.178995	0.175972	-0.292058	-0.298902	10.0160	10.1475	148.4970	149.5135
809.7659	0.179563	0.176071	-0.292287	-0.298958	10.0310	10.1506	148.4360	149.5040
809.3430	0.179883	0.176171	-0.292475	-0.299014	10.0410	10.1536	148.4070	149.4945
808.9200	0.180597	0.176270	-0.292458	-0.299069	10.0520	10.1566	148.3040	149.4851
808.4969	0.180982	0.176370	-0.292567	-0.299125	10.0610	10.1596	148.2590	149.4756
808.0737	0.181195	0.176470	-0.292397	-0.299181	10.0600	10.1626	148.2140	149.4661
807.6505	0.181031	0.176570	-0.292498	-0.299237	10.0600	10.1656	148.2460	149.4566
807.2271	0.181154	0.176670	-0.292422	-0.299293	10.0600	10.1686	148.2220	149.4470
806.8036	0.181497	0.176770	-0.292634	-0.299348	10.0710	10.1717	148.1920	149.4375
806.3801	0.181645	0.176870	-0.292850	-0.299404	10.0790	10.1747	148.1900	149.4279
805.9564	0.181980	0.176971	-0.292989	-0.299460	10.0880	10.1777	148.1550	149.4183
805.5327	0.182267	0.177073	-0.293120	-0.299518	10.0960	10.1808	148.1260	149.4087
805.1089	0.182806	0.177175	-0.293324	-0.299575	10.1100	10.1839	148.0680	149.3991
804.6850	0.182850	0.177286	-0.293760	-0.299647	10.1220	10.1876	148.1000	149.3893
804.2610	0.182981	0.177402	-0.293640	-0.299723	10.1210	10.1914	148.0710	149.3794
803.8369	0.183397	0.177520	-0.293805	-0.299799	10.1320	10.1952	148.0270	149.3690
803.4127	0.183782	0.177642	-0.294066	-0.299874	10.1450	10.1991	147.9960	149.3580
802.9884	0.183944	0.177764	-0.294235	-0.299949	10.1520	10.2029	147.9880	149.3469
802.5640	0.184046	0.177880	-0.294558	-0.300025	10.1620	10.2067	148.0020	149.3370
802.1396	0.184169	0.177996	-0.294481	-0.300101	10.1620	10.2106	147.9780	149.3270
801.7150	0.183980	0.178112	-0.294521	-0.300178	10.1600	10.2144	148.0080	149.3171
801.2903	0.184348	0.178228	-0.294755	-0.300254	10.1720	10.2182	147.9770	149.3071
800.8657	0.184245	0.178344	-0.294819	-0.300330	10.1720	10.2220	147.9970	149.2971
800.4408	0.184300	0.178460	-0.294553	-0.300406	10.1660	10.2258	147.9660	149.2871
800.0159	0.184365	0.178576	-0.294783	-0.300483	10.1730	10.2296	147.9770	149.2770
799.5909	0.184687	0.178693	-0.294736	-0.300559	10.1770	10.2335	147.9280	149.2670
799.1658	0.184814	0.178810	-0.295042	-0.300635	10.1870	10.2373	147.9370	149.2569
798.7406	0.185227	0.178927	-0.295208	-0.300711	10.1980	10.2411	147.8940	149.2469
798.3153	0.185575	0.179043	-0.295569	-0.300787	10.2130	10.2449	147.8770	149.2368
797.8899	0.186045	0.179161	-0.295892	-0.300863	10.2290	10.2488	147.8400	149.2267
797.4644	0.186125	0.179278	-0.295996	-0.300939	10.2330	10.2526	147.8380	149.2166
797.0389	0.186407	0.179395	-0.296205	-0.301015	10.2430	10.2564	147.8170	149.2065
796.6132	0.186697	0.179512	-0.296447	-0.301091	10.2540	10.2603	147.7980	149.1963
796.1875	0.186768	0.179630	-0.296364	-0.301167	10.2530	10.2641	147.7810	149.1862
795.7617	0.187080	0.179752	-0.296515	-0.301242	10.2620	10.2680	147.7510	149.1754
795.3357	0.187275	0.179877	-0.296663	-0.301316	10.2690	10.2719	147.7370	149.1640
794.9097	0.187741	0.179998	-0.296793	-0.301389	10.2800	10.2757	147.6840	149.1531
794.4836	0.188074	0.180106	-0.296815	-0.301459	10.2860	10.2793	147.6400	149.1439
794.0574	0.188276	0.180215	-0.296996	-0.301530	10.2940	10.2828	147.6280	149.1346
793.6310	0.188643	0.180321	-0.297150	-0.301599	10.3040	10.2863	147.5910	149.1255
793.2047	0.188821	0.180427	-0.297270	-0.301668	10.3100	10.2898	147.5770	149.1164
792.7782	0.189135	0.180534	-0.297341	-0.301737	10.3170	10.2933	147.5400	149.1072
792.3516	0.189277	0.180640	-0.297483	-0.301805	10.3230	10.2967	147.5330	149.0981
791.9249	0.189290	0.180747	-0.297436	-0.301874	10.3220	10.3002	147.5270	149.0890
791.4982	0.189780	0.180854	-0.297860	-0.301943	10.3410	10.3037	147.4970	149.0798
791.0714	0.189996	0.180961	-0.297993	-0.302012	10.3480	10.3072	147.4790	149.0706
790.6444	0.189944	0.181068	-0.298336	-0.302081	10.3560	10.3107	147.5160	149.0614
790.2173	0.189965	0.181175	-0.298323	-0.302149	10.3560	10.3142	147.5120	149.0522
789.7902	0.190329	0.181282	-0.298400	-0.302218	10.3640	10.3177	147.4690	149.0430
789.3630	0.190544	0.181390	-0.298496	-0.302287	10.3700	10.3212	147.4480	149.0338
788.9357	0.190564	0.181497	-0.298792	-0.302355	10.3780	10.3247	147.4710	149.0245
788.5083	0.190728	0.181605	-0.298842	-0.302424	10.3820	10.3282	147.4530	149.0153
788.0807	0.190605	0.181713	-0.298960	-0.302493	10.3830	10.3317	147.4800	149.0060
787.6532	0.190845	0.181827	-0.299117	-0.302560	10.3910	10.3352	147.4610	148.9958
787.2255	0.190729	0.181942	-0.298958	-0.302626	10.3850	10.3388	147.4630	148.9853
786.7977	0.191071	0.182054	-0.298701	-0.302694	10.3840	10.3423	147.3940	148.9754
786.3699	0.191257	0.182162	-0.298853	-0.302762	10.3910	10.3458	147.3820	148.9660
785.9419	0.191415	0.182271	-0.298985	-0.302831	10.3970	10.3493	147.3720	148.9567
785.5139	0.191692	0.182380	-0.299039	-0.302899	10.4030	10.3528	147.3390	148.9473
785.0857	0.191938	0.182488	-0.299192	-0.302967	10.4110	10.3564	147.3190	148.9379
784.6575	0.192344	0.182605	-0.299319	-0.303042	10.4210	10.3602	147.2750	148.9280
784.2291	0.192390	0.182723	-0.299367	-0.303118	10.4230	10.3640	147.2730	148.9179
783.8007	0.192456	0.182844	-0.299286	-0.303196	10.4220	10.3680	147.2570	148.9077
783.3722	0.192554	0.182967	-0.299301	-0.303276	10.4240	10.3720	147.2450	148.8973
782.9435	0.192915	0.183090	-0.299495	-0.303355	10.4350	10.3760	147.2130	148.8869
782.5148	0.193063	0.183213	-0.299632	-0.303435	10.4410	10.3801	147.2050	148.8765
782.0861	0.192972	0.183336	-0.299652	-0.303514	10.4400	10.3841	147.2190	148.8661
781.6572	0.192952	0.183460	-0.299587	-0.303594	10.4380	10.3882	147.2160	148.8557
781.2282	0.193090	0.183583	-0.299537	-0.303673	10.4390	10.3922	147.1930	148.8453
780.7991	0.193142	0.183707	-0.299698	-0.303753	10.4440	10.3962	147.2000	148.8348
780.3699	0.193445	0.183831	-0.299812	-0.303832	10.4520	10.4003	147.1690	148.8243
779.9407	0.193595	0.183956	-0.299871	-0.303911	10.4560	10.4043	147.1540	148.8137
779.5113	0.193579	0.184087	-0.299881	-0.303988	10.4560	10.4085	147.1570	148.8020
779.0818	0.193922	0.184219	-0.300125	-0.304066	10.4680	10.4126	147.1320	148.7903
778.6523	0.194283	0.184345	-0.300397	-0.304144	10.4810	10.4166	147.1070	148.7796
778.2227	0.194597	0.184469	-0.300582	-0.304224	10.4910	10.4207	147.0810	148.7690
777.7930	0.194694	0.184594	-0.300675	-0.304303	10.4950	10.4247	147.0760	148.7585
777.3632	0.194860	0.184719	-0.300955	-0.304382	10.5050	10.4288	147.0780	148.7479
776.9332	0.195066	0.184844	-0.301054	-0.304461	10.5110	10.4329	147.0590	148.7373
776.5032	0.195376	0.184969	-0.301164	-0.304540	10.5190	10.4369	147.0270	148.7267
776.0731	0.195420	0.185094	-0.301174	-0.304619	10.5200	10.4410	147.0220	148.7161
775.6429	0.195714	0.185218	-0.301178	-0.304692	10.5250	10.4449	146.9830	148.7052
775.2126	0.195864	0.185342	-0.301236	-0.304764	10.5290	10.4487	146.9680	148.6941
774.7822	0.196162	0.185460	-0.301314	-0.304831	10.5360	10.4524	146.9350	148.6835
774.3517	0.196087	0.185573	-0.301440	-0.304893	10.5380	10.4558	146.9560	148.6733
773.9212	0.196288	0.185685	-0.301543	-0.304955	10.5440	10.4592	146.9380	148.6630
773.4905	0.196159	0.185797	-0.301666	-0.305016	10.5450	10.4626	146.9660	148.6528
773.0598	0.196331	0.185909	-0.301942	-0.305076	10.5550	10.4660	146.9670	148.6425
772.6289	0.196478	0.186020	-0.302157	-0.305137	10.5630	10.4693	146.9660	148.6323
772.1980	0.196858	0.186132	-0.302337	-0.305197	10.5740	10.4727	146.9310	148.6220
771.7669	0.196775	0.186248	-0.302314	-0.305257	10.5720	10.4761	146.9400	148.6111
771.3358	0.196818	0.186368	-0.302402	-0.305315	10.5750	10.4795	146.9420	148.5996
770.9046	0.197085	0.186486	-0.302500	-0.305374	10.5820	10.4830	146.9150	148.5884
770.4733	0.197264	0.186599	-0.302695	-0.305434	10.5900	10.4864	146.9080	148.5780
770.0419	0.197411	0.186711	-0.302793	-0.305494	10.5950	10.4897	146.8970	148.5677
769.6104	0.197511	0.186824	-0.303039	-0.305555	10.6030	10.4931	146.9050	148.5573
769.1787	0.197631	0.186937	-0.303154	-0.305615	10.6080	10.4965	146.8990	148.5469
768.7471	0.197472	0.187050	-0.303141	-0.305675	10.6050	10.4999	146.9190	148.5365
768.3152	0.197539	0.187163	-0.303603	-0.305735	10.6180	10.5033	146.9500	148.5261
767.8834	0.197872	0.187277	-0.303697	-0.305795	10.6260	10.5067	146.9140	148.5156
767.4514	0.198164	0.187390	-0.303739	-0.305855	10.6320	10.5101	146.8790	148.5052
767.0193	0.198378	0.187504	-0.303871	-0.305915	10.6390	10.5135	146.8620	148.4947
766.5872	0.198742	0.187618	-0.304022	-0.305975	10.6490	10.5168	146.8270	148.4842
766.1549	0.198903	0.187732	-0.304072	-0.306035	10.6530	10.5202	146.8100	148.4737
765.7225	0.198916	0.187848	-0.304219	-0.306095	10.6570	10.5237	146.8210	148.4629
765.2901	0.199104	0.187966	-0.304368	-0.306155	10.6640	10.5271	146.8090	148.4518
764.8575	0.199153	0.188090	-0.304686	-0.306214	10.6730	10.5307	146.8300	148.4400
764.4249	0.199279	0.188224	-0.304914	-0.306272	10.6810	10.5344	146.8330	148.4266
763.9922	0.199487	0.188359	-0.305244	-0.306330	10.6930	10.5380	146.8340	148.4131
763.5593	0.199793	0.188486	-0.305432	-0.306390	10.7030	10.5416	146.8100	148.4008
763.1264	0.199859	0.188614	-0.305661	-0.306450	10.7100	10.5453	146.8210	148.3885
762.6934	0.200126	0.188741	-0.305720	-0.306510	10.7160	10.5489	146.7910	148.3762
762.2603	0.200268	0.188869	-0.305704	-0.306569	10.7180	10.5525	146.7710	148.3639
761.8271	0.200330	0.188997	-0.305857	-0.306629	10.7230	10.5561	146.7760	148.3515
761.3938	0.200544	0.189125	-0.305950	-0.306689	10.7290	10.5597	146.7560	148.3392
760.9604	0.200811	0.189254	-0.306008	-0.306748	10.7350	10.5634	146.7260	148.3268
760.5269	0.200995	0.189382	-0.306276	-0.306808	10.7450	10.5670	146.7250	148.3144
760.0933	0.201207	0.189511	-0.306565	-0.306867	10.7560	10.5706	146.7220	148.3020
759.6597	0.201549	0.189639	-0.306806	-0.306927	10.7680	10.5743	146.6980	148.2895
759.2259	0.201578	0.189768	-0.306943	-0.306986	10.7720	10.5779	146.7060	148.2771
758.7921	0.201636	0.189897	-0.307137	-0.307046	10.7780	10.5815	146.7150	148.2646
758.3581	0.201822	0.190026	-0.307326	-0.307105	10.7860	10.5852	146.7070	148.2522
757.9240	0.201784	0.190156	-0.307351	-0.307164	10.7860	10.5888	146.7140	148.2397
757.4899	0.202034	0.190285	-0.307497	-0.307224	10.7940	10.5925	146.6940	148.2272
757.0556	0.202028	0.190415	-0.307617	-0.307283	10.7970	10.5961	146.7050	148.2146
756.6213	0.202110	0.190551	-0.307952	-0.307340	10.8070	10.5998	146.7230	148.2011
756.1868	0.202326	0.190689	-0.308199	-0.307397	10.8170	10.6035	146.7160	148.1873
755.7523	0.202401	0.190816	-0.308266	-0.307465	10.8200	10.6074	146.7120	148.1758
755.3177	0.202471	0.190936	-0.308491	-0.307540	10.8270	10.6113	146.7220	148.1659
754.8830	0.202609	0.191057	-0.308595	-0.307615	10.8320	10.6152	146.7130	148.1560
754.4482	0.202635	0.191177	-0.308694	-0.307690	10.8350	10.6191	146.7180	148.1461
754.0132	0.202624	0.191298	-0.308935	-0.307765	10.8410	10.6230	146.7400	148.1361
753.5782	0.202770	0.191419	-0.309110	-0.307840	10.8480	10.6269	146.7360	148.1262
753.1431	0.202989	0.191540	-0.309315	-0.307916	10.8570	10.6309	146.7250	148.1162
752.7079	0.203110	0.191661	-0.309430	-0.307990	10.8620	10.6348	146.7190	148.1062
752.2726	0.203294	0.191782	-0.309580	-0.308065	10.8690	10.6387	146.7080	148.0962
751.8373	0.203339	0.191904	-0.309707	-0.308140	10.8730	10.6426	146.7130	148.0862
751.4018	0.203797	0.192025	-0.309910	-0.308215	10.8860	10.6466	146.6710	148.0761
750.9662	0.203828	0.192147	-0.310122	-0.308290	10.8920	10.6505	146.6850	148.0660
750.5306	0.203840	0.192269	-0.310269	-0.308365	10.8960	10.6544	146.6960	148.0560
750.0948	0.204075	0.192391	-0.310309	-0.308439	10.9010	10.6584	146.6690	148.0459
749.6589	0.204088	0.192519	-0.310494	-0.308512	10.9060	10.6624	146.6830	148.0348
749.2230	0.204046	0.192650	-0.310560	-0.308585	10.9070	10.6664	146.6940	148.0235
748.7869	0.204051	0.192776	-0.310674	-0.308658	10.9100	10.6704	146.7030	148.0127
748.3508	0.204226	0.192899	-0.310869	-0.308733	10.9180	10.6743	146.6970	148.0025
747.9146	0.204315	0.193022	-0.311159	-0.308808	10.9270	10.6782	146.7100	147.9923
747.4782	0.204225	0.193145	-0.311412	-0.308882	10.9320	10.6822	146.7430	147.9821
747.0417	0.204308	0.193268	-0.311551	-0.308956	10.9370	10.6861	146.7440	147.9719
746.6052	0.204513	0.193404	-0.311649	-0.309040	10.9430	10.6905	146.7260	147.9608
746.1686	0.204748	0.193541	-0.311805	-0.309125	10.9510	10.6950	146.7090	147.9497
745.7319	0.204988	0.193679	-0.312112	-0.309211	10.9630	10.6995	146.7040	147.9384
745.2950	0.205083	0.193818	-0.312399	-0.309296	10.9720	10.7040	146.7160	147.9271
744.8582	0.205319	0.193956	-0.312592	-0.309382	10.9810	10.7085	146.7020	147.9158
744.4211	0.205293	0.194096	-0.312803	-0.309468	10.9860	10.7130	146.7230	147.9044
743.9841	0.205284	0.194235	-0.313002	-0.309554	10.9910	10.7175	146.7410	147.8931
743.5468	0.205512	0.194374	-0.313124	-0.309640	10.9980	10.7220	146.7220	147.8817
743.1096	0.205556	0.194514	-0.313250	-0.309725	11.0020	10.7265	146.7270	147.8703
742.6722	0.205484	0.194660	-0.313451	-0.309809	11.0060	10.7311	146.7530	147.8580
742.2347	0.205588	0.194807	-0.313538	-0.309892	11.0100	10.7357	146.7470	147.8453
741.7971	0.205747	0.194952	-0.313589	-0.309977	11.0140	10.7403	146.7310	147.8332
741.3594	0.205764	0.195092	-0.313616	-0.310062	11.0150	10.7448	146.7310	147.8218
740.9216	0.205704	0.195232	-0.313810	-0.310148	11.0190	10.7493	146.7550	147.8103
740.4838	0.205719	0.195373	-0.313917	-0.310233	11.0220	10.7539	146.7620	147.7988
740.0458	0.205695	0.195514	-0.314048	-0.310318	11.0250	10.7584	146.7760	147.7873
739.6077	0.205597	0.195655	-0.314113	-0.310403	11.0250	10.7629	146.7940	147.7758
739.1696	0.205713	0.195796	-0.314230	-0.310489	11.0300	10.7675	146.7890	147.7642
738.7313	0.205719	0.195937	-0.314419	-0.310574	11.0350	10.7720	146.8040	147.7527
738.2930	0.205749	0.196079	-0.314477	-0.310659	11.0370	10.7765	146.8050	147.7411
737.8545	0.205740	0.196215	-0.314560	-0.310737	11.0390	10.7808	146.8130	147.7296
737.4160	0.206007	0.196341	-0.314811	-0.310803	11.0500	10.7846	146.8000	147.7185
736.9773	0.206018	0.196467	-0.314804	-0.310868	11.0500	10.7884	146.7980	147.7073
736.5386	0.205986	0.196601	-0.314863	-0.310931	11.0510	10.7922	146.8070	147.6949
736.0997	0.205872	0.196735	-0.314977	-0.310994	11.0520	10.7961	146.8310	147.6825
735.6608	0.206013	0.196863	-0.315193	-0.311058	11.0600	10.7998	146.8310	147.6711
735.2218	0.206120	0.196989	-0.315201	-0.311123	11.0620	10.8036	146.8180	147.6599
734.7827	0.206006	0.197116	-0.315159	-0.311188	11.0590	10.8074	146.8290	147.6486
734.3434	0.206190	0.197243	-0.315271	-0.311253	11.0650	10.8112	146.8150	147.6374
733.9041	0.206296	0.197369	-0.315433	-0.311318	11.0710	10.8150	146.8150	147.6261
733.4647	0.206278	0.197497	-0.315406	-0.311383	11.0700	10.8188	146.8150	147.6148
733.0252	0.206246	0.197624	-0.315466	-0.311448	11.0710	10.8225	146.8240	147.6035
732.5856	0.206532	0.197751	-0.315626	-0.311512	11.0800	10.8263	146.8010	147.5922
732.1459	0.206645	0.197879	-0.315630	-0.311577	11.0820	10.8301	146.7870	147.5808
731.7061	0.206541	0.198007	-0.315543	-0.311642	11.0780	10.8339	146.7930	147.5695
731.2662	0.206552	0.198135	-0.315729	-0.311706	11.0830	10.8377	146.8070	147.5581
730.8262	0.206502	0.198263	-0.315724	-0.311771	11.0820	10.8415	146.8130	147.5467
730.3861	0.206242	0.198391	-0.315700	-0.311836	11.0770	10.8453	146.8440	147.5353
729.9459	0.206289	0.198521	-0.315747	-0.311901	11.0790	10.8492	146.8420	147.5237
729.5057	0.206294	0.198663	-0.315743	-0.311970	11.0790	10.8533	146.8410	147.5109
729.0653	0.206556	0.198806	-0.315843	-0.312040	11.0860	10.8575	146.8160	147.4981
728.6248	0.206470	0.198952	-0.315783	-0.312126	11.0830	10.8622	146.8220	147.4862
728.1843	0.206528	0.199099	-0.315861	-0.312215	11.0860	10.8669	146.8210	147.4744
727.7436	0.206483	0.199246	-0.315852	-0.312304	11.0850	10.8717	146.8260	147.4627
727.3028	0.206392	0.199393	-0.315834	-0.312393	11.0830	10.8764	146.8360	147.4508
726.8619	0.206568	0.199540	-0.315873	-0.312481	11.0870	10.8812	146.8170	147.4390
726.4210	0.206578	0.199688	-0.315828	-0.312570	11.0860	10.8859	146.8120	147.4272
725.9799	0.206621	0.199836	-0.315955	-0.312659	11.0900	10.8907	146.8170	147.4153
725.5388	0.206816	0.199984	-0.315904	-0.312747	11.0920	10.8954	146.7880	147.4034
725.0975	0.207066	0.200132	-0.315972	-0.312836	11.0980	10.9002	146.7620	147.3915
724.6561	0.207143	0.200280	-0.316115	-0.312924	11.1030	10.9050	146.7640	147.3796
724.2147	0.207107	0.200429	-0.316023	-0.313013	11.1000	10.9097	146.7610	147.3677
723.7732	0.207068	0.200581	-0.316048	-0.313100	11.1000	10.9145	146.7680	147.3551
723.3315	0.206978	0.200738	-0.316030	-0.313186	11.0980	10.9194	146.7780	147.3419
722.8898	0.207091	0.200893	-0.316072	-0.313270	11.1010	10.9242	146.7670	147.3289
722.4479	0.207097	0.201041	-0.316068	-0.313351	11.1010	10.9287	146.7660	147.3165
722.0060	0.207080	0.201188	-0.316079	-0.313431	11.1010	10.9333	146.7690	147.3040
721.5640	0.207315	0.201338	-0.316196	-0.313519	11.1080	10.9380	146.7490	147.2920
721.1218	0.207312	0.201487	-0.316275	-0.313607	11.1100	10.9428	146.7560	147.2799
720.6796	0.207278	0.201628	-0.316297	-0.313684	11.1100	10.9472	146.7620	147.2682
720.2373	0.207370	0.201764	-0.316352	-0.313756	11.1130	10.9513	146.7550	147.2565
719.7949	0.207297	0.201900	-0.316362	-0.313827	11.1120	10.9554	146.7650	147.2449
719.3524	0.207328	0.202033	-0.316457	-0.313895	11.1150	10.9594	146.7690	147.2334
718.9097	0.207312	0.202167	-0.316468	-0.313964	11.1150	10.9634	146.7720	147.2218
718.4670	0.207352	0.202301	-0.316481	-0.314032	11.1160	10.9675	146.7680	147.2102
718.0242	0.207649	0.202435	-0.316633	-0.314100	11.1250	10.9715	146.7430	147.1985
717.5813	0.207795	0.202577	-0.316615	-0.314166	11.1270	10.9756	146.7230	147.1857
717.1383	0.207928	0.202720	-0.316721	-0.314232	11.1320	10.9797	146.7150	147.1728
716.6952	0.208042	0.202858	-0.316762	-0.314300	11.1350	10.9837	146.7040	147.1607
716.2520	0.208169	0.202992	-0.316871	-0.314368	11.1400	10.9877	146.6970	147.1490
715.8087	0.208402	0.203128	-0.316912	-0.314436	11.1450	10.9918	146.6710	147.1373
715.3653	0.208607	0.203263	-0.316970	-0.314504	11.1500	10.9958	146.6500	147.1255
714.9218	0.208551	0.203398	-0.317007	-0.314571	11.1500	10.9998	146.6600	147.1137
714.4782	0.208723	0.203534	-0.317087	-0.314639	11.1550	11.0039	146.6450	147.1019
714.0345	0.209018	0.203670	-0.317125	-0.314707	11.1610	11.0079	146.6110	147.0901
713.5907	0.209191	0.203806	-0.317243	-0.314775	11.1670	11.0120	146.5990	147.0783
713.1469	0.209351	0.203942	-0.317292	-0.314843	11.1710	11.0160	146.5830	147.0665
712.7028	0.209565	0.204087	-0.317267	-0.314926	11.1740	11.0206	146.5540	147.0548
712.2588	0.209836	0.204236	-0.317436	-0.315016	11.1830	11.0254	146.5340	147.0432
711.8146	0.210042	0.204392	-0.317532	-0.315112	11.1890	11.0305	146.5160	147.0312
711.3703	0.210254	0.204558	-0.317624	-0.315215	11.1950	11.0360	146.4970	147.0185
710.9259	0.210597	0.204723	-0.317707	-0.315318	11.2030	11.0415	146.4610	147.0060
710.4814	0.210752	0.204881	-0.317797	-0.315424	11.2080	11.0469	146.4490	146.9946
710.0369	0.210915	0.205040	-0.317922	-0.315529	11.2140	11.0523	146.4390	146.9831
709.5922	0.211123	0.205198	-0.318054	-0.315634	11.2210	11.0577	146.4240	146.9716
709.1474	0.211385	0.205357	-0.318112	-0.315740	11.2270	11.0631	146.3960	146.9601
708.7026	0.211585	0.205515	-0.318135	-0.315845	11.2310	11.0685	146.3730	146.9485
708.2576	0.211854	0.205675	-0.318227	-0.315950	11.2380	11.0739	146.3470	146.9370
707.8125	0.211992	0.205834	-0.318290	-0.316055	11.2420	11.0793	146.3350	146.9254
707.3674	0.212312	0.205993	-0.318348	-0.316160	11.2490	11.0847	146.3000	146.9138
706.9221	0.212565	0.206153	-0.318451	-0.316265	11.2560	11.0901	146.2770	146.9022
706.4767	0.212790	0.206313	-0.318572	-0.316369	11.2630	11.0955	146.2590	146.8906
706.0313	0.213202	0.206473	-0.318646	-0.316474	11.2720	11.1009	146.2140	146.8789
705.5857	0.213416	0.206641	-0.318774	-0.316576	11.2790	11.1064	146.1980	146.8661
705.1401	0.213659	0.206810	-0.318883	-0.316678	11.2860	11.1119	146.1770	146.8531
704.6943	0.213914	0.206972	-0.319022	-0.316778	11.2940	11.1173	146.1570	146.8407
704.2484	0.214141	0.207132	-0.319025	-0.316876	11.2980	11.1225	146.1290	146.8286
703.8025	0.214367	0.207292	-0.319145	-0.316972	11.3050	11.1277	146.1110	146.8163
703.3564	0.214597	0.207451	-0.319185	-0.317065	11.3100	11.1328	146.0860	146.8038
702.9103	0.214860	0.207611	-0.319396	-0.317157	11.3200	11.1379	146.0710	146.7912
702.4641	0.215169	0.207771	-0.319615	-0.317249	11.3310	11.1430	146.0510	146.7786
702.0177	0.215442	0.207931	-0.319742	-0.317341	11.3390	11.1481	146.0280	146.7660
701.5712	0.215760	0.208091	-0.319877	-0.317433	11.3480	11.1532	146.0000	146.7534
701.1247	0.216075	0.208252	-0.320092	-0.317526	11.3590	11.1583	145.9790	146.7408
700.6780	0.216319	0.208412	-0.320199	-0.317617	11.3660	11.1634	145.9580	146.7281
700.2313	0.216546	0.208573	-0.320318	-0.317709	11.3730	11.1686	145.9400	146.7155
699.7844	0.216880	0.208739	-0.320403	-0.317800	11.3810	11.1737	145.9060	146.7022
699.3375	0.217165	0.208908	-0.320559	-0.317889	11.3900	11.1789	145.8840	146.6882
698.8904	0.217427	0.209076	-0.320693	-0.317979	11.3980	11.1841	145.8630	146.6744
698.4433	0.217652	0.209238	-0.320891	-0.318071	11.4070	11.1892	145.8520	146.6617
697.9961	0.218060	0.209400	-0.321119	-0.318162	11.4200	11.1943	145.8210	146.6489
697.5488	0.218299	0.209562	-0.321229	-0.318254	11.4270	11.1995	145.8010	146.6361
697.1013	0.218578	0.209724	-0.321350	-0.318345	11.4350	11.2046	145.7770	146.6233
696.6537	0.218819	0.209882	-0.321536	-0.318439	11.4440	11.2097	145.7630	146.6113
696.2061	0.219170	0.210038	-0.321725	-0.318534	11.4550	11.2148	145.7360	146.5996
695.7584	0.219360	0.210190	-0.321907	-0.318632	11.4630	11.2200	145.7280	146.5885
695.3105	0.219617	0.210340	-0.322043	-0.318731	11.4710	11.2251	145.7080	146.5780
694.8626	0.219878	0.210493	-0.322293	-0.318829	11.4820	11.2302	145.6970	146.5670
694.4146	0.220171	0.210652	-0.322444	-0.318925	11.4910	11.2354	145.6740	146.5550
693.9664	0.220558	0.210810	-0.322685	-0.319021	11.5040	11.2406	145.6470	146.5432
693.5182	0.220919	0.210961	-0.322983	-0.319120	11.5180	11.2458	145.6280	146.5325
693.0699	0.221285	0.211112	-0.323239	-0.319219	11.5310	11.2509	145.6050	146.5218
692.6215	0.221506	0.211263	-0.323476	-0.319317	11.5410	11.2560	145.5980	146.5111
692.1729	0.221697	0.211414	-0.323696	-0.319416	11.5500	11.2612	145.5930	146.5003
691.7243	0.222003	0.211566	-0.323875	-0.319514	11.5600	11.2663	145.5710	146.4895
691.2756	0.222257	0.211717	-0.324051	-0.319612	11.5690	11.2714	145.5550	146.4787
690.8267	0.222504	0.211869	-0.324193	-0.319710	11.5770	11.2766	145.5370	146.4679
690.3778	0.222778	0.212022	-0.324472	-0.319809	11.5890	11.2817	145.5270	146.4570
689.9288	0.222998	0.212174	-0.324671	-0.319907	11.5980	11.2869	145.5170	146.4462
689.4797	0.223220	0.212327	-0.324908	-0.320005	11.6080	11.2920	145.5100	146.4353
689.0304	0.223426	0.212479	-0.325039	-0.320103	11.6150	11.2972	145.4960	146.4244
688.5811	0.223671	0.212641	-0.325260	-0.320199	11.6250	11.3025	145.4850	146.4123
688.1317	0.223820	0.212803	-0.325430	-0.320296	11.6320	11.3077	145.4810	146.4001
687.6821	0.224027	0.212959	-0.325560	-0.320394	11.6390	11.3130	145.4670	146.3888
687.2325	0.224289	0.213113	-0.325769	-0.320493	11.6490	11.3182	145.4530	146.3779
686.7828	0.224467	0.213268	-0.325919	-0.320593	11.6560	11.3234	145.4440	146.3670
686.3329	0.224637	0.213422	-0.326191	-0.320692	11.6660	11.3286	145.4460	146.3560
685.8830	0.224824	0.213577	-0.326412	-0.320791	11.6750	11.3338	145.4420	146.3450
685.4330	0.225129	0.213732	-0.326708	-0.320890	11.6880	11.3391	145.4300	146.3340
684.9828	0.225398	0.213887	-0.326990	-0.320989	11.7000	11.3443	145.4210	146.3230
684.5327	0.225555	0.214042	-0.327193	-0.321087	11.7080	11.3495	145.4190	146.3119
684.0823	0.225717	0.214198	-0.327354	-0.321186	11.7150	11.3547	145.4130	146.3008
683.6319	0.225951	0.214361	-0.327620	-0.321283	11.7260	11.3600	145.4070	146.2887
683.1813	0.226087	0.214526	-0.327720	-0.321378	11.7310	11.3654	145.3990	146.2762
682.7307	0.226366	0.214685	-0.327878	-0.321476	11.7400	11.3706	145.3790	146.2645
682.2800	0.226481	0.214842	-0.328071	-0.321574	11.7470	11.3759	145.3810	146.2533
681.8292	0.226767	0.215000	-0.328301	-0.321674	11.7580	11.3812	145.3660	146.2421
681.3782	0.226993	0.215161	-0.328456	-0.321775	11.7660	11.3866	145.3520	146.2306
680.9272	0.227132	0.215324	-0.328633	-0.321878	11.7730	11.3920	145.3500	146.2190
680.4761	0.227299	0.215499	-0.328751	-0.321990	11.7790	11.3980	145.3400	146.2067
680.0248	0.227454	0.215675	-0.328877	-0.322103	11.7850	11.4039	145.3320	146.1943
679.5735	0.227650	0.215851	-0.329014	-0.322215	11.7920	11.4099	145.3200	146.1819
679.1221	0.227821	0.216028	-0.329090	-0.322327	11.7970	11.4158	145.3060	146.1695
678.6705	0.227976	0.216211	-0.329177	-0.322438	11.8020	11.4218	145.2950	146.1562
678.2189	0.228142	0.216396	-0.329295	-0.322547	11.8080	11.4279	145.2850	146.1424
677.7672	0.228368	0.216576	-0.329412	-0.322653	11.8150	11.4337	145.2680	146.1291
677.3154	0.228545	0.216751	-0.329483	-0.322757	11.8200	11.4394	145.2530	146.1161
676.8634	0.228713	0.216927	-0.329639	-0.322862	11.8270	11.4452	145.2460	146.1033
676.4114	0.228767	0.217105	-0.329680	-0.322974	11.8290	11.4512	145.2430	146.0908
675.9592	0.228943	0.217283	-0.329713	-0.323086	11.8330	11.4571	145.2250	146.0782
675.5070	0.229146	0.217461	-0.329845	-0.323197	11.8400	11.4631	145.2120	146.0656
675.0547	0.229212	0.217639	-0.329915	-0.323309	11.8430	11.4691	145.2100	146.0530
674.6022	0.229271	0.217818	-0.329952	-0.323420	11.8450	11.4751	145.2060	146.0404
674.1497	0.229450	0.217997	-0.330061	-0.323531	11.8510	11.4810	145.1940	146.0277
673.6971	0.229549	0.218184	-0.330031	-0.323651	11.8520	11.4874	145.1800	146.0147
673.2443	0.229715	0.218375	-0.330111	-0.323774	11.8570	11.4939	145.1670	146.0016
672.7915	0.229916	0.218563	-0.330165	-0.323900	11.8620	11.5004	145.1480	145.9891
672.3386	0.230073	0.218746	-0.330134	-0.324030	11.8640	11.5069	145.1270	145.9775
671.8855	0.230228	0.218930	-0.330221	-0.324159	11.8690	11.5135	145.1160	145.9658
671.4324	0.230417	0.219114	-0.330283	-0.324289	11.8740	11.5200	145.0990	145.9541
670.9791	0.230636	0.219298	-0.330326	-0.324418	11.8790	11.5266	145.0770	145.9423
670.5258	0.230891	0.219482	-0.330420	-0.324547	11.8860	11.5331	145.0550	145.9306
670.0723	0.231092	0.219667	-0.330475	-0.324676	11.8910	11.5397	145.0360	145.9188
669.6188	0.231240	0.219852	-0.330527	-0.324805	11.8950	11.5462	145.0230	145.9070
669.1651	0.231377	0.220037	-0.330587	-0.324934	11.8990	11.5528	145.0120	145.8952
668.7114	0.231467	0.220228	-0.330680	-0.325061	11.9030	11.5594	145.0090	145.8825
668.2575	0.231605	0.220423	-0.330778	-0.325187	11.9080	11.5660	145.0010	145.8693
667.8035	0.231748	0.220614	-0.330873	-0.325314	11.9130	11.5726	144.9920	145.8566
667.3495	0.231844	0.220800	-0.330923	-0.325442	11.9160	11.5792	144.9850	145.8447
666.8953	0.231945	0.220986	-0.330969	-0.325571	11.9190	11.5858	144.9770	145.8327
666.4411	0.232076	0.221173	-0.331033	-0.325700	11.9230	11.5924	144.9670	145.8208
665.9868	0.232272	0.221360	-0.331091	-0.325830	11.9280	11.5990	144.9490	145.8089
665.5323	0.232492	0.221548	-0.331170	-0.325960	11.9340	11.6057	144.9300	145.7969
665.0777	0.232682	0.221735	-0.331232	-0.326090	11.9390	11.6123	144.9130	145.7850
664.6230	0.232829	0.221924	-0.331245	-0.326220	11.9420	11.6190	144.8970	145.7730
664.1683	0.233043	0.222112	-0.331329	-0.326350	11.9480	11.6256	144.8790	145.7610
663.7134	0.233233	0.222306	-0.331390	-0.326478	11.9530	11.6323	144.8620	145.7482
663.2584	0.233441	0.222504	-0.331439	-0.326605	11.9580	11.6391	144.8420	145.7348
662.8034	0.233608	0.222699	-0.331517	-0.326733	11.9630	11.6458	144.8290	145.7219
662.3482	0.233746	0.222888	-0.331614	-0.326862	11.9680	11.6524	144.8210	145.7098
661.8929	0.233949	0.223078	-0.331706	-0.326991	11.9740	11.6591	144.8050	145.6977
661.4376	0.234163	0.223268	-0.331750	-0.327121	11.9790	11.6658	144.7840	145.6855
660.9821	0.234306	0.223458	-0.331805	-0.327250	11.9830	11.6724	144.7720	145.6734
660.5265	0.234491	0.223648	-0.331908	-0.327379	11.9890	11.6791	144.7590	145.6612
660.0708	0.234694	0.223839	-0.331961	-0.327508	11.9940	11.6858	144.7400	145.6489
659.6151	0.234845	0.224022	-0.332088	-0.327633	12.0000	11.6923	144.7330	145.6373
659.1592	0.235032	0.224204	-0.332230	-0.327759	12.0070	11.6987	144.7230	145.6258
658.7032	0.235205	0.224387	-0.332302	-0.327880	12.0120	11.7050	144.7090	145.6139
658.2471	0.235419	0.224571	-0.332346	-0.327998	12.0170	11.7113	144.6880	145.6017
657.7909	0.235621	0.224750	-0.332398	-0.328118	12.0220	11.7176	144.6690	145.5901
657.3346	0.235770	0.224924	-0.332449	-0.328239	12.0260	11.7238	144.6560	145.5793
656.8782	0.235939	0.225099	-0.332563	-0.328360	12.0320	11.7300	144.6460	145.5684
656.4218	0.236019	0.225274	-0.332663	-0.328481	12.0360	11.7362	144.6450	145.5575
655.9651	0.236126	0.225450	-0.332704	-0.328602	12.0390	11.7424	144.6360	145.5465
655.5084	0.236246	0.225625	-0.332775	-0.328723	12.0430	11.7486	144.6280	145.5355
655.0516	0.236367	0.225801	-0.332846	-0.328844	12.0470	11.7548	144.6200	145.5245
654.5947	0.236464	0.225977	-0.332934	-0.328965	12.0510	11.7611	144.6160	145.5135
654.1377	0.236568	0.226154	-0.333055	-0.329085	12.0560	11.7673	144.6140	145.5024
653.6806	0.236669	0.226337	-0.333100	-0.329204	12.0590	11.7736	144.6060	145.4904
653.2234	0.236832	0.226523	-0.333219	-0.329321	12.0650	11.7799	144.5970	145.4779
652.7661	0.236918	0.226711	-0.333314	-0.329444	12.0690	11.7864	144.5950	145.4657
652.3087	0.237008	0.226900	-0.333367	-0.329572	12.0720	11.7931	144.5890	145.4538
651.8511	0.237181	0.227092	-0.333401	-0.329703	12.0760	11.7998	144.5720	145.4418
651.3936	0.237338	0.227290	-0.333523	-0.329836	12.0820	11.8068	144.5640	145.4294
650.9358	0.237461	0.227487	-0.333671	-0.329970	12.0880	11.8137	144.5620	145.4169
650.4780	0.237594	0.227685	-0.333771	-0.330104	12.0930	11.8207	144.5550	145.4044
650.0201	0.237735	0.227884	-0.333945	-0.330237	12.1000	11.8276	144.5530	145.3920
649.5620	0.237863	0.228091	-0.334088	-0.330367	12.1060	11.8347	144.5500	145.3781
649.1039	0.238026	0.228300	-0.334206	-0.330497	12.1120	11.8417	144.5410	145.3642
648.6457	0.238223	0.228501	-0.334223	-0.330630	12.1160	11.8487	144.5200	145.3513
648.1873	0.238399	0.228700	-0.334371	-0.330763	12.1230	11.8557	144.5120	145.3387
647.7289	0.238507	0.228900	-0.334411	-0.330896	12.1260	11.8626	144.5030	145.3261
647.2703	0.238598	0.229100	-0.334502	-0.331028	12.1300	11.8696	144.5000	145.3134
646.8117	0.238765	0.229300	-0.334539	-0.331161	12.1340	11.8766	144.4840	145.3007
646.3530	0.238904	0.229501	-0.334597	-0.331293	12.1380	11.8836	144.4730	145.2880
645.8941	0.238951	0.229704	-0.334602	-0.331428	12.1390	11.8907	144.4680	145.2752
645.4351	0.239137	0.229918	-0.334665	-0.331572	12.1440	11.8982	144.4520	145.2619
644.9761	0.239325	0.230131	-0.334804	-0.331716	12.1510	11.9057	144.4420	145.2487
644.5169	0.239564	0.230336	-0.334829	-0.331866	12.1560	11.9132	144.4170	145.2369
644.0577	0.239713	0.230541	-0.334840	-0.332016	12.1590	11.9207	144.4010	145.2251
643.5983	0.239891	0.230747	-0.334829	-0.332166	12.1620	11.9283	144.3800	145.2133
643.1389	0.240053	0.230953	-0.334870	-0.332315	12.1660	11.9358	144.3650	145.2015
642.6793	0.240203	0.231159	-0.334919	-0.332465	12.1700	11.9433	144.3520	145.1896
642.2196	0.240380	0.231365	-0.334870	-0.332615	12.1720	11.9509	144.3280	145.1777
641.7598	0.240579	0.231572	-0.334962	-0.332764	12.1780	11.9584	144.3130	145.1658
641.2999	0.240783	0.231779	-0.335011	-0.332913	12.1830	11.9660	144.2940	145.1538
640.8400	0.240989	0.231990	-0.335137	-0.333061	12.1900	11.9735	144.2810	145.1413
640.3799	0.241121	0.232207	-0.335160	-0.333207	12.1930	11.9812	144.2680	145.1279
639.9197	0.241360	0.232423	-0.335184	-0.333353	12.1980	11.9888	144.2430	145.1147
639.4594	0.241511	0.232631	-0.335271	-0.333502	12.2030	11.9964	144.2330	145.1027
638.9990	0.241667	0.232839	-0.335276	-0.333651	12.2060	12.0040	144.2160	145.0906
638.5385	0.241846	0.233050	-0.335303	-0.333805	12.2100	12.0117	144.1980	145.0788
638.0779	0.242007	0.233260	-0.335305	-0.333959	12.2130	12.0194	144.1800	145.0669
637.6172	0.242167	0.233469	-0.335268	-0.334105	12.2150	12.0269	144.1590	145.0546
637.1564	0.242349	0.233677	-0.335371	-0.334249	12.2210	12.0344	144.1470	145.0422
636.6954	0.242529	0.233894	-0.335398	-0.334397	12.2250	12.0421	144.1290	145.0291
636.2344	0.242810	0.234116	-0.335391	-0.334547	12.2300	12.0499	144.0970	145.0157
635.7733	0.243025	0.234333	-0.335393	-0.334699	12.2340	12.0577	144.0730	145.0030
635.3121	0.243185	0.234545	-0.335355	-0.334851	12.2360	12.0655	144.0520	144.9909
634.8508	0.243341	0.234757	-0.335398	-0.335004	12.2400	12.0732	144.0380	144.9788
634.3893	0.243510	0.234970	-0.335433	-0.335157	12.2440	12.0810	144.0220	144.9667
633.9278	0.243808	0.235183	-0.335609	-0.335309	12.2540	12.0888	144.0030	144.9545
633.4662	0.244125	0.235396	-0.335850	-0.335462	12.2660	12.0965	143.9870	144.9423
633.0044	0.244267	0.235610	-0.335982	-0.335614	12.2720	12.1043	143.9820	144.9301
632.5425	0.244411	0.235853	-0.335995	-0.335749	12.2750	12.1122	143.9670	144.9132
632.0806	0.244509	0.236097	-0.336081	-0.335885	12.2790	12.1200	143.9630	144.8962
631.6186	0.244471	0.236343	-0.335991	-0.336015	12.2760	12.1278	143.9600	144.8786
631.1564	0.244532	0.236590	-0.336064	-0.336144	12.2790	12.1356	143.9590	144.8608
630.6942	0.244653	0.236838	-0.335897	-0.336274	12.2770	12.1434	143.9320	144.8430
630.2318	0.244752	0.237085	-0.335786	-0.336403	12.2760	12.1512	143.9120	144.8251
629.7693	0.244636	0.237333	-0.335517	-0.336532	12.2670	12.1590	143.9030	144.8072
629.3068	0.244867	0.237582	-0.335624	-0.336660	12.2740	12.1668	143.8860	144.7893
628.8441	0.244861	0.237833	-0.335432	-0.336788	12.2690	12.1747	143.8710	144.7710
628.3813	0.245191	0.238092	-0.335662	-0.336913	12.2810	12.1826	143.8530	144.7516
627.9184	0.245478	0.238350	-0.335846	-0.337038	12.2910	12.1905	143.8360	144.7325
627.4554	0.245669	0.238599	-0.336218	-0.337167	12.3040	12.1983	143.8450	144.7145
626.9923	0.245818	0.238848	-0.336187	-0.337295	12.3060	12.2061	143.8260	144.6965
626.5291	0.245765	0.239089	-0.336029	-0.337432	12.3010	12.2140	143.8190	144.6803
626.0658	0.245830	0.239331	-0.335982	-0.337570	12.3010	12.2220	143.8080	144.6641
625.6024	0.245927	0.239541	-0.336029	-0.337741	12.3040	12.2302	143.8010	144.6540
625.1389	0.245748	0.239747	-0.336277	-0.337917	12.3070	12.2385	143.8410	144.6450
624.6753	0.245838	0.239960	-0.336487	-0.338091	12.3140	12.2468	143.8480	144.6349
624.2115	0.245627	0.240176	-0.336444	-0.338264	12.3090	12.2552	143.8680	144.6243
623.7477	0.245568	0.240387	-0.336449	-0.338439	12.3080	12.2635	143.8750	144.6145
623.2838	0.245749	0.240594	-0.336945	-0.338614	12.3240	12.2718	143.8950	144.6053
622.8198	0.245974	0.240801	-0.337055	-0.338790	12.3310	12.2801	143.8790	144.5960
622.3557	0.246501	0.241009	-0.336592	-0.338965	12.3290	12.2884	143.7830	144.5867
621.8914	0.246981	0.241217	-0.336200	-0.339141	12.3280	12.2967	143.6980	144.5774
621.4271	0.247508	0.241425	-0.335773	-0.339316	12.3270	12.3050	143.6050	144.5680
620.9626	0.248057	0.241634	-0.334973	-0.339490	12.3170	12.3133	143.4790	144.5584
620.4980	0.248258	0.241853	-0.334073	-0.339662	12.2980	12.3217	143.3830	144.5476
620.0334	0.248797	0.242072	-0.333593	-0.339833	12.2960	12.3301	143.2840	144.5367
619.5687	0.249582	0.242311	-0.333283	-0.339991	12.3030	12.3385	143.1720	144.5226
619.1038	0.250017	0.242552	-0.332798	-0.340148	12.2990	12.3469	143.0840	144.5082
618.6388	0.250326	0.242795	-0.332169	-0.340303	12.2890	12.3554	142.9980	144.4933
618.1737	0.250839	0.243040	-0.331741	-0.340457	12.2880	12.3638	142.9060	144.4784
617.7086	0.251224	0.243285	-0.331131	-0.340612	12.2800	12.3723	142.8130	144.4634
617.2433	0.251617	0.243530	-0.330594	-0.340766	12.2740	12.3807	142.7250	144.4483
616.7779	0.252015	0.243780	-0.330171	-0.340918	12.2710	12.3892	142.6460	144.4326
616.3124	0.252308	0.244036	-0.329707	-0.341069	12.2650	12.3978	142.5750	144.4161
615.8468	0.252390	0.244289	-0.329124	-0.341220	12.2520	12.4063	142.5170	144.4000
615.3810	0.252784	0.244536	-0.328781	-0.341373	12.2510	12.4148	142.4450	144.3848
614.9153	0.252894	0.244783	-0.328176	-0.341526	12.2380	12.4233	142.3820	144.3697
614.4493	0.253147	0.245030	-0.327699	-0.341680	12.2310	12.4317	142.3140	144.3544
613.9833	0.253274	0.245277	-0.327320	-0.341833	12.2240	12.4402	142.2680	144.3393
613.5172	0.253453	0.245513	-0.327021	-0.342006	12.2200	12.4490	142.2230	144.3269
613.0510	0.253713	0.245750	-0.326779	-0.342179	12.2190	12.4578	142.1740	144.3144
612.5847	0.253902	0.245994	-0.326551	-0.342353	12.2170	12.4668	142.1340	144.3013
612.1182	0.254124	0.246239	-0.326378	-0.342527	12.2170	12.4757	142.0950	144.2880
611.6517	0.254313	0.246477	-0.326151	-0.342703	12.2150	12.4847	142.0550	144.2758
611.1850	0.254481	0.246712	-0.325979	-0.342880	12.2140	12.4935	142.0220	144.2639
610.7183	0.254598	0.246948	-0.325847	-0.343057	12.2130	12.5024	141.9980	144.2519
610.2514	0.254752	0.247184	-0.325727	-0.343233	12.2130	12.5113	141.9710	144.2399
609.7844	0.254812	0.247420	-0.325559	-0.343410	12.2100	12.5202	141.9500	144.2279
609.3173	0.254939	0.247657	-0.325581	-0.343586	12.2130	12.5291	141.9380	144.2159
608.8502	0.255148	0.247898	-0.325660	-0.343761	12.2190	12.5380	141.9220	144.2033
608.3829	0.255244	0.248145	-0.325665	-0.343933	12.2210	12.5470	141.9120	144.1898
607.9155	0.255382	0.248389	-0.325759	-0.344104	12.2260	12.5559	141.9050	144.1767
607.4480	0.255556	0.248610	-0.325946	-0.344272	12.2340	12.5644	141.9020	144.1657
606.9804	0.255670	0.248832	-0.326138	-0.344440	12.2410	12.5728	141.9060	144.1547
606.5127	0.255841	0.249050	-0.326368	-0.344606	12.2500	12.5811	141.9070	144.1440
606.0449	0.255929	0.249268	-0.326621	-0.344772	12.2580	12.5894	141.9190	144.1333
605.5770	0.255997	0.249496	-0.326931	-0.344934	12.2670	12.5978	141.9380	144.1212
605.1089	0.256090	0.249726	-0.327262	-0.345096	12.2770	12.6062	141.9560	144.1089
604.6408	0.256219	0.249948	-0.327604	-0.345260	12.2880	12.6145	141.9710	144.0977
604.1726	0.256367	0.250168	-0.328052	-0.345425	12.3020	12.6228	141.9930	144.0868
603.7042	0.256516	0.250388	-0.328621	-0.345590	12.3190	12.6311	142.0250	144.0758
603.2358	0.256654	0.250608	-0.329117	-0.345754	12.3340	12.6395	142.0520	144.0648
602.7673	0.256737	0.250827	-0.329615	-0.345914	12.3480	12.6476	142.0850	144.0535
602.2986	0.256758	0.251046	-0.330081	-0.346068	12.3600	12.6556	142.1220	144.0420
601.8298	0.256822	0.251283	-0.330593	-0.346228	12.3740	12.6642	142.1580	144.0289
601.3610	0.256891	0.251553	-0.331182	-0.346398	12.3900	12.6736	142.2000	144.0130
600.8920	0.256970	0.251822	-0.331762	-0.346570	12.4060	12.6830	142.2400	143.9974
600.4229	0.257000	0.252086	-0.332340	-0.346744	12.4210	12.6924	142.2850	143.9826
599.9537	0.257047	0.252350	-0.333024	-0.346919	12.4390	12.7018	142.3370	143.9677
599.4844	0.257117	0.252615	-0.333729	-0.347093	12.4580	12.7112	142.3880	143.9529
599.0150	0.257173	0.252880	-0.334525	-0.347268	12.4790	12.7206	142.4480	143.9379
598.5455	0.257233	0.253156	-0.335197	-0.347438	12.4970	12.7301	142.4970	143.9216
598.0759	0.257337	0.253432	-0.335914	-0.347608	12.5170	12.7396	142.5450	143.9052
597.6062	0.257308	0.253700	-0.336654	-0.347781	12.5350	12.7491	142.6090	143.8899
597.1364	0.257322	0.253966	-0.337478	-0.347954	12.5560	12.7585	142.6750	143.8749
596.6664	0.257403	0.254234	-0.338330	-0.348127	12.5790	12.7680	142.7360	143.8596
596.1964	0.257446	0.254504	-0.339210	-0.348299	12.6020	12.7774	142.8030	143.8443
595.7263	0.257519	0.254784	-0.340106	-0.348471	12.6260	12.7871	142.8680	143.8277
595.2560	0.257420	0.255072	-0.340853	-0.348642	12.6430	12.7969	142.9390	143.8102
594.7857	0.257284	0.255365	-0.341588	-0.348811	12.6590	12.8067	143.0130	143.7921
594.3152	0.257200	0.255665	-0.342322	-0.348978	12.6760	12.8166	143.0810	143.7731
593.8447	0.257191	0.255961	-0.343157	-0.349146	12.6970	12.8265	143.1490	143.7546
593.3740	0.257160	0.256251	-0.343929	-0.349316	12.7160	12.8363	143.2140	143.7370
592.9032	0.257327	0.256541	-0.344866	-0.349486	12.7430	12.8461	143.2710	143.7194
592.4323	0.257496	0.256831	-0.345722	-0.349655	12.7680	12.8559	143.3210	143.7018
591.9613	0.257631	0.257122	-0.346761	-0.349824	12.7970	12.8657	143.3890	143.6840
591.4902	0.257756	0.257424	-0.347765	-0.349989	12.8250	12.8756	143.4550	143.6648
591.0190	0.258065	0.257726	-0.348946	-0.350154	12.8610	12.8855	143.5150	143.6456
590.5477	0.258122	0.257998	-0.349763	-0.350337	12.8830	12.8954	143.5730	143.6311
590.0763	0.258451	0.258268	-0.350926	-0.350521	12.9190	12.9052	143.6290	143.6167
589.6048	0.258436	0.258513	-0.351600	-0.350723	12.9360	12.9150	143.6830	143.6066
589.1331	0.258470	0.258753	-0.352354	-0.350929	12.9560	12.9248	143.7380	143.5972
588.6614	0.258527	0.259001	-0.352780	-0.351131	12.9680	12.9346	143.7650	143.5868
588.1896	0.258657	0.259253	-0.353462	-0.351332	12.9880	12.9446	143.8040	143.5759
587.7176	0.259028	0.259499	-0.354280	-0.351536	13.0160	12.9544	143.8280	143.5658
587.2455	0.259336	0.259740	-0.355026	-0.351740	13.0410	12.9642	143.8530	143.5562
586.7734	0.259656	0.259982	-0.355568	-0.351944	13.0610	12.9740	143.8610	143.5467
586.3011	0.260250	0.260224	-0.355755	-0.352149	13.0770	12.9839	143.8130	143.5370
585.8287	0.260702	0.260467	-0.355852	-0.352352	13.0880	12.9937	143.7730	143.5274
585.3563	0.261556	0.260710	-0.356079	-0.352556	13.1100	13.0035	143.7010	143.5176
584.8837	0.262425	0.260945	-0.356257	-0.352763	13.1310	13.0133	143.6240	143.5091
584.4109	0.263052	0.261153	-0.355677	-0.352983	13.1280	13.0228	143.5140	143.5042
583.9382	0.263822	0.261359	-0.355340	-0.353203	13.1340	13.0324	143.4080	143.4997
583.4652	0.264251	0.261546	-0.355451	-0.353432	13.1450	13.0418	143.3720	143.4978
582.9922	0.264698	0.261734	-0.355508	-0.353660	13.1550	13.0512	143.3300	143.4959
582.5191	0.265108	0.261921	-0.355514	-0.353887	13.1630	13.0606	143.2880	143.4939
582.0458	0.265469	0.262109	-0.355791	-0.354115	13.1770	13.0700	143.2720	143.4918
581.5725	0.266086	0.262308	-0.356190	-0.354339	13.1990	13.0795	143.2390	143.4883
581.0991	0.266366	0.262509	-0.356253	-0.354561	13.2060	13.0890	143.2150	143.4847
580.6255	0.266285	0.262701	-0.356119	-0.354787	13.2010	13.0985	143.2130	143.4821
580.1519	0.266565	0.262891	-0.356182	-0.355014	13.2080	13.1079	143.1890	143.4798
579.6780	0.266927	0.263114	-0.356380	-0.355236	13.2200	13.1179	143.1670	143.4736
579.2042	0.267089	0.263354	-0.356337	-0.355456	13.2220	13.1281	143.1470	143.4656
578.7302	0.267338	0.263643	-0.356541	-0.355669	13.2320	13.1390	143.1370	143.4519
578.2561	0.267557	0.263969	-0.356728	-0.355876	13.2410	13.1506	143.1290	143.4340
577.7819	0.267650	0.264290	-0.356697	-0.356085	13.2420	13.1620	143.1170	143.4168
577.3076	0.267869	0.264605	-0.356729	-0.356295	13.2470	13.1734	143.0970	143.4003
576.8332	0.268324	0.264920	-0.356933	-0.356505	13.2610	13.1848	143.0660	143.3838
576.3586	0.268418	0.265236	-0.356980	-0.356715	13.2640	13.1962	143.0600	143.3673
575.8840	0.268737	0.265555	-0.357248	-0.356923	13.2770	13.2077	143.0480	143.3504
575.4093	0.269006	0.265883	-0.357515	-0.357128	13.2890	13.2192	143.0410	143.3322
574.9344	0.269356	0.266210	-0.357681	-0.357334	13.3000	13.2307	143.0180	143.3143
574.4595	0.269618	0.266527	-0.357835	-0.357542	13.3090	13.2421	143.0030	143.2976
573.9844	0.269837	0.266845	-0.357943	-0.357750	13.3160	13.2535	142.9890	143.2808
573.5092	0.270063	0.267181	-0.358047	-0.357938	13.3230	13.2648	142.9740	143.2606
573.0339	0.270300	0.267518	-0.358180	-0.358126	13.3310	13.2761	142.9600	143.2405
572.5586	0.270519	0.267866	-0.358288	-0.358309	13.3380	13.2875	142.9460	143.2188
572.0831	0.270764	0.268215	-0.358456	-0.358492	13.3470	13.2988	142.9340	143.1971
571.6075	0.271064	0.268555	-0.358619	-0.358679	13.3570	13.3102	142.9160	143.1766
571.1318	0.271321	0.268893	-0.358894	-0.358865	13.3690	13.3214	142.9110	143.1563
570.6559	0.271603	0.269229	-0.359150	-0.359044	13.3810	13.3325	142.9020	143.1356
570.1801	0.271860	0.269565	-0.359385	-0.359219	13.3920	13.3434	142.8940	143.1147
569.7040	0.272004	0.269910	-0.359511	-0.359398	13.3980	13.3547	142.8890	143.0932
569.2278	0.272286	0.270261	-0.359844	-0.359579	13.4120	13.3661	142.8860	143.0713
568.7516	0.272525	0.270566	-0.360016	-0.359792	13.4210	13.3774	142.8750	143.0567
568.2753	0.272769	0.270827	-0.360221	-0.360036	13.4310	13.3887	142.8660	143.0487
567.7988	0.273001	0.271076	-0.360358	-0.360290	13.4390	13.4000	142.8530	143.0428
567.3222	0.273190	0.271305	-0.360488	-0.360558	13.4460	13.4113	142.8440	143.0400
566.8455	0.273447	0.271538	-0.360684	-0.360824	13.4560	13.4226	142.8330	143.0367
566.3687	0.273692	0.271780	-0.360889	-0.361087	13.4660	13.4341	142.8240	143.0322
565.8918	0.273873	0.272020	-0.361103	-0.361350	13.4750	13.4455	142.8220	143.0280
565.4149	0.274124	0.272251	-0.361342	-0.361617	13.4860	13.4568	142.8150	143.0249
564.9377	0.274287	0.272483	-0.361531	-0.361883	13.4940	13.4681	142.8130	143.0218
564.4605	0.274444	0.272715	-0.361646	-0.362149	13.5000	13.4794	142.8060	143.0185
563.9832	0.274564	0.272952	-0.361750	-0.362413	13.5050	13.4907	142.8020	143.0147
563.5057	0.274771	0.273294	-0.361905	-0.362634	13.5130	13.5030	142.7930	142.9970
563.0282	0.274978	0.273636	-0.362021	-0.362854	13.5200	13.5153	142.7810	142.9792
562.5505	0.275217	0.274029	-0.362230	-0.363053	13.5300	13.5280	142.7730	142.9548
562.0728	0.275380	0.274425	-0.362380	-0.363250	13.5370	13.5407	142.7680	142.9300
561.5948	0.275581	0.274821	-0.362539	-0.363446	13.5450	13.5535	142.7600	142.9051
561.1169	0.275814	0.275218	-0.362714	-0.363643	13.5540	13.5662	142.7500	142.8803
560.6388	0.276034	0.275623	-0.362898	-0.363835	13.5630	13.5791	142.7420	142.8543
560.1606	0.276229	0.276032	-0.363023	-0.364026	13.5700	13.5919	142.7320	142.8278
559.6823	0.276399	0.276434	-0.363127	-0.364220	13.5760	13.6047	142.7230	142.8024
559.2039	0.276606	0.276832	-0.363282	-0.364415	13.5840	13.6175	142.7140	142.7775
558.7253	0.276801	0.277160	-0.363406	-0.364638	13.5910	13.6296	142.7040	142.7617
558.2467	0.276958	0.277436	-0.363638	-0.364881	13.6000	13.6412	142.7060	142.7526
557.7679	0.277197	0.277659	-0.363847	-0.365145	13.6100	13.6523	142.6980	142.7503
557.2891	0.277442	0.277826	-0.364089	-0.365431	13.6210	13.6629	142.6920	142.7553
556.8102	0.277605	0.277989	-0.364238	-0.365719	13.6280	13.6735	142.6870	142.7609
556.3311	0.277813	0.278146	-0.364470	-0.366009	13.6380	13.6840	142.6840	142.7673
555.8519	0.277975	0.278307	-0.364697	-0.366298	13.6470	13.6946	142.6850	142.7731
555.3726	0.278190	0.278476	-0.364846	-0.366583	13.6550	13.7052	142.6750	142.7777
554.8932	0.278435	0.278644	-0.365048	-0.366869	13.6650	13.7158	142.6660	142.7826
554.4137	0.278630	0.278803	-0.365172	-0.367158	13.6720	13.7263	142.6560	142.7886
553.9341	0.278844	0.278989	-0.365399	-0.367439	13.6820	13.7372	142.6520	142.7914
553.4543	0.279051	0.279340	-0.365592	-0.367675	13.6910	13.7501	142.6460	142.7743
552.9745	0.279253	0.279703	-0.365711	-0.367907	13.6980	13.7632	142.6350	142.7559
552.4946	0.279398	0.280258	-0.365874	-0.368084	13.7050	13.7786	142.6330	142.7145
552.0145	0.279554	0.280813	-0.366066	-0.368261	13.7130	13.7940	142.6320	142.6731
551.5344	0.279730	0.281357	-0.366243	-0.368442	13.7210	13.8094	142.6280	142.6332
551.0541	0.279906	0.281901	-0.366420	-0.368623	13.7290	13.8247	142.6240	142.5934
550.5737	0.280082	0.282444	-0.366598	-0.368804	13.7370	13.8400	142.6200	142.5537
550.0933	0.280239	0.282988	-0.366790	-0.368984	13.7450	13.8553	142.6190	142.5140
549.6127	0.280416	0.283542	-0.366928	-0.369159	13.7520	13.8707	142.6120	142.4730
549.1320	0.280567	0.284098	-0.367046	-0.369334	13.7580	13.8862	142.6060	142.4319
548.6511	0.280718	0.284538	-0.367203	-0.369555	13.7650	13.9006	142.6030	142.4057
548.1702	0.280894	0.284933	-0.367341	-0.369795	13.7720	13.9145	142.5960	142.3852
547.6891	0.281108	0.285264	-0.367528	-0.370060	13.7810	13.9279	142.5890	142.3728
547.2080	0.281272	0.285561	-0.367715	-0.370339	13.7890	13.9409	142.5870	142.3650
546.7267	0.281460	0.285865	-0.367882	-0.370615	13.7970	13.9540	142.5810	142.3561
546.2454	0.281700	0.286175	-0.368049	-0.370889	13.8060	13.9672	142.5700	142.3465
545.7639	0.281921	0.286479	-0.368231	-0.371164	13.8150	13.9803	142.5620	142.3376
545.2823	0.282072	0.286778	-0.368388	-0.371441	13.8220	13.9933	142.5590	142.3294
544.8007	0.282255	0.287082	-0.368520	-0.371716	13.8290	14.0064	142.5510	142.3206
544.3188	0.282451	0.287394	-0.368643	-0.371988	13.8360	14.0196	142.5410	142.3107
543.8369	0.282589	0.287726	-0.368810	-0.372255	13.8430	14.0330	142.5400	142.2986
543.3549	0.282809	0.288098	-0.368991	-0.372515	13.8520	14.0471	142.5320	142.2821
542.8728	0.282910	0.288474	-0.369109	-0.372771	13.8570	14.0612	142.5310	142.2650
542.3905	0.283023	0.288861	-0.369256	-0.373015	13.8630	14.0751	142.5310	142.2460
541.9082	0.283231	0.289252	-0.369408	-0.373260	13.8710	14.0892	142.5220	142.2267
541.4257	0.283447	0.289656	-0.369515	-0.373510	13.8780	14.1036	142.5090	142.2065
540.9431	0.283757	0.290058	-0.369666	-0.373759	13.8880	14.1181	142.4900	142.1865
540.4604	0.283966	0.290450	-0.369778	-0.374013	13.8950	14.1324	142.4780	142.1678
539.9777	0.284239	0.290843	-0.369919	-0.374266	13.9040	14.1467	142.4620	142.1492
539.4948	0.284467	0.291233	-0.370055	-0.374518	13.9120	14.1610	142.4500	142.1306
539.0118	0.284727	0.291624	-0.370206	-0.374770	13.9210	14.1753	142.4360	142.1121
538.5286	0.284885	0.291868	-0.370318	-0.375066	13.9270	14.1878	142.4290	142.1107
538.0454	0.285081	0.292110	-0.370479	-0.375363	13.9350	14.2002	142.4220	142.1097
537.5621	0.285309	0.292352	-0.370615	-0.375659	13.9430	14.2127	142.4100	142.1086
537.0786	0.285556	0.292595	-0.370775	-0.375955	13.9520	14.2252	142.3980	142.1074
536.5950	0.285759	0.292849	-0.370891	-0.376247	13.9590	14.2378	142.3870	142.1048
536.1114	0.285929	0.293106	-0.371032	-0.376537	13.9660	14.2504	142.3810	142.1019
535.6276	0.286163	0.293354	-0.371241	-0.376830	13.9760	14.2629	142.3740	142.1000
535.1437	0.286315	0.293599	-0.371358	-0.377124	13.9820	14.2754	142.3680	142.0985
534.6597	0.286498	0.293863	-0.371489	-0.377429	13.9890	14.2885	142.3600	142.0960
534.1756	0.286746	0.294135	-0.371649	-0.377738	13.9980	14.3019	142.3480	142.0930
533.6913	0.286981	0.294412	-0.371739	-0.378069	14.0050	14.3160	142.3320	142.0912
533.2070	0.287273	0.294691	-0.371903	-0.378413	14.0150	14.3304	142.3160	142.0901
532.7226	0.287468	0.294971	-0.372142	-0.378756	14.0250	14.3449	142.3150	142.0889
532.2380	0.287697	0.295252	-0.372277	-0.379099	14.0330	14.3593	142.3030	142.0876
531.7534	0.287937	0.295539	-0.372480	-0.379438	14.0430	14.3739	142.2950	142.0854
531.2686	0.288146	0.295834	-0.372669	-0.379775	14.0520	14.3885	142.2890	142.0824
530.7837	0.288456	0.296124	-0.372896	-0.380113	14.0640	14.4030	142.2760	142.0799
530.2987	0.288768	0.296407	-0.373083	-0.380453	14.0750	14.4175	142.2600	142.0782
529.8136	0.289034	0.296788	-0.373266	-0.380754	14.0850	14.4329	142.2480	142.0646
529.3284	0.289294	0.297324	-0.373454	-0.380994	14.0950	14.4499	142.2370	142.0319
528.8430	0.289504	0.297865	-0.373603	-0.381232	14.1030	14.4669	142.2280	141.9987
528.3576	0.289782	0.298415	-0.373854	-0.381465	14.1150	14.4840	142.2200	141.9644
527.8720	0.290087	0.298969	-0.374046	-0.381697	14.1260	14.5012	142.2050	141.9297
527.3864	0.290328	0.299532	-0.374248	-0.381923	14.1360	14.5184	142.1970	141.8939
526.9006	0.290664	0.300093	-0.374493	-0.382151	14.1490	14.5356	142.1830	141.8584
526.4147	0.290898	0.300644	-0.374739	-0.382382	14.1600	14.5527	142.1790	141.8241
525.9287	0.291202	0.301186	-0.374970	-0.382616	14.1720	14.5698	142.1670	141.7910
525.4426	0.291513	0.301677	-0.375234	-0.382874	14.1850	14.5864	142.1570	141.7645
524.9564	0.291838	0.302160	-0.375409	-0.383135	14.1960	14.6029	142.1390	141.7388
524.4700	0.292130	0.302573	-0.375649	-0.383427	14.2080	14.6188	142.1290	141.7220
523.9836	0.292517	0.302986	-0.375931	-0.383719	14.2230	14.6348	142.1130	141.7053
523.4971	0.292853	0.303387	-0.376214	-0.384016	14.2370	14.6506	142.1020	141.6900
523.0104	0.293177	0.303788	-0.376467	-0.384313	14.2500	14.6664	142.0900	141.6746
522.5236	0.293442	0.304203	-0.376766	-0.384603	14.2630	14.6823	142.0870	141.6577
522.0367	0.293771	0.304618	-0.377093	-0.384892	14.2780	14.6982	142.0800	141.6406
521.5497	0.293997	0.305021	-0.377384	-0.385186	14.2900	14.7141	142.0800	141.6250
521.0626	0.294205	0.305424	-0.377610	-0.385480	14.3000	14.7299	142.0770	141.6094
520.5754	0.294540	0.305863	-0.377932	-0.385776	14.3150	14.7465	142.0690	141.5908
520.0881	0.294921	0.306307	-0.378256	-0.386071	14.3310	14.7632	142.0570	141.5717
519.6006	0.295249	0.306743	-0.378583	-0.386372	14.3460	14.7799	142.0500	141.5537
519.1131	0.295520	0.307178	-0.378915	-0.386673	14.3600	14.7965	142.0490	141.5359
518.6254	0.295820	0.307623	-0.379341	-0.386969	14.3770	14.8133	142.0520	141.5168
518.1377	0.296110	0.308072	-0.379658	-0.387263	14.3910	14.8301	142.0480	141.4973
517.6498	0.296446	0.308509	-0.379939	-0.387551	14.4050	14.8465	142.0370	141.4786
517.1618	0.296634	0.308942	-0.380180	-0.387837	14.4150	14.8628	142.0370	141.4601
516.6737	0.296885	0.309342	-0.380488	-0.388151	14.4280	14.8791	142.0360	141.4465
516.1855	0.297208	0.309726	-0.380779	-0.388478	14.4420	14.8954	142.0270	141.4353
515.6971	0.297493	0.310098	-0.381061	-0.388814	14.4550	14.9118	142.0210	141.4259
515.2087	0.297763	0.310462	-0.381393	-0.389154	14.4690	14.9280	142.0200	141.4176
514.7202	0.298051	0.310819	-0.381749	-0.389497	14.4840	14.9442	142.0190	141.4101
514.2314	0.298326	0.311171	-0.382115	-0.389842	14.4990	14.9604	142.0200	141.4032
513.7427	0.298580	0.311531	-0.382344	-0.390183	14.5100	14.9766	142.0130	141.3953
513.2538	0.298971	0.311897	-0.382735	-0.390520	14.5280	14.9929	142.0050	141.3866
512.7648	0.299254	0.312299	-0.383056	-0.390848	14.5420	15.0097	142.0020	141.3741
512.2757	0.299500	0.312738	-0.383328	-0.391165	14.5540	15.0270	141.9990	141.3576
511.7864	0.299925	0.313270	-0.383693	-0.391456	14.5720	15.0455	141.9860	141.3308
511.2971	0.300298	0.313922	-0.384059	-0.391710	14.5890	15.0655	141.9780	141.2908
510.8076	0.300627	0.314568	-0.384343	-0.391966	14.6030	15.0855	141.9680	141.2516
510.3181	0.300900	0.315206	-0.384594	-0.392225	14.6150	15.1055	141.9610	141.2134
509.8284	0.301228	0.315849	-0.384724	-0.392481	14.6250	15.1254	141.9400	141.1746
509.3386	0.301450	0.316501	-0.384937	-0.392732	14.6350	15.1455	141.9350	141.1349
508.8488	0.301832	0.317135	-0.385218	-0.392991	14.6500	15.1654	141.9200	141.0972
508.3587	0.302201	0.317733	-0.385508	-0.393266	14.6650	15.1850	141.9070	141.0641
507.8686	0.302531	0.318235	-0.385791	-0.393584	14.6790	15.2037	141.8970	141.0425
507.3784	0.302941	0.318477	-0.386049	-0.394023	14.6940	15.2201	141.8780	141.0524
506.8880	0.303224	0.318717	-0.386175	-0.394462	14.7030	15.2364	141.8610	141.0625
506.3976	0.303563	0.318947	-0.386412	-0.394905	14.7160	15.2527	141.8470	141.0737
505.9070	0.303802	0.319181	-0.386494	-0.395346	14.7230	15.2690	141.8310	141.0845
505.4163	0.304176	0.319427	-0.386858	-0.395781	14.7400	15.2854	141.8230	141.0937
504.9255	0.304532	0.319672	-0.387158	-0.396217	14.7550	15.3018	141.8120	141.1030
504.4346	0.304952	0.319906	-0.387484	-0.396657	14.7720	15.3181	141.7970	141.1136
503.9436	0.305181	0.320178	-0.387690	-0.397081	14.7820	15.3347	141.7910	141.1198
503.4525	0.305439	0.320730	-0.387796	-0.397390	14.7900	15.3543	141.7750	141.0933
502.9612	0.305780	0.321281	-0.387991	-0.397699	14.8020	15.3739	141.7580	141.0670
502.4698	0.306173	0.321820	-0.388184	-0.398013	14.8150	15.3933	141.7360	141.0422
501.9784	0.306554	0.322359	-0.388346	-0.398326	14.8270	15.4127	141.7130	141.0173
501.4868	0.306829	0.322913	-0.388555	-0.398632	14.8380	15.4323	141.7030	140.9907
500.9951	0.307110	0.323466	-0.388758	-0.398937	14.8490	15.4518	141.6920	140.9642
500.5033	0.307438	0.324006	-0.388963	-0.399247	14.8610	15.4712	141.6770	140.9392
500.0114	0.307764	0.324546	-0.389207	-0.399557	14.8740	15.4906	141.6650	140.9142
499.5193	0.308112	0.324963	-0.389396	-0.399937	14.8860	15.5093	141.6470	140.9049
499.0272	0.308446	0.325376	-0.389595	-0.400317	14.8980	15.5279	141.6310	140.8959
498.5349	0.308750	0.325763	-0.389741	-0.400711	14.9080	15.5462	141.6140	140.8902
498.0426	0.309065	0.326148	-0.389915	-0.401104	14.9190	15.5646	141.5980	140.8845
497.5501	0.309448	0.326548	-0.390076	-0.401491	14.9310	15.5831	141.5750	140.8773
497.0575	0.309852	0.326949	-0.390334	-0.401876	14.9460	15.6015	141.5570	140.8697
496.5648	0.310283	0.327338	-0.390611	-0.402266	14.9620	15.6199	141.5380	140.8636
496.0720	0.310659	0.327726	-0.390776	-0.402656	14.9740	15.6382	141.5160	140.8575
495.5790	0.311002	0.328207	-0.390927	-0.403041	14.9850	15.6585	141.4960	140.8431
495.0860	0.311459	0.328705	-0.391067	-0.403424	14.9980	15.6790	141.4650	140.8273
494.5928	0.311903	0.329197	-0.391176	-0.403802	15.0100	15.6992	141.4330	140.8116
494.0995	0.312398	0.329688	-0.391362	-0.404177	15.0250	15.7194	141.4020	140.7958
493.6062	0.312796	0.330193	-0.391469	-0.404556	15.0360	15.7400	141.3740	140.7791
493.1127	0.313192	0.330704	-0.391655	-0.404935	15.0490	15.7607	141.3520	140.7621
492.6190	0.313599	0.331204	-0.391870	-0.405319	15.0630	15.7813	141.3310	140.7463
492.1253	0.314113	0.331700	-0.392078	-0.405702	15.0790	15.8019	141.3000	140.7307
491.6315	0.314564	0.332176	-0.392219	-0.406109	15.0920	15.8226	141.2700	140.7187
491.1375	0.314974	0.332644	-0.392393	-0.406523	15.1050	15.8434	141.2460	140.7077
490.6435	0.315483	0.333103	-0.392564	-0.406940	15.1200	15.8640	141.2130	140.6978
490.1493	0.315847	0.333558	-0.392736	-0.407358	15.1320	15.8846	141.1930	140.6883
489.6550	0.316285	0.334024	-0.392887	-0.407770	15.1450	15.9053	141.1650	140.6775
489.1606	0.316753	0.334495	-0.393090	-0.408179	15.1600	15.9260	141.1380	140.6661
488.6661	0.317244	0.334960	-0.393236	-0.408591	15.1740	15.9467	141.1050	140.6554
488.1714	0.317868	0.335423	-0.393545	-0.409004	15.1950	15.9674	141.0720	140.6450
487.6767	0.318326	0.335927	-0.393717	-0.409410	15.2090	15.9888	141.0440	140.6306
487.1818	0.318852	0.336453	-0.393988	-0.409811	15.2270	16.0106	141.0170	140.6141
486.6869	0.319361	0.336980	-0.394195	-0.410211	15.2430	16.0323	140.9870	140.5976
486.1918	0.319809	0.337508	-0.394452	-0.410610	15.2590	16.0541	140.9660	140.5809
485.6966	0.320255	0.338027	-0.394594	-0.411011	15.2720	16.0757	140.9370	140.5652
485.2013	0.320854	0.338540	-0.394881	-0.411414	15.2920	16.0973	140.9050	140.5501
484.7058	0.321306	0.339096	-0.395056	-0.411808	15.3060	16.1195	140.8780	140.5309
484.2103	0.321755	0.339681	-0.395271	-0.412195	15.3210	16.1422	140.8540	140.5088
483.7146	0.322330	0.340333	-0.395539	-0.412575	15.3400	16.1662	140.8230	140.4808
483.2189	0.322832	0.341033	-0.395788	-0.412950	15.3570	16.1912	140.7970	140.4485
482.7230	0.323325	0.341742	-0.396083	-0.413320	15.3750	16.2161	140.7750	140.4153
482.2270	0.323777	0.342457	-0.396255	-0.413685	15.3890	16.2412	140.7480	140.3814
481.7309	0.324290	0.343164	-0.396417	-0.414053	15.4040	16.2661	140.7150	140.3483
481.2346	0.324731	0.343864	-0.396560	-0.414423	15.4170	16.2910	140.6870	140.3161
480.7383	0.325229	0.344455	-0.396772	-0.414835	15.4330	16.3146	140.6590	140.2957
480.2419	0.325758	0.344950	-0.397036	-0.415286	15.4510	16.3372	140.6320	140.2859
479.7453	0.326247	0.345371	-0.397293	-0.415767	15.4680	16.3589	140.6080	140.2841
479.2486	0.326631	0.345721	-0.397520	-0.416275	15.4820	16.3799	140.5910	140.2900
478.7518	0.326984	0.346064	-0.397694	-0.416786	15.4940	16.4007	140.5730	140.2966
478.2549	0.327475	0.346401	-0.397910	-0.417299	15.5100	16.4215	140.5460	140.3038
477.7579	0.327910	0.346747	-0.398056	-0.417807	15.5230	16.4424	140.5190	140.3100
477.2608	0.328331	0.347101	-0.398212	-0.418310	15.5360	16.4633	140.4940	140.3152
476.7635	0.328709	0.347802	-0.398444	-0.418671	15.5500	16.4881	140.4780	140.2826
476.2662	0.329178	0.348884	-0.398715	-0.418875	15.5670	16.5171	140.4570	140.2089
475.7687	0.329681	0.350010	-0.398997	-0.419059	15.5850	16.5466	140.4340	140.1304
475.2711	0.330103	0.351187	-0.399268	-0.419221	15.6010	16.5766	140.4170	140.0467
474.7734	0.330537	0.352353	-0.399451	-0.419379	15.6150	16.6064	140.3930	139.9638
474.2756	0.331009	0.353507	-0.399681	-0.419533	15.6310	16.6359	140.3690	139.8818
473.7776	0.331374	0.354606	-0.399766	-0.419724	15.6410	16.6652	140.3440	139.8070
473.2796	0.331779	0.355637	-0.399856	-0.419959	15.6520	16.6942	140.3160	139.7409
472.7814	0.332213	0.356420	-0.400039	-0.420328	15.6660	16.7213	140.2920	139.7035
472.2831	0.332512	0.356889	-0.400100	-0.420868	15.6740	16.7458	140.2710	139.7026
471.7848	0.332807	0.357352	-0.400242	-0.421409	15.6840	16.7703	140.2560	139.7023
471.2863	0.333330	0.357807	-0.400544	-0.421952	15.7030	16.7946	140.2330	139.7027
470.7876	0.333646	0.358269	-0.400668	-0.422491	15.7130	16.8191	140.2150	139.7023
470.2889	0.333973	0.358741	-0.400861	-0.423024	15.7250	16.8435	140.2010	139.7007
469.7900	0.334286	0.359302	-0.401066	-0.423516	15.7370	16.8690	140.1890	139.6894
469.2911	0.334611	0.359985	-0.401299	-0.423953	15.7500	16.8957	140.1780	139.6649
468.7920	0.334975	0.360720	-0.401692	-0.424366	15.7680	16.9230	140.1750	139.6348
468.2928	0.335419	0.361527	-0.402097	-0.424747	15.7880	16.9510	140.1660	139.5969
467.7935	0.335708	0.362340	-0.402358	-0.425123	15.8010	16.9791	140.1600	139.5584
467.2941	0.336041	0.363162	-0.402700	-0.425493	15.8170	17.0072	140.1560	139.5189
466.7945	0.336370	0.363960	-0.403122	-0.425874	15.8350	17.0352	140.1580	139.4822
466.2949	0.336646	0.364724	-0.403511	-0.426273	15.8510	17.0628	140.1620	139.4493
465.7951	0.336944	0.365345	-0.403882	-0.426757	15.8670	17.0895	140.1630	139.4333
465.2952	0.337115	0.365758	-0.404202	-0.427364	15.8790	17.1148	140.1710	139.4415
464.7952	0.337378	0.366172	-0.404718	-0.427968	15.8980	17.1401	140.1850	139.4495
464.2951	0.337542	0.366587	-0.405044	-0.428571	15.9100	17.1653	140.1940	139.4572
463.7949	0.337744	0.366997	-0.405301	-0.429174	15.9210	17.1905	140.1950	139.4654
463.2946	0.337834	0.367399	-0.405495	-0.429781	15.9280	17.2155	140.2010	139.4744
462.7941	0.338088	0.367820	-0.405786	-0.430377	15.9410	17.2408	140.2000	139.4812
462.2935	0.338368	0.368269	-0.406092	-0.430959	15.9550	17.2663	140.1980	139.4850
461.7928	0.338536	0.368727	-0.406338	-0.431536	15.9650	17.2919	140.2010	139.4877
461.2921	0.338702	0.369196	-0.406739	-0.432106	15.9790	17.3176	140.2150	139.4891
460.7911	0.338963	0.369660	-0.407139	-0.432678	15.9950	17.3433	140.2210	139.4909
460.2901	0.339299	0.370116	-0.407514	-0.433252	16.0120	17.3688	140.2190	139.4936
459.7889	0.339606	0.370584	-0.407912	-0.433824	16.0290	17.3946	140.2210	139.4951
459.2877	0.339807	0.371070	-0.408284	-0.434391	16.0430	17.4206	140.2300	139.4951
458.7863	0.340126	0.371576	-0.408711	-0.434967	16.0610	17.4474	140.2330	139.4939
458.2848	0.340400	0.372111	-0.409098	-0.435552	16.0770	17.4751	140.2370	139.4913
457.7832	0.340584	0.372640	-0.409406	-0.436139	16.0890	17.5027	140.2430	139.4892
457.2815	0.340834	0.373160	-0.409736	-0.436729	16.1030	17.5302	140.2450	139.4880
456.7796	0.341041	0.373688	-0.410217	-0.437313	16.1200	17.5577	140.2610	139.4858
456.2777	0.341341	0.374226	-0.410812	-0.437890	16.1420	17.5853	140.2770	139.4824
455.7756	0.341571	0.374775	-0.411235	-0.438471	16.1580	17.6133	140.2870	139.4785
455.2734	0.341901	0.375337	-0.411881	-0.439058	16.1820	17.6418	140.3040	139.4739
454.7711	0.342255	0.375898	-0.412468	-0.439655	16.2050	17.6706	140.3150	139.4701
454.2687	0.342627	0.376458	-0.413078	-0.440267	16.2290	17.6997	140.3260	139.4673
453.7662	0.343052	0.377026	-0.413605	-0.440872	16.2520	17.7288	140.3270	139.4635
453.2635	0.343496	0.377603	-0.414155	-0.441471	16.2760	17.7580	140.3280	139.4586
452.7608	0.343954	0.378267	-0.414692	-0.442041	16.3000	17.7885	140.3270	139.4455
452.2579	0.344412	0.379025	-0.415229	-0.442580	16.3240	17.8203	140.3260	139.4233
451.7549	0.344888	0.379863	-0.415789	-0.443094	16.3490	17.8532	140.3250	139.3937
451.2518	0.345378	0.380783	-0.416336	-0.443582	16.3740	17.8875	140.3220	139.3563
450.7485	0.345888	0.381710	-0.416905	-0.444064	16.4000	17.9217	140.3190	139.3181
450.2452	0.346404	0.382645	-0.417468	-0.444539	16.4260	17.9560	140.3150	139.2792
449.7417	0.346946	0.383540	-0.418046	-0.445034	16.4530	17.9900	140.3100	139.2446
449.2382	0.347495	0.384395	-0.418619	-0.445549	16.4800	18.0236	140.3040	139.2142
448.7345	0.348062	0.385088	-0.419213	-0.446155	16.5080	18.0559	140.2980	139.2016
448.2307	0.348637	0.385636	-0.419801	-0.446841	16.5360	18.0870	140.2910	139.2049
447.7267	0.349237	0.386175	-0.420404	-0.447529	16.5650	18.1180	140.2830	139.2089
447.2227	0.349838	0.386708	-0.421007	-0.448218	16.5940	18.1489	140.2750	139.2134
446.7186	0.350464	0.387251	-0.421626	-0.448899	16.6240	18.1798	140.2660	139.2168
446.2143	0.351097	0.387801	-0.422238	-0.449574	16.6540	18.2108	140.2560	139.2190
445.7099	0.351756	0.388555	-0.422866	-0.450155	16.6850	18.2440	140.2450	139.2006
445.2054	0.352415	0.389458	-0.423493	-0.450665	16.7160	18.2788	140.2340	139.1670
444.7008	0.353081	0.390349	-0.424113	-0.451179	16.7470	18.3135	140.2220	139.1344
444.1960	0.353774	0.391234	-0.424748	-0.451694	16.7790	18.3481	140.2090	139.1026
443.6912	0.354492	0.392127	-0.425399	-0.452200	16.8120	18.3827	140.1950	139.0697
443.1862	0.355210	0.393027	-0.426048	-0.452701	16.8450	18.4173	140.1810	139.0361
442.6812	0.355953	0.393849	-0.426713	-0.453280	16.8790	18.4523	140.1660	139.0130
442.1759	0.356697	0.394627	-0.427378	-0.453904	16.9130	18.4874	140.1510	138.9961
441.6706	0.357448	0.395385	-0.428034	-0.454546	16.9470	18.5226	140.1350	138.9817
441.1652	0.358225	0.396133	-0.428706	-0.455195	16.9820	18.5579	140.1180	138.9687
440.6596	0.359028	0.396869	-0.429393	-0.455848	17.0180	18.5929	140.1000	138.9567
440.1540	0.359831	0.397599	-0.430078	-0.456501	17.0540	18.6279	140.0820	138.9451
