# ========================================================
# RESULTADOS DE AJUSTE ELIPSOMÉTRICO (AUTORANGE + TMM)
# ========================================================
# Archivo de origen: TiO2-RTP-oxigeno.T1.txt
# Espesores óptimos (nm): [np.float64(42.89494263263741)]
# Error mínimo (Chi2 Red / MSE): 6.133548e-04
# Parámetros de dispersión optimizados:
#   Capa 'TiO2_oxigeno_T1': {'model': 'cauchy', 'A': 1.2226657229760198, 'B': 43.11496217535366, 'C': -27.608317363601472}
# ========================================================
# Wavelength_nm	Is_exp	Is_fit	Ic_exp	Ic_fit	Psi_exp_deg	Psi_fit_deg	Delta_exp_deg	Delta_fit_deg
829.9594	0.529429	0.564831	-0.093000	-0.072710	16.2580	17.3574	99.9630	97.3353
829.5408	0.528153	0.565062	-0.092434	-0.072406	16.2120	17.3640	99.9270	97.3020
829.1221	0.529094	0.565292	-0.091143	-0.072101	16.2360	17.3706	99.7740	97.2686
828.7034	0.529296	0.565522	-0.091187	-0.071795	16.2430	17.3772	99.7750	97.2352
828.2845	0.528876	0.565752	-0.089975	-0.071489	16.2220	17.3839	99.6550	97.2017
827.8656	0.527970	0.565982	-0.089679	-0.071181	16.1900	17.3905	99.6400	97.1682
827.4465	0.528293	0.566212	-0.089003	-0.070874	16.1970	17.3971	99.5630	97.1347
827.0275	0.530551	0.566441	-0.088003	-0.070565	16.2670	17.4037	99.4180	97.1011
826.6082	0.532388	0.566665	-0.088069	-0.070284	16.3290	17.4102	99.3930	97.0703
826.1889	0.532155	0.566888	-0.086953	-0.070004	16.3150	17.4168	99.2800	97.0397
825.7695	0.533769	0.567109	-0.086729	-0.069735	16.3680	17.4233	99.2290	97.0102
825.3500	0.534947	0.567328	-0.085876	-0.069474	16.4030	17.4297	99.1200	96.9816
824.9305	0.532683	0.567546	-0.084969	-0.069212	16.3220	17.4362	99.0630	96.9529
824.5108	0.530272	0.567765	-0.084025	-0.068949	16.2360	17.4427	99.0040	96.9241
824.0911	0.529348	0.567983	-0.082884	-0.068686	16.1990	17.4491	98.8990	96.8953
823.6713	0.529868	0.568202	-0.082416	-0.068423	16.2140	17.4556	98.8410	96.8665
823.2513	0.531416	0.568420	-0.082040	-0.068158	16.2640	17.4621	98.7760	96.8376
822.8313	0.531049	0.568639	-0.081717	-0.067893	16.2500	17.4686	98.7480	96.8086
822.4112	0.532305	0.568857	-0.081682	-0.067627	16.2920	17.4751	98.7240	96.7796
821.9910	0.532750	0.569076	-0.081884	-0.067360	16.3080	17.4815	98.7380	96.7506
821.5707	0.531516	0.569294	-0.081390	-0.067093	16.2640	17.4880	98.7060	96.7215
821.1503	0.530532	0.569512	-0.081012	-0.066825	16.2290	17.4945	98.6820	96.6923
820.7299	0.531189	0.569731	-0.080610	-0.066556	16.2490	17.5010	98.6290	96.6631
820.3093	0.531642	0.569949	-0.080565	-0.066287	16.2640	17.5075	98.6170	96.6339
819.8886	0.531939	0.570167	-0.080173	-0.066017	16.2720	17.5140	98.5710	96.6046
819.4679	0.532869	0.570385	-0.079923	-0.065746	16.3020	17.5205	98.5300	96.5752
819.0471	0.533955	0.570603	-0.080019	-0.065474	16.3390	17.5270	98.5230	96.5458
818.6262	0.534273	0.570821	-0.079676	-0.065202	16.3480	17.5335	98.4820	96.5164
818.2051	0.533872	0.571039	-0.078978	-0.064929	16.3310	17.5400	98.4150	96.4869
817.7841	0.534554	0.571257	-0.078583	-0.064656	16.3520	17.5465	98.3630	96.4573
817.3629	0.533971	0.571475	-0.078507	-0.064381	16.3320	17.5530	98.3640	96.4277
816.9416	0.535695	0.571693	-0.078694	-0.064106	16.3910	17.5595	98.3570	96.3981
816.5202	0.536370	0.571911	-0.078334	-0.063830	16.4120	17.5660	98.3090	96.3684
816.0988	0.537416	0.572128	-0.078276	-0.063554	16.4470	17.5725	98.2870	96.3386
815.6772	0.538606	0.572356	-0.077825	-0.063258	16.4850	17.5793	98.2220	96.3069
815.2556	0.538331	0.572587	-0.077479	-0.062957	16.4740	17.5862	98.1900	96.2746
814.8338	0.539200	0.572820	-0.077402	-0.062651	16.5030	17.5931	98.1690	96.2418
814.4120	0.540399	0.573057	-0.077074	-0.062338	16.5420	17.6002	98.1170	96.2083
813.9901	0.540902	0.573293	-0.077280	-0.062024	16.5600	17.6072	98.1310	96.1748
813.5681	0.541350	0.573530	-0.077238	-0.061710	16.5750	17.6143	98.1200	96.1412
813.1460	0.540926	0.573766	-0.076484	-0.061394	16.5570	17.6213	98.0480	96.1076
812.7238	0.540869	0.574002	-0.076264	-0.061078	16.5540	17.6284	98.0260	96.0739
812.3015	0.542162	0.574238	-0.075878	-0.060762	16.5960	17.6355	97.9670	96.0401
811.8792	0.541169	0.574474	-0.075806	-0.060444	16.5620	17.6425	97.9740	96.0064
811.4567	0.541538	0.574709	-0.075491	-0.060126	16.5730	17.6496	97.9360	95.9725
811.0341	0.541861	0.574945	-0.075074	-0.059806	16.5820	17.6567	97.8880	95.9386
810.6115	0.542026	0.575180	-0.075376	-0.059487	16.5890	17.6637	97.9170	95.9047
810.1888	0.541980	0.575416	-0.074859	-0.059166	16.5850	17.6708	97.8640	95.8707
809.7659	0.542585	0.575651	-0.074315	-0.058844	16.6030	17.6778	97.7990	95.8366
809.3430	0.543019	0.575886	-0.073728	-0.058522	16.6150	17.6849	97.7320	95.8025
808.9200	0.543540	0.576121	-0.072920	-0.058199	16.6290	17.6920	97.6410	95.7684
808.4969	0.544014	0.576356	-0.072239	-0.057875	16.6420	17.6990	97.5640	95.7342
808.0737	0.544291	0.576590	-0.071706	-0.057551	16.6490	17.7061	97.5050	95.6999
807.6505	0.544371	0.576825	-0.071542	-0.057225	16.6510	17.7132	97.4870	95.6656
807.2271	0.544276	0.577059	-0.071143	-0.056899	16.6460	17.7203	97.4470	95.6313
806.8036	0.544970	0.577293	-0.070334	-0.056572	16.6660	17.7273	97.3540	95.5969
806.3801	0.545650	0.577527	-0.069841	-0.056244	16.6870	17.7344	97.2940	95.5624
805.9564	0.546287	0.577761	-0.069225	-0.055916	16.7060	17.7415	97.2220	95.5279
805.5327	0.546876	0.577997	-0.068514	-0.055587	16.7230	17.7486	97.1410	95.4934
805.1089	0.547464	0.578232	-0.067793	-0.055258	16.7400	17.7558	97.0590	95.4588
804.6850	0.548066	0.578481	-0.067430	-0.054933	16.7590	17.7634	97.0140	95.4246
804.2610	0.548253	0.578733	-0.066861	-0.054610	16.7630	17.7712	96.9530	95.3905
803.8369	0.548691	0.578985	-0.066399	-0.054285	16.7760	17.7789	96.9000	95.3564
803.4127	0.549297	0.579237	-0.065986	-0.053960	16.7950	17.7867	96.8500	95.3221
802.9884	0.549629	0.579489	-0.065656	-0.053634	16.8050	17.7945	96.8120	95.2879
802.5640	0.550054	0.579741	-0.065288	-0.053307	16.8180	17.8023	96.7690	95.2535
802.1396	0.550118	0.579993	-0.064741	-0.052979	16.8180	17.8100	96.7120	95.2192
801.7150	0.550283	0.580244	-0.064585	-0.052651	16.8230	17.8178	96.6940	95.1847
801.2903	0.550876	0.580496	-0.064011	-0.052321	16.8410	17.8256	96.6280	95.1502
800.8657	0.551007	0.580747	-0.063890	-0.051991	16.8450	17.8334	96.6140	95.1157
800.4408	0.550870	0.580998	-0.063309	-0.051660	16.8380	17.8411	96.5560	95.0811
800.0159	0.551063	0.581249	-0.063156	-0.051327	16.8440	17.8489	96.5380	95.0464
799.5909	0.551411	0.581499	-0.062406	-0.050995	16.8530	17.8567	96.4570	95.0117
799.1658	0.551764	0.581750	-0.062134	-0.050661	16.8640	17.8645	96.4250	94.9770
798.7406	0.552280	0.582000	-0.061431	-0.050326	16.8790	17.8723	96.3470	94.9421
798.3153	0.552865	0.582251	-0.061164	-0.049991	16.8980	17.8800	96.3130	94.9072
797.8899	0.553670	0.582501	-0.060471	-0.049654	16.9230	17.8878	96.2330	94.8723
797.4644	0.553854	0.582750	-0.060119	-0.049317	16.9280	17.8956	96.1950	94.8373
797.0389	0.554494	0.583000	-0.059591	-0.048979	16.9480	17.9034	96.1340	94.8022
796.6132	0.554973	0.583250	-0.058927	-0.048640	16.9620	17.9112	96.0610	94.7671
796.1875	0.555064	0.583499	-0.058340	-0.048300	16.9630	17.9190	96.0000	94.7319
795.7617	0.555502	0.583748	-0.057778	-0.047959	16.9760	17.9267	95.9380	94.6967
795.3357	0.556028	0.583997	-0.057185	-0.047617	16.9920	17.9345	95.8720	94.6614
794.9097	0.556585	0.584244	-0.056575	-0.047275	17.0090	17.9423	95.8040	94.6261
794.4836	0.556958	0.584484	-0.055759	-0.046933	17.0190	17.9497	95.7170	94.5909
794.0574	0.557235	0.584723	-0.055610	-0.046590	17.0280	17.9572	95.6990	94.5557
793.6310	0.557720	0.584961	-0.055117	-0.046247	17.0430	17.9646	95.6440	94.5204
793.2047	0.558164	0.585198	-0.054433	-0.045902	17.0560	17.9720	95.5700	94.4850
792.7782	0.558266	0.585434	-0.053991	-0.045557	17.0580	17.9794	95.5240	94.4497
792.3516	0.558501	0.585671	-0.053659	-0.045211	17.0650	17.9868	95.4880	94.4142
791.9249	0.558393	0.585907	-0.053266	-0.044864	17.0600	17.9942	95.4490	94.3787
791.4982	0.558965	0.586144	-0.052749	-0.044516	17.0780	18.0016	95.3910	94.3431
791.0714	0.559167	0.586380	-0.052453	-0.044167	17.0840	18.0090	95.3590	94.3075
790.6444	0.559517	0.586616	-0.052112	-0.043818	17.0950	18.0165	95.3210	94.2718
790.2173	0.559732	0.586851	-0.051678	-0.043467	17.1010	18.0239	95.2750	94.2361
789.7902	0.560218	0.587087	-0.051112	-0.043116	17.1160	18.0313	95.2130	94.2003
789.3630	0.560487	0.587322	-0.050703	-0.042763	17.1240	18.0387	95.1690	94.1644
788.9357	0.560940	0.587557	-0.050497	-0.042410	17.1390	18.0461	95.1440	94.1285
788.5083	0.561008	0.587792	-0.050069	-0.042056	17.1400	18.0535	95.1000	94.0925
788.0807	0.561081	0.588026	-0.049897	-0.041701	17.1420	18.0609	95.0820	94.0564
787.6532	0.561467	0.588261	-0.049458	-0.041345	17.1540	18.0683	95.0340	94.0203
787.2255	0.561494	0.588495	-0.049154	-0.040988	17.1540	18.0757	95.0030	93.9842
786.7977	0.561500	0.588729	-0.048414	-0.040630	17.1520	18.0831	94.9280	93.9479
786.3699	0.561767	0.588963	-0.048002	-0.040272	17.1600	18.0905	94.8840	93.9117
785.9419	0.562135	0.589196	-0.047757	-0.039912	17.1720	18.0979	94.8560	93.8753
785.5139	0.562402	0.589430	-0.047345	-0.039552	17.1800	18.1053	94.8120	93.8389
785.0857	0.562707	0.589663	-0.046807	-0.039190	17.1890	18.1127	94.7550	93.8024
784.6575	0.563137	0.589904	-0.046150	-0.038829	17.2020	18.1204	94.6850	93.7659
784.2291	0.563276	0.590146	-0.045864	-0.038466	17.2060	18.1282	94.6550	93.7293
783.8007	0.563377	0.590391	-0.045328	-0.038102	17.2080	18.1360	94.6000	93.6926
783.3722	0.563559	0.590637	-0.044858	-0.037738	17.2130	18.1439	94.5510	93.6559
782.9435	0.564124	0.590883	-0.044289	-0.037373	17.2310	18.1518	94.4890	93.6191
782.5148	0.564462	0.591129	-0.044018	-0.037007	17.2420	18.1597	94.4590	93.5822
782.0861	0.564568	0.591374	-0.043778	-0.036640	17.2450	18.1676	94.4340	93.5453
781.6572	0.564503	0.591620	-0.043496	-0.036271	17.2420	18.1755	94.4060	93.5083
781.2282	0.564670	0.591865	-0.043201	-0.035902	17.2470	18.1834	94.3750	93.4713
780.7991	0.564830	0.592110	-0.042995	-0.035532	17.2520	18.1913	94.3530	93.4342
780.3699	0.565116	0.592354	-0.042650	-0.035161	17.2610	18.1992	94.3160	93.3970
779.9407	0.565227	0.592599	-0.042321	-0.034789	17.2640	18.2071	94.2820	93.3598
779.5113	0.565274	0.592843	-0.042077	-0.034416	17.2650	18.2150	94.2570	93.3225
779.0818	0.565772	0.593087	-0.041577	-0.034042	17.2810	18.2229	94.2030	93.2851
778.6523	0.566424	0.593330	-0.040930	-0.033667	17.3020	18.2308	94.1330	93.2477
778.2227	0.566866	0.593574	-0.040395	-0.033291	17.3160	18.2387	94.0760	93.2102
777.7930	0.567144	0.593817	-0.040126	-0.032915	17.3250	18.2466	94.0470	93.1726
777.3632	0.567594	0.594060	-0.039869	-0.032537	17.3400	18.2545	94.0180	93.1350
776.9332	0.567911	0.594302	-0.039453	-0.032158	17.3500	18.2624	93.9740	93.0973
776.5032	0.568232	0.594545	-0.038967	-0.031778	17.3600	18.2703	93.9230	93.0595
776.0731	0.568373	0.594787	-0.038588	-0.031397	17.3640	18.2782	93.8840	93.0217
775.6429	0.568672	0.595028	-0.037981	-0.031015	17.3730	18.2861	93.8210	92.9838
775.2126	0.568926	0.595270	-0.037619	-0.030632	17.3810	18.2940	93.7830	92.9458
774.7822	0.569360	0.595503	-0.037138	-0.030246	17.3950	18.3016	93.7320	92.9076
774.3517	0.569540	0.595728	-0.037030	-0.029857	17.4010	18.3089	93.7200	92.8692
773.9212	0.569795	0.595952	-0.036637	-0.029466	17.4090	18.3162	93.6790	92.8306
773.4905	0.570071	0.596174	-0.036365	-0.029075	17.4180	18.3235	93.6500	92.7920
773.0598	0.570496	0.596396	-0.036003	-0.028682	17.4320	18.3307	93.6110	92.7533
772.6289	0.570869	0.596618	-0.035546	-0.028288	17.4440	18.3379	93.5630	92.7146
772.1980	0.571335	0.596839	-0.034954	-0.027893	17.4590	18.3452	93.5010	92.6758
771.7669	0.571567	0.597060	-0.034448	-0.027497	17.4660	18.3524	93.4490	92.6369
771.3358	0.571758	0.597281	-0.034129	-0.027101	17.4720	18.3597	93.4160	92.5979
770.9046	0.571983	0.597501	-0.033722	-0.026703	17.4790	18.3669	93.3740	92.5589
770.4733	0.572291	0.597722	-0.033349	-0.026304	17.4890	18.3741	93.3350	92.5198
770.0419	0.572505	0.597942	-0.033121	-0.025904	17.4960	18.3814	93.3110	92.4807
769.6104	0.572896	0.598161	-0.032792	-0.025504	17.5090	18.3886	93.2760	92.4414
769.1787	0.573167	0.598381	-0.032567	-0.025102	17.5180	18.3958	93.2520	92.4021
768.7471	0.573124	0.598599	-0.032304	-0.024699	17.5160	18.4031	93.2260	92.3628
768.3152	0.573712	0.598818	-0.032025	-0.024295	17.5360	18.4103	93.1950	92.3233
767.8834	0.574173	0.599037	-0.031458	-0.023891	17.5510	18.4175	93.1360	92.2838
767.4514	0.574580	0.599255	-0.030806	-0.023485	17.5640	18.4247	93.0690	92.2443
767.0193	0.574918	0.599472	-0.030362	-0.023078	17.5750	18.4320	93.0230	92.2046
766.5872	0.575343	0.599690	-0.029881	-0.022670	17.5890	18.4392	92.9730	92.1649
766.1549	0.575632	0.599907	-0.029271	-0.022261	17.5980	18.4464	92.9110	92.1252
765.7225	0.575897	0.600125	-0.029103	-0.021850	17.6070	18.4537	92.8930	92.0852
765.2901	0.576227	0.600344	-0.028787	-0.021437	17.6180	18.4610	92.8600	92.0450
764.8575	0.576552	0.600564	-0.028571	-0.021021	17.6290	18.4683	92.8370	92.0047
764.4249	0.576972	0.600787	-0.028148	-0.020601	17.6430	18.4758	92.7930	91.9639
763.9922	0.577358	0.601010	-0.027844	-0.020180	17.6560	18.4833	92.7610	91.9231
763.5593	0.577837	0.601233	-0.027351	-0.019757	17.6720	18.4908	92.7100	91.8821
763.1264	0.578159	0.601456	-0.027174	-0.019334	17.6830	18.4982	92.6910	91.8411
762.6934	0.578501	0.601677	-0.026553	-0.018909	17.6940	18.5057	92.6280	91.8001
762.2603	0.578660	0.601899	-0.026206	-0.018484	17.6990	18.5132	92.5930	91.7589
761.8271	0.578817	0.602120	-0.025879	-0.018057	17.7040	18.5207	92.5600	91.7177
761.3938	0.579093	0.602341	-0.025436	-0.017629	17.7130	18.5281	92.5150	91.6765
760.9604	0.579458	0.602562	-0.024884	-0.017201	17.7250	18.5356	92.4590	91.6351
760.5269	0.579840	0.602782	-0.024597	-0.016771	17.7380	18.5431	92.4290	91.5937
760.0933	0.580287	0.603002	-0.024128	-0.016340	17.7530	18.5505	92.3810	91.5522
759.6597	0.580679	0.603221	-0.023576	-0.015908	17.7660	18.5580	92.3250	91.5106
759.2259	0.580859	0.603440	-0.023350	-0.015475	17.7720	18.5655	92.3020	91.4690
758.7921	0.581123	0.603659	-0.023147	-0.015041	17.7810	18.5729	92.2810	91.4273
758.3581	0.581573	0.603877	-0.022535	-0.014606	17.7960	18.5804	92.2190	91.3855
757.9240	0.581645	0.604095	-0.022141	-0.014169	17.7980	18.5878	92.1800	91.3437
757.4899	0.581915	0.604312	-0.021765	-0.013732	17.8070	18.5953	92.1420	91.3017
757.0556	0.582210	0.604529	-0.021450	-0.013293	17.8170	18.6027	92.1100	91.2597
756.6213	0.582621	0.604746	-0.021079	-0.012854	17.8310	18.6102	92.0720	91.2176
756.1868	0.583097	0.604962	-0.020474	-0.012413	17.8470	18.6176	92.0110	91.1755
755.7523	0.583332	0.605179	-0.020248	-0.011981	17.8550	18.6251	91.9880	91.1342
755.3177	0.583769	0.605397	-0.019886	-0.011556	17.8700	18.6327	91.9510	91.0936
754.8830	0.584007	0.605615	-0.019557	-0.011130	17.8780	18.6402	91.9180	91.0529
754.4482	0.584187	0.605832	-0.019277	-0.010703	17.8840	18.6478	91.8900	91.0121
754.0132	0.584478	0.606049	-0.019032	-0.010274	17.8940	18.6553	91.8650	90.9712
753.5782	0.584832	0.606266	-0.018604	-0.009844	17.9060	18.6629	91.8220	90.9303
753.1431	0.585127	0.606482	-0.018204	-0.009414	17.9160	18.6704	91.7820	90.8893
752.7079	0.585363	0.606697	-0.017895	-0.008982	17.9240	18.6779	91.7510	90.8482
752.2726	0.585686	0.606913	-0.017536	-0.008549	17.9350	18.6855	91.7150	90.8070
751.8373	0.585808	0.607127	-0.017223	-0.008115	17.9390	18.6930	91.6840	90.7658
751.4018	0.586196	0.607342	-0.016538	-0.007679	17.9520	18.7005	91.6160	90.7244
750.9662	0.586546	0.607556	-0.016148	-0.007243	17.9640	18.7081	91.5770	90.6830
750.5306	0.586810	0.607770	-0.015807	-0.006805	17.9730	18.7156	91.5430	90.6415
750.0948	0.587051	0.607983	-0.015239	-0.006367	17.9810	18.7231	91.4870	90.6000
749.6589	0.587371	0.608196	-0.014878	-0.005927	17.9920	18.7306	91.4510	90.5583
749.2230	0.587435	0.608408	-0.014572	-0.005486	17.9940	18.7381	91.4210	90.5166
748.7869	0.587669	0.608620	-0.014249	-0.005044	18.0020	18.7457	91.3890	90.4748
748.3508	0.588077	0.608832	-0.013736	-0.004600	18.0160	18.7532	91.3380	90.4329
747.9146	0.588279	0.609043	-0.013535	-0.004156	18.0230	18.7607	91.3180	90.3910
747.4782	0.588565	0.609254	-0.013346	-0.003710	18.0330	18.7682	91.2990	90.3489
747.0417	0.588827	0.609464	-0.013023	-0.003263	18.0420	18.7757	91.2670	90.3068
746.6052	0.589121	0.609686	-0.012464	-0.002815	18.0520	18.7836	91.2120	90.2645
746.1686	0.589498	0.609909	-0.011978	-0.002365	18.0650	18.7916	91.1640	90.2221
745.7319	0.589960	0.610132	-0.011431	-0.001914	18.0810	18.7996	91.1100	90.1797
745.2950	0.590391	0.610356	-0.010965	-0.001461	18.0960	18.8077	91.0640	90.1372
744.8582	0.590740	0.610579	-0.010384	-0.001008	18.1080	18.8157	91.0070	90.0946
744.4211	0.590858	0.610801	-0.010076	-0.000553	18.1120	18.8237	90.9770	90.0518
743.9841	0.591059	0.611023	-0.009801	-0.000097	18.1190	18.8318	90.9500	90.0091
743.5468	0.591435	0.611245	-0.009198	0.000361	18.1320	18.8398	90.8910	89.9662
743.1096	0.591665	0.611466	-0.008902	0.000819	18.1400	18.8478	90.8620	89.9232
742.6722	0.591753	0.611687	-0.008666	0.001279	18.1430	18.8558	90.8390	89.8802
742.2347	0.591870	0.611907	-0.008316	0.001740	18.1470	18.8639	90.8050	89.8371
741.7971	0.592047	0.612127	-0.007761	0.002202	18.1530	18.8719	90.7510	89.7939
741.3594	0.592136	0.612346	-0.007338	0.002666	18.1560	18.8799	90.7100	89.7506
740.9216	0.592253	0.612565	-0.006988	0.003130	18.1600	18.8879	90.6760	89.7072
740.4838	0.592426	0.612783	-0.006628	0.003596	18.1660	18.8959	90.6410	89.6638
740.0458	0.592598	0.613001	-0.006382	0.004063	18.1720	18.9039	90.6170	89.6202
739.6077	0.592656	0.613218	-0.006144	0.004532	18.1740	18.9119	90.5940	89.5766
739.1696	0.592857	0.613435	-0.005712	0.005002	18.1810	18.9199	90.5520	89.5329
738.7313	0.593000	0.613651	-0.005444	0.005473	18.1860	18.9279	90.5260	89.4890
738.2930	0.593173	0.613867	-0.004949	0.005945	18.1920	18.9359	90.4780	89.4452
737.8545	0.593289	0.614076	-0.004608	0.006420	18.1960	18.9436	90.4450	89.4010
737.4160	0.593516	0.614270	-0.004226	0.006898	18.2040	18.9509	90.4080	89.3566
736.9773	0.593603	0.614465	-0.003906	0.007378	18.2070	18.9581	90.3770	89.3121
736.5386	0.593661	0.614658	-0.003513	0.007859	18.2090	18.9654	90.3390	89.2675
736.0997	0.593803	0.614851	-0.003213	0.008341	18.2140	18.9726	90.3100	89.2227
735.6608	0.593945	0.615044	-0.002975	0.008825	18.2190	18.9799	90.2870	89.1780
735.2218	0.594059	0.615236	-0.002602	0.009310	18.2230	18.9871	90.2510	89.1331
734.7827	0.593975	0.615427	-0.002498	0.009796	18.2200	18.9943	90.2410	89.0881
734.3434	0.594090	0.615618	-0.002012	0.010283	18.2240	19.0016	90.1940	89.0431
733.9041	0.594316	0.615809	-0.001483	0.010771	18.2320	19.0088	90.1430	88.9979
733.4647	0.594317	0.615999	-0.001110	0.011261	18.2320	19.0160	90.1070	88.9527
733.0252	0.594317	0.616188	-0.000819	0.011752	18.2320	19.0232	90.0790	88.9074
732.5856	0.594682	0.616377	-0.000197	0.012245	18.2450	19.0304	90.0190	88.8619
732.1459	0.594739	0.616565	0.000166	0.012738	18.2470	19.0376	89.9840	88.8164
731.7061	0.594626	0.616753	0.000571	0.013233	18.2430	19.0449	89.9450	88.7709
731.2662	0.594738	0.616940	0.000851	0.013729	18.2470	19.0521	89.9180	88.7252
730.8262	0.594737	0.617126	0.001214	0.014227	18.2470	19.0593	89.8830	88.6794
730.3861	0.594625	0.617312	0.001370	0.014725	18.2430	19.0664	89.8680	88.6335
729.9459	0.594792	0.617498	0.001754	0.015225	18.2490	19.0737	89.8310	88.5876
729.5057	0.594819	0.617690	0.002191	0.015725	18.2500	19.0811	89.7890	88.5417
729.0653	0.595041	0.617881	0.002804	0.016225	18.2580	19.0886	89.7300	88.4958
728.6248	0.594955	0.618086	0.003146	0.016724	18.2550	19.0965	89.6970	88.4501
728.1843	0.594897	0.618293	0.003499	0.017223	18.2530	19.1045	89.6630	88.4044
727.7436	0.594923	0.618499	0.003832	0.017724	18.2540	19.1126	89.6310	88.3586
727.3028	0.594837	0.618705	0.004101	0.018226	18.2510	19.1206	89.6050	88.3127
726.8619	0.595001	0.618910	0.004663	0.018729	18.2570	19.1286	89.5510	88.2667
726.4210	0.594970	0.619114	0.004985	0.019234	18.2560	19.1366	89.5200	88.2206
725.9799	0.595079	0.619318	0.005401	0.019740	18.2600	19.1446	89.4800	88.1744
725.5388	0.595241	0.619521	0.006005	0.020248	18.2660	19.1527	89.4220	88.1281
725.0975	0.595486	0.619723	0.006704	0.020757	18.2750	19.1607	89.3550	88.0817
724.6561	0.595622	0.619925	0.007132	0.021267	18.2800	19.1687	89.3140	88.0352
724.2147	0.595504	0.620127	0.007556	0.021778	18.2760	19.1767	89.2730	87.9886
723.7732	0.595499	0.620327	0.007920	0.022291	18.2760	19.1846	89.2380	87.9420
723.3315	0.595523	0.620527	0.008253	0.022806	18.2770	19.1926	89.2060	87.8952
722.8898	0.595682	0.620727	0.008900	0.023322	18.2830	19.2006	89.1440	87.8483
722.4479	0.595787	0.620925	0.009359	0.023839	18.2870	19.2086	89.1000	87.8013
722.0060	0.595807	0.621123	0.009849	0.024358	18.2880	19.2166	89.0530	87.7543
721.5640	0.596160	0.621321	0.010552	0.024878	18.3010	19.2245	88.9860	87.7071
721.1218	0.596347	0.621518	0.011034	0.025399	18.3080	19.2325	88.9400	87.6598
720.6796	0.596395	0.621702	0.011472	0.025924	18.3100	19.2400	88.8980	87.6123
720.2373	0.596498	0.621881	0.011932	0.026450	18.3140	19.2474	88.8540	87.5646
719.7949	0.596491	0.622057	0.012245	0.026978	18.3140	19.2547	88.8240	87.5167
719.3524	0.596649	0.622231	0.012769	0.027507	18.3200	19.2619	88.7740	87.4688
718.9097	0.596722	0.622404	0.013260	0.028038	18.3230	19.2691	88.7270	87.4207
718.4670	0.596739	0.622577	0.013750	0.028570	18.3240	19.2763	88.6800	87.3725
718.0242	0.597115	0.622748	0.014416	0.029104	18.3380	19.2834	88.6170	87.3242
717.5813	0.597269	0.622919	0.014993	0.029639	18.3440	19.2906	88.5620	87.2759
717.1383	0.597450	0.623089	0.015582	0.030176	18.3510	19.2978	88.5060	87.2274
716.6952	0.597659	0.623259	0.016141	0.030713	18.3590	19.3050	88.4530	87.1788
716.2520	0.597811	0.623428	0.016719	0.031253	18.3650	19.3121	88.3980	87.1301
715.8087	0.598041	0.623596	0.017488	0.031793	18.3740	19.3193	88.3250	87.0814
715.3653	0.598246	0.623763	0.018132	0.032336	18.3820	19.3264	88.2640	87.0325
714.9218	0.598374	0.623930	0.018522	0.032879	18.3870	19.3336	88.2270	86.9835
714.4782	0.598607	0.624096	0.019105	0.033424	18.3960	19.3407	88.1720	86.9344
714.0345	0.598862	0.624261	0.019866	0.033971	18.4060	19.3479	88.1000	86.8852
713.5907	0.599094	0.624425	0.020460	0.034518	18.4150	19.3550	88.0440	86.8359
713.1469	0.599239	0.624589	0.021114	0.035068	18.4210	19.3621	87.9820	86.7865
712.7028	0.599410	0.624766	0.021791	0.035614	18.4280	19.3697	87.9180	86.7375
712.2588	0.599693	0.624948	0.022440	0.036158	18.4390	19.3776	87.8570	86.6887
711.8146	0.599947	0.625135	0.023121	0.036703	18.4490	19.3856	87.7930	86.6399
711.3703	0.600228	0.625329	0.023782	0.037246	18.4600	19.3939	87.7310	86.5914
710.9259	0.600504	0.625523	0.024560	0.037790	18.4710	19.4022	87.6580	86.5427
710.4814	0.600671	0.625716	0.025260	0.038336	18.4780	19.4105	87.5920	86.4940
710.0369	0.600896	0.625907	0.025857	0.038884	18.4870	19.4188	87.5360	86.4451
709.5922	0.601118	0.626099	0.026540	0.039433	18.4960	19.4270	87.4720	86.3961
709.1474	0.601400	0.626289	0.027099	0.039984	18.5070	19.4353	87.4200	86.3471
708.7026	0.601512	0.626479	0.027693	0.040536	18.5120	19.4436	87.3640	86.2979
708.2576	0.601710	0.626668	0.028250	0.041090	18.5200	19.4518	87.3120	86.2485
707.8125	0.601932	0.626856	0.028860	0.041645	18.5290	19.4601	87.2550	86.1991
707.3674	0.602257	0.627043	0.029624	0.042202	18.5420	19.4684	87.1840	86.1496
706.9221	0.602530	0.627229	0.030312	0.042761	18.5530	19.4766	87.1200	86.0999
706.4767	0.602798	0.627415	0.031053	0.043321	18.5640	19.4848	87.0510	86.0502
706.0313	0.603065	0.627600	0.031816	0.043883	18.5750	19.4931	86.9800	86.0003
705.5857	0.603340	0.627784	0.032412	0.044446	18.5860	19.5013	86.9250	85.9503
705.1401	0.603641	0.627967	0.033030	0.045011	18.5980	19.5095	86.8680	85.9002
704.6943	0.603970	0.628147	0.033619	0.045580	18.6110	19.5176	86.8140	85.8497
704.2484	0.604210	0.628325	0.034299	0.046152	18.6210	19.5257	86.7510	85.7990
703.8025	0.604425	0.628499	0.034925	0.046727	18.6300	19.5337	86.6930	85.7481
703.3564	0.604685	0.628671	0.035713	0.047305	18.6410	19.5416	86.6200	85.6968
702.9103	0.605062	0.628842	0.036382	0.047885	18.6560	19.5495	86.5590	85.6455
702.4641	0.605378	0.629012	0.037133	0.048466	18.6690	19.5574	86.4900	85.5940
702.0177	0.605700	0.629182	0.037768	0.049049	18.6820	19.5653	86.4320	85.5424
701.5712	0.605991	0.629350	0.038455	0.049634	18.6940	19.5732	86.3690	85.4907
701.1247	0.606338	0.629517	0.039104	0.050220	18.7080	19.5811	86.3100	85.4389
700.6780	0.606631	0.629684	0.039718	0.050808	18.7200	19.5890	86.2540	85.3869
700.2313	0.606921	0.629850	0.040386	0.051397	18.7320	19.5968	86.1930	85.3349
699.7844	0.607210	0.630014	0.041033	0.051989	18.7440	19.6047	86.1340	85.2827
699.3375	0.607497	0.630178	0.041713	0.052581	18.7560	19.6125	86.0720	85.2304
698.8904	0.607808	0.630341	0.042427	0.053176	18.7690	19.6204	86.0070	85.1779
698.4433	0.608097	0.630503	0.043056	0.053772	18.7810	19.6282	85.9500	85.1254
697.9961	0.608533	0.630664	0.043940	0.054370	18.7990	19.6360	85.8700	85.0727
697.5488	0.608815	0.630825	0.044644	0.054969	18.8110	19.6439	85.8060	85.0199
697.1013	0.609068	0.630984	0.045336	0.055570	18.8220	19.6517	85.7430	84.9670
696.6537	0.609352	0.631141	0.045989	0.056168	18.8340	19.6594	85.6840	84.9144
696.2061	0.609714	0.631298	0.046701	0.056765	18.8490	19.6672	85.6200	84.8619
695.7584	0.609973	0.631453	0.047288	0.057360	18.8600	19.6749	85.5670	84.8096
695.3105	0.610247	0.631606	0.048038	0.057953	18.8720	19.6825	85.4990	84.7575
694.8626	0.610580	0.631759	0.048719	0.058548	18.8860	19.6902	85.4380	84.7052
694.4146	0.610858	0.631910	0.049395	0.059145	18.8980	19.6978	85.3770	84.6528
693.9664	0.611221	0.632061	0.050037	0.059744	18.9130	19.7055	85.3200	84.6003
693.5182	0.611683	0.632210	0.050805	0.060344	18.9320	19.7131	85.2520	84.5477
693.0699	0.612015	0.632359	0.051468	0.060946	18.9460	19.7207	85.1930	84.4949
692.6215	0.612324	0.632507	0.052064	0.061549	18.9590	19.7283	85.1400	84.4420
692.1729	0.612600	0.632654	0.052712	0.062155	18.9710	19.7359	85.0820	84.3890
691.7243	0.612871	0.632799	0.053414	0.062762	18.9830	19.7435	85.0190	84.3359
691.2756	0.613252	0.632944	0.054106	0.063370	18.9990	19.7511	84.9580	84.2826
690.8267	0.613519	0.633088	0.054831	0.063981	19.0110	19.7587	84.8930	84.2292
690.3778	0.613946	0.633231	0.055603	0.064593	19.0290	19.7663	84.8250	84.1756
689.9288	0.614214	0.633373	0.056298	0.065207	19.0410	19.7739	84.7630	84.1220
689.4797	0.614532	0.633513	0.057041	0.065823	19.0550	19.7814	84.6970	84.0682
689.0304	0.614796	0.633653	0.057758	0.066440	19.0670	19.7890	84.6330	84.0142
688.5811	0.615120	0.633793	0.058406	0.067059	19.0810	19.7965	84.5760	83.9602
688.1317	0.615333	0.633932	0.059066	0.067679	19.0910	19.8041	84.5170	83.9061
687.6821	0.615546	0.634069	0.059715	0.068301	19.1010	19.8117	84.4590	83.8519
687.2325	0.615885	0.634206	0.060475	0.068925	19.1160	19.8192	84.3920	83.7975
686.7828	0.616149	0.634342	0.061152	0.069550	19.1280	19.8268	84.3320	83.7430
686.3329	0.616439	0.634476	0.061833	0.070177	19.1410	19.8343	84.2720	83.6883
685.8830	0.616786	0.634610	0.062488	0.070806	19.1560	19.8418	84.2150	83.6336
685.4330	0.617157	0.634743	0.063167	0.071437	19.1720	19.8493	84.1560	83.5787
684.9828	0.617499	0.634874	0.063856	0.072070	19.1870	19.8568	84.0960	83.5236
684.5327	0.617680	0.635004	0.064496	0.072704	19.1960	19.8643	84.0390	83.4684
684.0823	0.617911	0.635134	0.065185	0.073340	19.2070	19.8718	83.9780	83.4131
683.6319	0.618193	0.635262	0.065891	0.073978	19.2200	19.8793	83.9160	83.3576
683.1813	0.618449	0.635389	0.066584	0.074618	19.2320	19.8868	83.8550	83.3020
682.7307	0.618800	0.635515	0.067398	0.075260	19.2480	19.8942	83.7840	83.2463
682.2800	0.619033	0.635639	0.068036	0.075904	19.2590	19.9017	83.7280	83.1904
681.8292	0.619308	0.635764	0.068777	0.076549	19.2720	19.9092	83.6630	83.1344
681.3782	0.619584	0.635891	0.069508	0.077197	19.2850	19.9168	83.5990	83.0782
680.9272	0.619752	0.636018	0.070206	0.077847	19.2940	19.9244	83.5370	83.0218
680.4761	0.619943	0.636156	0.070940	0.078502	19.3040	19.9325	83.4720	82.9652
680.0248	0.620141	0.636293	0.071610	0.079159	19.3140	19.9406	83.4130	82.9085
679.5735	0.620334	0.636429	0.072313	0.079817	19.3240	19.9487	83.3510	82.8516
679.1221	0.620501	0.636564	0.072991	0.080478	19.3330	19.9568	83.2910	82.7946
678.6705	0.620747	0.636698	0.073701	0.081140	19.3450	19.9649	83.2290	82.7374
678.2189	0.620965	0.636830	0.074397	0.081805	19.3560	19.9729	83.1680	82.6801
677.7672	0.621198	0.636961	0.075195	0.082471	19.3680	19.9810	83.0980	82.6226
677.3154	0.621358	0.637091	0.075908	0.083139	19.3770	19.9890	83.0350	82.5650
676.8634	0.621603	0.637220	0.076599	0.083810	19.3890	19.9970	82.9750	82.5073
676.4114	0.621741	0.637348	0.077255	0.084482	19.3970	20.0050	82.9170	82.4493
675.9592	0.621892	0.637474	0.078023	0.085156	19.4060	20.0130	82.8490	82.3913
675.5070	0.622073	0.637599	0.078763	0.085832	19.4160	20.0210	82.7840	82.3331
675.0547	0.622234	0.637722	0.079434	0.086510	19.4250	20.0290	82.7250	82.2747
674.6022	0.622338	0.637845	0.080121	0.087190	19.4320	20.0370	82.6640	82.2162
674.1497	0.622546	0.637966	0.080844	0.087872	19.4430	20.0450	82.6010	82.1575
673.6971	0.622695	0.638093	0.081592	0.088551	19.4520	20.0532	82.5350	82.0992
673.2443	0.622908	0.638223	0.082262	0.089230	19.4630	20.0615	82.4770	82.0410
672.7915	0.623059	0.638353	0.082979	0.089910	19.4720	20.0699	82.4140	81.9828
672.3386	0.623240	0.638483	0.083678	0.090591	19.4820	20.0782	82.3530	81.9245
671.8855	0.623361	0.638612	0.084404	0.091274	19.4900	20.0866	82.2890	81.8660
671.4324	0.623510	0.638739	0.085122	0.091959	19.4990	20.0950	82.2260	81.8074
670.9791	0.623708	0.638865	0.085870	0.092646	19.5100	20.1034	82.1610	81.7486
670.5258	0.623849	0.638990	0.086633	0.093336	19.5190	20.1117	82.0940	81.6897
670.0723	0.624020	0.639113	0.087367	0.094027	19.5290	20.1201	82.0300	81.6306
669.6188	0.624146	0.639235	0.088029	0.094720	19.5370	20.1284	81.9720	81.5714
669.1651	0.624265	0.639356	0.088735	0.095416	19.5450	20.1367	81.9100	81.5119
668.7114	0.624440	0.639475	0.089427	0.096114	19.5550	20.1450	81.8500	81.4524
668.2575	0.624617	0.639593	0.090098	0.096814	19.5650	20.1533	81.7920	81.3926
667.8035	0.624781	0.639709	0.090856	0.097515	19.5750	20.1616	81.7260	81.3327
667.3495	0.624908	0.639824	0.091677	0.098219	19.5840	20.1699	81.6540	81.2727
666.8953	0.625054	0.639938	0.092356	0.098926	19.5930	20.1782	81.5950	81.2124
666.4411	0.625194	0.640052	0.093068	0.099633	19.6020	20.1865	81.5330	81.1521
665.9868	0.625337	0.640164	0.093759	0.100343	19.6110	20.1947	81.4730	81.0916
665.5323	0.625444	0.640275	0.094500	0.101055	19.6190	20.2030	81.4080	81.0310
665.0777	0.625609	0.640384	0.095218	0.101769	19.6290	20.2113	81.3460	80.9702
664.6230	0.625676	0.640493	0.096032	0.102485	19.6360	20.2196	81.2740	80.9092
664.1683	0.625865	0.640600	0.096755	0.103203	19.6470	20.2278	81.2120	80.8481
663.7134	0.625999	0.640705	0.097480	0.103923	19.6560	20.2361	81.1490	80.7868
663.2584	0.626067	0.640809	0.098263	0.104646	19.6630	20.2443	81.0800	80.7253
662.8034	0.626147	0.640911	0.098970	0.105370	19.6700	20.2525	81.0180	80.6637
662.3482	0.626278	0.641012	0.099697	0.106098	19.6790	20.2607	80.9550	80.6019
661.8929	0.626374	0.641111	0.100463	0.106827	19.6870	20.2689	80.8880	80.5399
661.4376	0.626468	0.641209	0.101241	0.107558	19.6950	20.2771	80.8200	80.4777
660.9821	0.626537	0.641305	0.101993	0.108292	19.7020	20.2853	80.7540	80.4154
660.5265	0.626653	0.641400	0.102787	0.109028	19.7110	20.2934	80.6850	80.3528
660.0708	0.626726	0.641493	0.103507	0.109766	19.7180	20.3016	80.6220	80.2902
659.6151	0.626842	0.641579	0.104290	0.110502	19.7270	20.3095	80.5540	80.2275
659.1592	0.626963	0.641662	0.105041	0.111240	19.7360	20.3173	80.4890	80.1648
658.7032	0.626995	0.641740	0.105823	0.111978	19.7420	20.3250	80.4200	80.1021
658.2471	0.627028	0.641814	0.106594	0.112716	19.7480	20.3326	80.3520	80.0393
657.7909	0.627078	0.641887	0.107267	0.113456	19.7540	20.3401	80.2930	79.9763
657.3346	0.627147	0.641958	0.107978	0.114198	19.7610	20.3476	80.2310	79.9131
656.8782	0.627227	0.642027	0.108623	0.114943	19.7680	20.3552	80.1750	79.8498
656.4218	0.627238	0.642095	0.109346	0.115690	19.7730	20.3627	80.1110	79.7863
655.9651	0.627280	0.642161	0.110042	0.116439	19.7790	20.3702	80.0500	79.7226
655.5084	0.627279	0.642225	0.110821	0.117191	19.7840	20.3777	79.9810	79.6587
655.0516	0.627280	0.642288	0.111589	0.117944	19.7890	20.3851	79.9130	79.5946
654.5947	0.627281	0.642349	0.112346	0.118700	19.7940	20.3926	79.8460	79.5304
654.1377	0.627314	0.642408	0.113075	0.119459	19.8000	20.4000	79.7820	79.4659
653.6806	0.627310	0.642466	0.113855	0.120219	19.8050	20.4074	79.7130	79.4013
653.2234	0.627313	0.642522	0.114590	0.120982	19.8100	20.4148	79.6480	79.3365
652.7661	0.627292	0.642582	0.115299	0.121749	19.8140	20.4225	79.5850	79.2714
652.3087	0.627318	0.642645	0.116051	0.122521	19.8200	20.4303	79.5190	79.2060
651.8511	0.627342	0.642710	0.116803	0.123296	19.8260	20.4382	79.4530	79.1404
651.3936	0.627345	0.642777	0.117518	0.124075	19.8310	20.4463	79.3900	79.0746
650.9358	0.627366	0.642842	0.118281	0.124856	19.8370	20.4543	79.3230	79.0085
650.4780	0.627422	0.642906	0.118995	0.125640	19.8440	20.4624	79.2610	78.9423
650.0201	0.627520	0.642968	0.119774	0.126427	19.8530	20.4704	79.1940	78.8759
649.5620	0.627566	0.643028	0.120532	0.127215	19.8600	20.4785	79.1280	78.8092
649.1039	0.627607	0.643086	0.121313	0.128007	19.8670	20.4865	79.0600	78.7424
648.6457	0.627555	0.643143	0.122144	0.128800	19.8710	20.4945	78.9860	78.6754
648.1873	0.627590	0.643197	0.122946	0.129596	19.8780	20.5024	78.9160	78.6081
647.7289	0.627560	0.643250	0.123794	0.130395	19.8830	20.5104	78.8410	78.5407
647.2703	0.627571	0.643301	0.124570	0.131196	19.8890	20.5184	78.7730	78.4731
646.8117	0.627563	0.643349	0.125434	0.131999	19.8950	20.5263	78.6970	78.4052
646.3530	0.627571	0.643396	0.126210	0.132805	19.9010	20.5342	78.6290	78.3372
645.8941	0.627550	0.643444	0.126992	0.133613	19.9060	20.5422	78.5600	78.2691
645.4351	0.627517	0.643499	0.127829	0.134417	19.9110	20.5505	78.4860	78.2014
644.9761	0.627518	0.643552	0.128628	0.135224	19.9170	20.5587	78.4160	78.1336
644.5169	0.627493	0.643606	0.129548	0.136032	19.9230	20.5671	78.3350	78.0656
644.0577	0.627539	0.643657	0.130517	0.136843	19.9320	20.5754	78.2510	77.9975
643.5983	0.627487	0.643707	0.131420	0.137656	19.9370	20.5837	78.1710	77.9292
643.1389	0.627509	0.643755	0.132226	0.138472	19.9440	20.5920	78.1010	77.8606
642.6793	0.627471	0.643801	0.133053	0.139290	19.9490	20.6003	78.0280	77.7919
642.2196	0.627385	0.643845	0.133973	0.140111	19.9530	20.6085	77.9460	77.7229
641.7598	0.627476	0.643887	0.134828	0.140935	19.9630	20.6168	77.8730	77.6537
641.2999	0.627508	0.643926	0.135821	0.141761	19.9720	20.6250	77.7870	77.5843
640.8400	0.627581	0.643964	0.136743	0.142590	19.9820	20.6332	77.7080	77.5147
640.3799	0.627530	0.644000	0.137604	0.143421	19.9870	20.6414	77.6320	77.4449
639.9197	0.627587	0.644033	0.138593	0.144256	19.9970	20.6496	77.5470	77.3748
639.4594	0.627556	0.644065	0.139471	0.145092	20.0030	20.6578	77.4700	77.3046
638.9990	0.627503	0.644095	0.140448	0.145932	20.0090	20.6660	77.3840	77.2341
638.5385	0.627486	0.644127	0.141376	0.146772	20.0160	20.6742	77.3030	77.1637
638.0779	0.627416	0.644157	0.142292	0.147614	20.0210	20.6825	77.2220	77.0930
637.6172	0.627363	0.644185	0.143247	0.148460	20.0270	20.6908	77.1380	77.0221
637.1564	0.627371	0.644210	0.144171	0.149308	20.0350	20.6990	77.0580	76.9510
636.6954	0.627353	0.644233	0.145078	0.150159	20.0420	20.7073	76.9790	76.8796
636.2344	0.627356	0.644255	0.146129	0.151013	20.0510	20.7155	76.8880	76.8081
635.7733	0.627303	0.644273	0.147063	0.151869	20.0570	20.7237	76.8060	76.7363
635.3121	0.627167	0.644290	0.147990	0.152729	20.0600	20.7318	76.7230	76.6642
634.8508	0.627113	0.644304	0.149029	0.153591	20.0670	20.7400	76.6320	76.5920
634.3893	0.627049	0.644316	0.149986	0.154455	20.0730	20.7481	76.5480	76.5195
633.9278	0.627161	0.644326	0.151008	0.155323	20.0860	20.7562	76.4620	76.4467
633.4662	0.627343	0.644334	0.152072	0.156193	20.1020	20.7643	76.3740	76.3738
633.0044	0.627381	0.644339	0.153043	0.157066	20.1120	20.7724	76.2910	76.3006
632.5425	0.627350	0.644339	0.153953	0.157966	20.1190	20.7806	76.2120	76.2251
632.0806	0.627276	0.644338	0.154922	0.158868	20.1250	20.7888	76.1270	76.1494
631.6186	0.627001	0.644332	0.155701	0.159786	20.1220	20.7970	76.0540	76.0724
631.1564	0.626952	0.644323	0.156561	0.160709	20.1280	20.8052	75.9790	75.9948
630.6942	0.626709	0.644312	0.157639	0.161636	20.1290	20.8135	75.8810	75.9171
630.2318	0.626464	0.644298	0.158718	0.162565	20.1300	20.8216	75.7830	75.8391
629.7693	0.626013	0.644282	0.159627	0.163498	20.1220	20.8298	75.6950	75.7608
629.3068	0.625996	0.644263	0.160659	0.164433	20.1310	20.8379	75.6060	75.6823
628.8441	0.625603	0.644242	0.161547	0.165371	20.1250	20.8461	75.5210	75.6035
628.3813	0.625801	0.644218	0.162589	0.166312	20.1420	20.8542	75.4360	75.5245
627.9184	0.625876	0.644191	0.163670	0.167256	20.1550	20.8623	75.3450	75.4453
627.4554	0.626099	0.644162	0.164394	0.168203	20.1700	20.8703	75.2880	75.3657
626.9923	0.625915	0.644129	0.165304	0.169152	20.1720	20.8784	75.2060	75.2860
626.5291	0.625544	0.644099	0.166082	0.170092	20.1660	20.8864	75.1310	75.2072
626.0658	0.625302	0.644065	0.166988	0.171035	20.1660	20.8944	75.0480	75.1281
625.6024	0.625149	0.644044	0.167871	0.171935	20.1690	20.9025	74.9690	75.0528
625.1389	0.625168	0.644022	0.168414	0.172832	20.1750	20.9106	74.9230	74.9779
624.6753	0.625367	0.643997	0.169206	0.173731	20.1900	20.9187	74.8600	74.9027
624.2115	0.625035	0.643970	0.169924	0.174634	20.1850	20.9268	74.7910	74.8273
623.7477	0.624820	0.643940	0.170814	0.175539	20.1860	20.9348	74.7100	74.7516
623.2838	0.625164	0.643908	0.171671	0.176447	20.2070	20.9428	74.6450	74.6757
622.8198	0.625071	0.643873	0.172807	0.177359	20.2150	20.9508	74.5460	74.5995
622.3557	0.624298	0.643836	0.174695	0.178273	20.2060	20.9588	74.3670	74.5230
621.8914	0.623684	0.643795	0.176485	0.179191	20.2020	20.9668	74.2000	74.4462
621.4271	0.622955	0.643752	0.178171	0.180112	20.1930	20.9747	74.0390	74.3692
620.9626	0.621997	0.643707	0.180059	0.181035	20.1780	20.9826	73.8550	74.2919
620.4980	0.620968	0.643658	0.181690	0.181962	20.1580	20.9905	73.6910	74.2144
620.0334	0.620417	0.643607	0.183658	0.182892	20.1590	20.9984	73.5100	74.1366
619.5687	0.620164	0.643551	0.185905	0.183858	20.1740	21.0065	73.3130	74.0557
619.1038	0.619581	0.643491	0.187747	0.184830	20.1730	21.0146	73.1420	73.9743
618.6388	0.618799	0.643429	0.189493	0.185809	20.1640	21.0227	72.9740	73.8924
618.1737	0.618288	0.643363	0.191333	0.186791	20.1660	21.0308	72.8050	73.8101
617.7086	0.617562	0.643294	0.193130	0.187777	20.1600	21.0389	72.6340	73.7275
617.2433	0.616918	0.643222	0.194821	0.188765	20.1560	21.0470	72.4740	73.6447
616.7779	0.616458	0.643147	0.196535	0.189757	20.1590	21.0550	72.3170	73.5616
616.3124	0.615878	0.643069	0.197998	0.190753	20.1550	21.0630	72.1780	73.4782
615.8468	0.615088	0.642988	0.199320	0.191751	20.1420	21.0710	72.0450	73.3944
615.3810	0.614647	0.642904	0.200933	0.192753	20.1450	21.0790	71.8970	73.3104
614.9153	0.613893	0.642816	0.202289	0.193757	20.1340	21.0869	71.7620	73.2262
614.4493	0.613292	0.642726	0.203682	0.194766	20.1290	21.0949	71.6280	73.1416
613.9833	0.612781	0.642632	0.204879	0.195776	20.1250	21.1028	71.5130	73.0568
613.5172	0.612279	0.642548	0.206209	0.196770	20.1230	21.1109	71.3870	72.9736
613.0510	0.611972	0.642460	0.207534	0.197768	20.1280	21.1190	71.2670	72.8901
612.5847	0.611644	0.642372	0.208745	0.198764	20.1310	21.1271	71.1560	72.8068
612.1182	0.611343	0.642281	0.209953	0.199764	20.1350	21.1352	71.0460	72.7232
611.6517	0.610993	0.642187	0.211133	0.200766	20.1370	21.1432	70.9370	72.6393
611.1850	0.610745	0.642089	0.212254	0.201772	20.1420	21.1513	70.8360	72.5551
610.7183	0.610468	0.641989	0.213293	0.202781	20.1450	21.1593	70.7410	72.4706
610.2514	0.610203	0.641885	0.214372	0.203794	20.1490	21.1673	70.6430	72.3857
609.7844	0.609939	0.641777	0.215440	0.204810	20.1530	21.1753	70.5460	72.3006
609.3173	0.609830	0.641667	0.216467	0.205829	20.1620	21.1833	70.4570	72.2152
608.8502	0.609818	0.641553	0.217530	0.206852	20.1750	21.1912	70.3680	72.1294
608.3829	0.609737	0.641435	0.218390	0.207878	20.1830	21.1991	70.2940	72.0433
607.9155	0.609694	0.641312	0.219299	0.208906	20.1930	21.2069	70.2170	71.9571
607.4480	0.609800	0.641176	0.220179	0.209928	20.2080	21.2142	70.1470	71.8710
606.9804	0.609900	0.641037	0.220997	0.210954	20.2220	21.2215	70.0820	71.7846
606.5127	0.610025	0.640891	0.221898	0.211980	20.2380	21.2286	70.0110	71.6980
606.0449	0.610126	0.640742	0.222707	0.213009	20.2520	21.2357	69.9470	71.6111
605.5770	0.610285	0.640590	0.223429	0.214042	20.2670	21.2427	69.8920	71.5239
605.1089	0.610490	0.640434	0.224181	0.215078	20.2840	21.2498	69.8360	71.4363
604.6408	0.610699	0.640274	0.224996	0.216118	20.3020	21.2568	69.7750	71.3484
604.1726	0.611075	0.640111	0.225813	0.217161	20.3260	21.2638	69.7190	71.2602
603.7042	0.611481	0.639944	0.226546	0.218207	20.3500	21.2707	69.6710	71.1717
603.2358	0.611858	0.639773	0.227280	0.219257	20.3730	21.2776	69.6220	71.0828
602.7673	0.612236	0.639599	0.227932	0.220311	20.3950	21.2845	69.5800	70.9937
602.2986	0.612535	0.639421	0.228567	0.221368	20.4140	21.2914	69.5370	70.9041
601.8298	0.612903	0.639246	0.229241	0.222439	20.4360	21.2987	69.4930	70.8136
601.3610	0.613258	0.639081	0.229874	0.223532	20.4570	21.3066	69.4520	70.7216
600.8920	0.613698	0.638912	0.230503	0.224630	20.4810	21.3145	69.4140	70.6293
600.4229	0.614120	0.638741	0.231102	0.225733	20.5040	21.3225	69.3780	70.5364
599.9537	0.614595	0.638566	0.231709	0.226841	20.5290	21.3305	69.3430	70.4432
599.4844	0.615105	0.638387	0.232294	0.227952	20.5550	21.3385	69.3110	70.3496
599.0150	0.615721	0.638203	0.232821	0.229067	20.5840	21.3464	69.2870	70.2557
598.5455	0.616217	0.638016	0.233439	0.230185	20.6100	21.3543	69.2520	70.1614
598.0759	0.616745	0.637825	0.234119	0.231307	20.6380	21.3621	69.2130	70.0668
597.6062	0.617203	0.637629	0.234614	0.232433	20.6610	21.3700	69.1870	69.9718
597.1364	0.617749	0.637429	0.235167	0.233563	20.6880	21.3778	69.1590	69.8765
596.6664	0.618446	0.637225	0.235766	0.234698	20.7210	21.3856	69.1320	69.7806
596.1964	0.619011	0.637017	0.236266	0.235837	20.7480	21.3934	69.1090	69.6844
595.7263	0.619661	0.636808	0.236762	0.236990	20.7780	21.4014	69.0890	69.5871
595.2560	0.620131	0.636595	0.237214	0.238155	20.8010	21.4095	69.0670	69.4888
594.7857	0.620494	0.636379	0.237651	0.239324	20.8200	21.4176	69.0430	69.3902
594.3152	0.620926	0.636157	0.238127	0.240496	20.8420	21.4257	69.0180	69.2912
593.8447	0.621389	0.635932	0.238666	0.241672	20.8660	21.4337	68.9890	69.1918
593.3740	0.621864	0.635701	0.239172	0.242852	20.8900	21.4417	68.9630	69.0920
592.9032	0.622523	0.635466	0.239850	0.244036	20.9230	21.4497	68.9290	68.9918
592.4323	0.623051	0.635227	0.240578	0.245224	20.9520	21.4577	68.8870	68.8913
591.9613	0.623735	0.634982	0.241255	0.246416	20.9860	21.4656	68.8540	68.7904
591.4902	0.624427	0.634733	0.241911	0.247612	21.0200	21.4735	68.8230	68.6890
591.0190	0.625285	0.634479	0.242708	0.248812	21.0620	21.4813	68.7860	68.5873
590.5477	0.625731	0.634228	0.243346	0.249990	21.0870	21.4890	68.7490	68.4875
590.0763	0.626577	0.633973	0.244166	0.251170	21.1290	21.4967	68.7100	68.3873
589.6048	0.626835	0.633722	0.244784	0.252321	21.1470	21.5042	68.6690	68.2897
589.1331	0.627150	0.633469	0.245538	0.253469	21.1690	21.5117	68.6190	68.1923
588.6614	0.627139	0.633212	0.246556	0.254620	21.1830	21.5191	68.5380	68.0945
588.1896	0.627480	0.632949	0.247449	0.255776	21.2080	21.5265	68.4780	67.9963
587.7176	0.627998	0.632682	0.248452	0.256936	21.2410	21.5339	68.4150	67.8976
587.2455	0.628374	0.632410	0.249667	0.258100	21.2720	21.5413	68.3310	67.7986
586.7734	0.628528	0.632134	0.250948	0.259268	21.2960	21.5486	68.2350	67.6992
586.3011	0.628372	0.631852	0.252718	0.260440	21.3160	21.5558	68.0910	67.5993
585.8287	0.627913	0.631566	0.254267	0.261616	21.3220	21.5631	67.9550	67.4990
585.3563	0.627833	0.631275	0.256303	0.262796	21.3490	21.5703	67.7930	67.3983
584.8837	0.627634	0.630980	0.258410	0.263967	21.3730	21.5773	67.6220	67.2983
584.4109	0.626655	0.630687	0.260710	0.265101	21.3720	21.5839	67.4110	67.2012
583.9382	0.625860	0.630389	0.263010	0.266237	21.3780	21.5904	67.2060	67.1039
583.4652	0.625697	0.630087	0.264781	0.267365	21.3990	21.5968	67.0630	67.0070
582.9922	0.625346	0.629781	0.266591	0.268497	21.4140	21.6032	66.9110	66.9098
582.5191	0.625125	0.629471	0.268407	0.269634	21.4340	21.6095	66.7630	66.8121
582.0458	0.625121	0.629155	0.269970	0.270774	21.4580	21.6158	66.6420	66.7140
581.5725	0.625257	0.628834	0.271584	0.271919	21.4880	21.6220	66.5220	66.6155
581.0991	0.624911	0.628509	0.273082	0.273067	21.4990	21.6283	66.3950	66.5166
580.6255	0.624227	0.628179	0.274133	0.274220	21.4910	21.6344	66.2910	66.4172
580.1519	0.623838	0.627843	0.275587	0.275376	21.5000	21.6406	66.1660	66.3174
579.6780	0.623663	0.627506	0.277177	0.276573	21.5190	21.6474	66.0380	66.2146
579.2042	0.623193	0.627166	0.278546	0.277789	21.5240	21.6545	65.9170	66.1102
578.7302	0.622939	0.626825	0.279986	0.279053	21.5380	21.6624	65.7980	66.0021
578.2561	0.622604	0.626482	0.281287	0.280356	21.5470	21.6710	65.6870	65.8911
577.7819	0.622070	0.626132	0.282590	0.281662	21.5490	21.6795	65.5690	65.7797
577.3076	0.621653	0.625777	0.283998	0.282973	21.5570	21.6880	65.4470	65.6678
576.8332	0.621476	0.625416	0.285545	0.284289	21.5760	21.6964	65.3230	65.5554
576.3586	0.621027	0.625049	0.286823	0.285609	21.5810	21.7049	65.2100	65.4425
575.8840	0.620838	0.624675	0.288262	0.286934	21.5980	21.7132	65.0940	65.3291
575.4093	0.620637	0.624296	0.289658	0.288263	21.6140	21.7216	64.9810	65.2153
574.9344	0.620336	0.623910	0.291141	0.289597	21.6280	21.7299	64.8580	65.1009
574.4595	0.620067	0.623518	0.292549	0.290935	21.6420	21.7381	64.7420	64.9861
573.9844	0.619660	0.623119	0.293945	0.292279	21.6510	21.7463	64.6220	64.8707
573.5092	0.619297	0.622699	0.295416	0.293653	21.6630	21.7544	64.4980	64.7523
573.0339	0.618936	0.622272	0.296877	0.295032	21.6750	21.7625	64.3750	64.6334
572.5586	0.618621	0.621839	0.298294	0.296415	21.6880	21.7705	64.2570	64.5141
572.0831	0.618241	0.621399	0.299722	0.297803	21.6990	21.7784	64.1360	64.3941
571.6075	0.617899	0.620952	0.301236	0.299195	21.7130	21.7864	64.0100	64.2737
571.1318	0.617708	0.620499	0.302666	0.300592	21.7310	21.7942	63.8960	64.1528
570.6559	0.617435	0.620038	0.304083	0.301994	21.7460	21.8021	63.7800	64.0313
570.1801	0.617148	0.619571	0.305523	0.303400	21.7610	21.8099	63.6620	63.9093
569.7040	0.616732	0.619096	0.306873	0.304811	21.7700	21.8176	63.5460	63.7868
569.2278	0.616494	0.618615	0.308313	0.306226	21.7870	21.8253	63.4300	63.6637
568.7516	0.616135	0.618149	0.309762	0.307592	21.8000	21.8329	63.3090	63.5450
568.2753	0.615767	0.617698	0.311222	0.308912	21.8130	21.8402	63.1870	63.4303
567.7988	0.615408	0.617248	0.312714	0.310218	21.8270	21.8475	63.0630	63.3167
567.3222	0.614988	0.616803	0.314150	0.311504	21.8380	21.8546	62.9410	63.2049
566.8455	0.614654	0.616351	0.315577	0.312794	21.8520	21.8618	62.8230	63.0925
566.3687	0.614283	0.615893	0.317069	0.314088	21.8660	21.8688	62.6990	62.9797
565.8918	0.613914	0.615428	0.318495	0.315388	21.8790	21.8759	62.5800	62.8663
565.4149	0.613576	0.614956	0.319965	0.316691	21.8940	21.8829	62.4590	62.7524
564.9377	0.613144	0.614478	0.321389	0.318000	21.9050	21.8898	62.3380	62.6379
564.4605	0.612714	0.613993	0.322856	0.319314	21.9170	21.8968	62.2140	62.5228
563.9832	0.612208	0.613501	0.324353	0.320636	21.9270	21.9037	62.0850	62.4069
563.5057	0.611704	0.612975	0.325838	0.322077	21.9370	21.9118	61.9570	62.2811
563.0282	0.611219	0.612443	0.327334	0.323522	21.9480	21.9198	61.8290	62.1548
562.5505	0.610807	0.611885	0.328899	0.325046	21.9630	21.9286	61.6990	62.0218
562.0728	0.610336	0.611318	0.330407	0.326580	21.9750	21.9373	61.5710	61.8879
561.5948	0.609877	0.610743	0.331936	0.328119	21.9880	21.9461	61.4420	61.7533
561.1169	0.609403	0.610159	0.333486	0.329662	22.0010	21.9547	61.3110	61.6182
560.6388	0.608913	0.609567	0.335057	0.331211	22.0140	21.9634	61.1780	61.4824
560.1606	0.608441	0.608966	0.336640	0.332764	22.0280	21.9719	61.0450	61.3460
559.6823	0.607870	0.608356	0.338239	0.334322	22.0390	21.9805	60.9070	61.2090
559.2039	0.607318	0.607737	0.339794	0.335886	22.0500	21.9889	60.7730	61.0713
558.7253	0.606801	0.607131	0.341329	0.337369	22.0620	21.9964	60.6420	60.9401
558.2467	0.606386	0.606531	0.342881	0.338793	22.0780	22.0032	60.5140	60.8134
557.7679	0.605909	0.605942	0.344484	0.340149	22.0930	22.0091	60.3800	60.6920
557.2891	0.605422	0.605364	0.346097	0.341434	22.1080	22.0141	60.2450	60.5764
556.8102	0.604904	0.604779	0.347653	0.342722	22.1210	22.0191	60.1130	60.4602
556.3311	0.604402	0.604187	0.349275	0.344016	22.1360	22.0240	59.9770	60.3434
555.8519	0.603911	0.603588	0.350822	0.345315	22.1500	22.0289	59.8470	60.2260
555.3726	0.603366	0.602981	0.352451	0.346618	22.1640	22.0338	59.7090	60.1080
554.8932	0.602804	0.602366	0.354102	0.347926	22.1780	22.0386	59.5690	59.9894
554.4137	0.602204	0.601745	0.355760	0.349238	22.1910	22.0434	59.4270	59.8702
553.9341	0.601655	0.601110	0.357421	0.350587	22.2060	22.0485	59.2870	59.7479
553.4543	0.601132	0.600433	0.359029	0.352137	22.2210	22.0565	59.1520	59.6095
552.9745	0.600475	0.599744	0.360659	0.353705	22.2320	22.0645	59.0100	59.4696
552.4946	0.599895	0.599007	0.362251	0.355494	22.2450	22.0755	58.8740	59.3120
552.0145	0.599316	0.598258	0.363831	0.357289	22.2580	22.0865	58.7390	59.1537
551.5344	0.598742	0.597499	0.365445	0.359089	22.2720	22.0974	58.6020	58.9947
551.0541	0.598129	0.596728	0.367065	0.360894	22.2850	22.1083	58.4630	58.8349
550.5737	0.597538	0.595946	0.368643	0.362705	22.2980	22.1191	58.3280	58.6744
550.0933	0.596926	0.595153	0.370341	0.364521	22.3130	22.1299	58.1840	58.5132
549.6127	0.596267	0.594348	0.372011	0.366342	22.3260	22.1406	58.0400	58.3513
549.1320	0.595596	0.593531	0.373645	0.368169	22.3380	22.1513	57.8980	58.1885
548.6511	0.594921	0.592745	0.375324	0.369866	22.3510	22.1604	57.7530	58.0363
548.1702	0.594215	0.591965	0.377042	0.371517	22.3640	22.1690	57.6040	57.8876
547.6891	0.593498	0.591200	0.378770	0.373093	22.3770	22.1767	57.4540	57.7449
547.2080	0.592802	0.590439	0.380455	0.374630	22.3900	22.1839	57.3080	57.6051
546.7267	0.592101	0.589668	0.382139	0.376172	22.4030	22.1910	57.1620	57.4646
546.2454	0.591423	0.588887	0.383825	0.377719	22.4170	22.1980	57.0170	57.3234
545.7639	0.590719	0.588096	0.385496	0.379271	22.4300	22.2050	56.8720	57.1815
545.2823	0.589963	0.587295	0.387194	0.380828	22.4420	22.2119	56.7230	57.0389
544.8007	0.589209	0.586484	0.388925	0.382390	22.4550	22.2188	56.5720	56.8955
544.3188	0.588429	0.585662	0.390729	0.383957	22.4690	22.2256	56.4150	56.7513
543.8369	0.587671	0.584825	0.392402	0.385559	22.4810	22.2329	56.2680	56.6042
543.3549	0.586894	0.583966	0.394139	0.387223	22.4940	22.2409	56.1160	56.4520
542.8728	0.586106	0.583094	0.395840	0.388898	22.5060	22.2490	55.9660	56.2985
542.3905	0.585340	0.582208	0.397543	0.390594	22.5190	22.2573	55.8170	56.1430
541.9082	0.584500	0.581310	0.399302	0.392295	22.5310	22.2656	55.6610	55.9867
541.4257	0.583709	0.580401	0.401067	0.394001	22.5450	22.2737	55.5070	55.8296
540.9431	0.582864	0.579479	0.402857	0.395713	22.5580	22.2818	55.3490	55.6717
540.4604	0.582023	0.578545	0.404547	0.397430	22.5690	22.2899	55.1980	55.5130
539.9777	0.581173	0.577600	0.406368	0.399150	22.5830	22.2978	55.0380	55.3536
539.4948	0.580264	0.576648	0.408179	0.400858	22.5950	22.3055	54.8760	55.1948
539.0118	0.579403	0.575683	0.409997	0.402570	22.6090	22.3130	54.7160	55.0352
538.5286	0.578503	0.574756	0.411774	0.404121	22.6210	22.3183	54.5570	54.8883
538.0454	0.577612	0.573819	0.413530	0.405672	22.6330	22.3235	54.4000	54.7409
537.5621	0.576689	0.572871	0.415279	0.407227	22.6440	22.3286	54.2420	54.5928
537.0786	0.575764	0.571912	0.417105	0.408788	22.6570	22.3336	54.0790	54.4438
536.5950	0.574874	0.570941	0.418914	0.410354	22.6710	22.3385	53.9190	54.2940
536.1114	0.573925	0.569960	0.420711	0.411923	22.6830	22.3434	53.7570	54.1435
535.6276	0.572955	0.568966	0.422527	0.413498	22.6950	22.3483	53.5930	53.9921
535.1437	0.571992	0.567961	0.424365	0.415078	22.7080	22.3530	53.4280	53.8399
534.6597	0.571033	0.566960	0.426146	0.416670	22.7200	22.3584	53.2670	53.6871
534.1756	0.570104	0.565954	0.428000	0.418271	22.7350	22.3640	53.1030	53.5335
533.6913	0.569030	0.564957	0.429792	0.419889	22.7440	22.3706	52.9360	53.3795
533.2070	0.568025	0.563961	0.431686	0.421517	22.7580	22.3776	52.7660	53.2247
532.7226	0.567090	0.562953	0.433558	0.423151	22.7740	22.3846	52.6010	53.0692
532.2380	0.566038	0.561932	0.435452	0.424790	22.7870	22.3915	52.4290	52.9127
531.7534	0.565029	0.560898	0.437319	0.426434	22.8010	22.3984	52.2610	52.7554
531.2686	0.564018	0.559852	0.439219	0.428083	22.8160	22.4051	52.0910	52.5971
530.7837	0.562985	0.558792	0.441136	0.429737	22.8310	22.4118	51.9190	52.4380
530.2987	0.561923	0.557720	0.443080	0.431397	22.8460	22.4185	51.7440	52.2780
529.8136	0.560861	0.556581	0.445011	0.433179	22.8610	22.4263	51.5700	52.1069
529.3284	0.559785	0.555342	0.446950	0.435155	22.8760	22.4360	51.3950	51.9185
528.8430	0.558653	0.554082	0.448831	0.437147	22.8880	22.4457	51.2210	51.7280
528.3576	0.557620	0.552794	0.450811	0.439167	22.9060	22.4556	51.0460	51.5346
527.8720	0.556500	0.551489	0.452771	0.441191	22.9210	22.4653	50.8680	51.3402
527.3864	0.555377	0.550168	0.454684	0.443220	22.9350	22.4750	50.6930	51.1448
526.9006	0.554284	0.548829	0.456705	0.445254	22.9530	22.4847	50.5130	50.9483
526.4147	0.553207	0.547473	0.458694	0.447292	22.9710	22.4942	50.3360	50.7508
525.9287	0.552048	0.546106	0.460733	0.449323	22.9880	22.5035	50.1520	50.5533
525.4426	0.550913	0.544758	0.462730	0.451291	23.0050	22.5122	49.9720	50.3608
524.9564	0.549728	0.543399	0.464738	0.453252	23.0210	22.5206	49.7890	50.1683
524.4700	0.548563	0.542083	0.466748	0.455111	23.0380	22.5281	49.6070	49.9845
523.9836	0.547386	0.540750	0.468835	0.456974	23.0570	22.5354	49.4200	49.7997
523.4971	0.546246	0.539402	0.470941	0.458841	23.0780	22.5427	49.2340	49.6139
523.0104	0.545102	0.538037	0.472966	0.460712	23.0970	22.5498	49.0530	49.4271
522.5236	0.543941	0.536655	0.474962	0.462588	23.1150	22.5569	48.8730	49.2392
522.0367	0.542786	0.535256	0.477050	0.464468	23.1360	22.5639	48.6880	49.0502
521.5497	0.541536	0.533840	0.479161	0.466351	23.1550	22.5707	48.4970	48.8602
521.0626	0.540360	0.532408	0.481139	0.468239	23.1730	22.5775	48.3180	48.6692
520.5754	0.539137	0.530962	0.483231	0.470161	23.1930	22.5851	48.1300	48.4755
520.0881	0.537889	0.529499	0.485338	0.472091	23.2130	22.5928	47.9400	48.2805
519.6006	0.536668	0.528019	0.487440	0.474028	23.2340	22.6004	47.7520	48.0841
519.1131	0.535403	0.526521	0.489542	0.475969	23.2540	22.6080	47.5620	47.8867
518.6254	0.534183	0.525004	0.491654	0.477915	23.2760	22.6155	47.3740	47.6882
518.1377	0.532875	0.523469	0.493707	0.479864	23.2940	22.6229	47.1850	47.4885
517.6498	0.531568	0.521915	0.495782	0.481817	23.3130	22.6301	46.9950	47.2877
517.1618	0.530209	0.520342	0.497795	0.483773	23.3290	22.6373	46.8060	47.0858
516.6737	0.528912	0.518786	0.499765	0.485687	23.3460	22.6441	46.6230	46.8873
516.1855	0.527529	0.517228	0.501885	0.487582	23.3650	22.6507	46.4270	46.6900
515.6971	0.526154	0.515673	0.504088	0.489452	23.3870	22.6571	46.2270	46.4943
515.2087	0.524710	0.514114	0.506176	0.491309	23.4040	22.6632	46.0300	46.2994
514.7202	0.523361	0.512536	0.508325	0.493168	23.4260	22.6693	45.8350	46.1033
514.2314	0.521971	0.510940	0.510367	0.495032	23.4440	22.6752	45.6440	45.9059
513.7427	0.520564	0.509325	0.512379	0.496898	23.4610	22.6811	45.4540	45.7075
513.2538	0.519144	0.507691	0.514597	0.498768	23.4840	22.6868	45.2520	45.5079
512.7648	0.517702	0.506010	0.516655	0.500694	23.5020	22.6931	45.0580	45.3025
512.2757	0.516181	0.504279	0.518746	0.502681	23.5190	22.7001	44.8580	45.0910
511.7864	0.514703	0.502467	0.521048	0.504783	23.5440	22.7085	44.6490	44.8683
511.2971	0.513157	0.500554	0.523269	0.507032	23.5650	22.7188	44.4410	44.6316
510.8076	0.511657	0.498617	0.525432	0.509284	23.5860	22.7289	44.2390	44.3937
510.3181	0.509951	0.496656	0.527682	0.511537	23.6040	22.7389	44.0210	44.1544
509.8284	0.508198	0.494671	0.529666	0.513793	23.6130	22.7487	43.8150	43.9137
509.3386	0.506598	0.492660	0.531590	0.516050	23.6250	22.7585	43.6210	43.6717
508.8488	0.504953	0.490638	0.533805	0.518291	23.6450	22.7679	43.4090	43.4300
508.3587	0.503334	0.488618	0.536014	0.520498	23.6660	22.7769	43.1990	43.1905
507.8686	0.501642	0.486673	0.538115	0.522578	23.6820	22.7847	42.9910	42.9625
507.3784	0.499836	0.484977	0.540341	0.524315	23.6990	22.7896	42.7700	42.7680
506.8880	0.497981	0.483261	0.542500	0.526054	23.7130	22.7944	42.5500	42.5723
506.3976	0.496120	0.481527	0.544713	0.527796	23.7290	22.7990	42.3270	42.3753
505.9070	0.494202	0.479773	0.546867	0.529540	23.7420	22.8035	42.1040	42.1771
505.4163	0.492375	0.477999	0.549147	0.531288	23.7620	22.8080	41.8800	41.9777
504.9255	0.490445	0.476206	0.551470	0.533037	23.7810	22.8123	41.6480	41.7770
504.4346	0.488521	0.474392	0.553709	0.534789	23.7980	22.8165	41.4210	41.5751
503.9436	0.486587	0.472525	0.555941	0.536588	23.8150	22.8211	41.1940	41.3675
503.4525	0.484591	0.470369	0.558087	0.538731	23.8280	22.8288	40.9680	41.1244
502.9612	0.482578	0.468188	0.560356	0.540874	23.8450	22.8365	40.7350	40.8799
502.4698	0.480416	0.465981	0.562674	0.543017	23.8600	22.8440	40.4910	40.6340
501.9784	0.478302	0.463749	0.564933	0.545159	23.8750	22.8513	40.2530	40.3867
501.4868	0.476207	0.461490	0.567099	0.547301	23.8880	22.8585	40.0210	40.1379
500.9951	0.474017	0.459205	0.569297	0.549443	23.9000	22.8655	39.7820	39.8877
500.5033	0.471892	0.456893	0.571516	0.551583	23.9150	22.8723	39.5460	39.6360
500.0114	0.469762	0.454555	0.573753	0.553722	23.9310	22.8790	39.3090	39.3828
499.5193	0.467565	0.452365	0.576057	0.555691	23.9480	22.8847	39.0650	39.1476
499.0272	0.465359	0.450156	0.578231	0.557655	23.9610	22.8902	38.8270	38.9115
498.5349	0.463003	0.447940	0.580389	0.559601	23.9700	22.8955	38.5810	38.6760
498.0426	0.460701	0.445701	0.582575	0.561545	23.9820	22.9006	38.3370	38.4392
497.5501	0.458379	0.443437	0.584760	0.563489	23.9940	22.9056	38.0920	38.2009
497.0575	0.455972	0.441147	0.587053	0.565432	24.0080	22.9104	37.8370	37.9612
496.5648	0.453490	0.438833	0.589444	0.567373	24.0240	22.9151	37.5730	37.7200
496.0720	0.450955	0.436493	0.591620	0.569313	24.0320	22.9195	37.3160	37.4774
495.5790	0.448524	0.434079	0.593787	0.571363	24.0430	22.9264	37.0660	37.2249
495.0860	0.445934	0.431631	0.596113	0.573430	24.0560	22.9334	36.7990	36.9694
494.5928	0.443397	0.429149	0.598321	0.575507	24.0670	22.9406	36.5410	36.7114
494.0995	0.440871	0.426638	0.600503	0.577585	24.0780	22.9477	36.2850	36.4517
493.6062	0.438229	0.424098	0.602750	0.579658	24.0890	22.9545	36.0190	36.1905
493.1127	0.435680	0.421530	0.604997	0.581729	24.1030	22.9612	35.7590	35.9277
492.6190	0.432941	0.418932	0.607274	0.583797	24.1140	22.9677	35.4860	35.6632
492.1253	0.430182	0.416306	0.609573	0.585861	24.1260	22.9740	35.2110	35.3972
491.6315	0.427510	0.413712	0.611706	0.587887	24.1350	22.9805	34.9490	35.1351
491.1375	0.424704	0.411109	0.613855	0.589899	24.1420	22.9869	34.6780	34.8732
490.6435	0.421889	0.408478	0.616131	0.591906	24.1540	22.9930	34.4010	34.6098
490.1493	0.418986	0.405817	0.618445	0.593910	24.1660	22.9990	34.1170	34.3447
489.6550	0.416041	0.403127	0.620654	0.595909	24.1740	23.0048	33.8350	34.0780
489.1606	0.413111	0.400407	0.622914	0.597903	24.1850	23.0105	33.5520	33.8097
488.6661	0.410173	0.397656	0.625213	0.599898	24.1980	23.0160	33.2670	33.5393
488.1714	0.407172	0.394872	0.627613	0.601890	24.2140	23.0214	32.9740	33.2670
487.6767	0.404070	0.392032	0.629863	0.603918	24.2230	23.0274	32.6810	32.9895
487.1818	0.400908	0.389146	0.632291	0.605963	24.2380	23.0337	32.3770	32.7083
486.6869	0.397706	0.386229	0.634637	0.608000	24.2500	23.0398	32.0740	32.4255
486.1918	0.394512	0.383280	0.636927	0.610031	24.2610	23.0456	31.7740	32.1409
485.6966	0.391257	0.380299	0.639149	0.612055	24.2690	23.0513	31.4730	31.8547
485.2013	0.387803	0.377286	0.641628	0.614071	24.2830	23.0567	31.1490	31.5666
484.7058	0.384524	0.374208	0.643895	0.616123	24.2940	23.0627	30.8450	31.2728
484.2103	0.381275	0.371073	0.646065	0.618195	24.3030	23.0691	30.5470	30.9744
483.7146	0.377971	0.367827	0.648377	0.620355	24.3170	23.0771	30.2400	30.6650
483.2189	0.374345	0.364488	0.650664	0.622577	24.3240	23.0861	29.9130	30.3469
482.7230	0.370739	0.361112	0.652990	0.624787	24.3340	23.0949	29.5860	30.0269
482.2270	0.367200	0.357700	0.655172	0.626985	24.3410	23.1035	29.2690	29.7051
481.7309	0.363475	0.354250	0.657457	0.629171	24.3490	23.1118	28.9360	29.3814
481.2346	0.359943	0.350763	0.659633	0.631344	24.3580	23.1198	28.6200	29.0557
480.7383	0.356320	0.347411	0.661675	0.633374	24.3610	23.1264	28.3030	28.7452
480.2419	0.352669	0.344181	0.663916	0.635277	24.3720	23.1315	27.9770	28.4480
479.7453	0.348903	0.341030	0.666058	0.637087	24.3780	23.1356	27.6470	28.1599
479.2486	0.345332	0.337955	0.668124	0.638809	24.3860	23.1388	27.3330	27.8806
478.7518	0.341497	0.334850	0.670196	0.640522	24.3900	23.1417	27.0010	27.5995
478.2549	0.337473	0.331714	0.672334	0.642226	24.3940	23.1445	26.6540	27.3167
477.7579	0.333550	0.328548	0.674442	0.643919	24.4000	23.1470	26.3150	27.0321
477.2608	0.329506	0.325350	0.676427	0.645603	24.4000	23.1493	25.9720	26.7457
476.7635	0.325430	0.321567	0.678525	0.647649	24.4050	23.1550	25.6230	26.4051
476.2662	0.321451	0.317132	0.680496	0.650085	24.4080	23.1644	25.2850	26.0046
475.7687	0.317395	0.312589	0.682676	0.652535	24.4190	23.1739	24.9350	25.5962
475.2711	0.313089	0.307929	0.684762	0.655003	24.4230	23.1835	24.5710	25.1790
474.7734	0.308711	0.303220	0.686722	0.657442	24.4220	23.1928	24.2060	24.7597
474.2756	0.304492	0.298465	0.688779	0.659850	24.4290	23.2017	23.8490	24.3383
473.7776	0.300034	0.293775	0.690657	0.662171	24.4260	23.2100	23.4810	23.9247
473.2796	0.295812	0.289182	0.692551	0.664392	24.4290	23.2177	23.1290	23.5215
472.7814	0.291551	0.284999	0.694455	0.666369	24.4330	23.2243	22.7740	23.1559
472.2831	0.287252	0.281360	0.696269	0.668052	24.4340	23.2296	22.4190	22.8391
471.7848	0.282828	0.277688	0.698128	0.669718	24.4360	23.2346	22.0540	22.5205
471.2863	0.278405	0.273979	0.700027	0.671367	24.4410	23.2394	21.6880	22.1999
470.7876	0.273588	0.270235	0.701898	0.672999	24.4400	23.2439	21.2950	21.8774
470.2889	0.268886	0.266457	0.703811	0.674612	24.4440	23.2481	20.9090	21.5529
469.7900	0.264236	0.262486	0.705717	0.676287	24.4500	23.2527	20.5270	21.2126
469.2911	0.259722	0.258262	0.707465	0.678049	24.4530	23.2581	20.1590	20.8513
468.7920	0.255167	0.253894	0.709608	0.679836	24.4730	23.2635	19.7780	20.4788
468.2928	0.250644	0.249339	0.711582	0.681667	24.4880	23.2693	19.4040	20.0914
467.7935	0.245787	0.244744	0.713372	0.683468	24.4920	23.2747	19.0110	19.7020
467.2941	0.240995	0.240108	0.715319	0.685237	24.5050	23.2797	18.6190	19.3105
466.7945	0.235999	0.235464	0.717247	0.686964	24.5160	23.2843	18.2130	18.9197
466.2949	0.231270	0.230831	0.719027	0.688642	24.5260	23.2885	17.8300	18.5310
465.7951	0.226492	0.226467	0.720666	0.690191	24.5310	23.2925	17.4470	18.1658
465.2952	0.221701	0.222511	0.722130	0.691574	24.5300	23.2964	17.0670	17.8354
464.7952	0.217257	0.218522	0.723742	0.692936	24.5410	23.3000	16.7090	17.5030
464.2951	0.212091	0.214497	0.725249	0.694276	24.5400	23.3034	16.3010	17.1686
463.7949	0.207130	0.210439	0.726848	0.695592	24.5470	23.3064	15.9060	16.8322
463.2946	0.202148	0.206346	0.728083	0.696885	24.5400	23.3091	15.5170	16.4939
462.7941	0.197228	0.202195	0.729289	0.698163	24.5340	23.3116	15.1330	16.1516
462.2935	0.192514	0.197978	0.730548	0.699429	24.5340	23.3139	14.7630	15.8045
461.7928	0.187117	0.193710	0.731901	0.700675	24.5320	23.3160	14.3410	15.4541
461.2921	0.181733	0.189388	0.733304	0.701901	24.5340	23.3178	13.9190	15.1000
460.7911	0.176429	0.185029	0.734598	0.703100	24.5340	23.3194	13.5050	14.7437
460.2901	0.171227	0.180637	0.735922	0.704270	24.5380	23.3205	13.0980	14.3856
459.7889	0.165795	0.176205	0.737188	0.705420	24.5390	23.3217	12.6750	14.0248
459.2877	0.160319	0.171733	0.738258	0.706551	24.5330	23.3228	12.2520	13.6613
458.7863	0.154856	0.167204	0.739447	0.707686	24.5340	23.3249	11.8280	13.2934
458.2848	0.149306	0.162612	0.740610	0.708835	24.5350	23.3281	11.3980	12.9205
457.7832	0.143459	0.157985	0.741695	0.709952	24.5320	23.3310	10.9470	12.5455
457.2815	0.138058	0.153322	0.742650	0.711035	24.5290	23.3335	10.5310	12.1685
456.7796	0.132714	0.148625	0.743623	0.712084	24.5290	23.3357	10.1190	11.7894
456.2777	0.127189	0.143894	0.744635	0.713098	24.5310	23.3374	9.6930	11.4084
455.7756	0.121530	0.139121	0.745486	0.714107	24.5270	23.3400	9.2590	11.0242
455.2734	0.115955	0.134303	0.746698	0.715116	24.5410	23.3435	8.8270	10.6366
454.7711	0.110335	0.129448	0.747549	0.716095	24.5410	23.3470	8.3960	10.2466
454.2687	0.104773	0.124556	0.748534	0.717046	24.5490	23.3505	7.9680	9.8544
453.7662	0.098971	0.119630	0.749231	0.717958	24.5450	23.3535	7.5250	9.4600
453.2635	0.093059	0.114669	0.749896	0.718831	24.5410	23.3561	7.0740	9.0636
452.7608	0.087219	0.109507	0.750482	0.719716	24.5360	23.3595	6.6290	8.6514
452.2579	0.081228	0.104122	0.751016	0.720614	24.5300	23.3636	6.1730	8.2218
451.7549	0.075298	0.098528	0.751473	0.721514	24.5230	23.3683	5.7220	7.7760
451.2518	0.069261	0.092715	0.751893	0.722415	24.5160	23.3737	5.2630	7.3134
450.7485	0.063181	0.086866	0.752244	0.723259	24.5080	23.3786	4.8010	6.8486
450.2452	0.057086	0.080984	0.752547	0.724047	24.5000	23.3830	4.3380	6.3820
449.7417	0.050884	0.075158	0.752786	0.724771	24.4910	23.3870	3.8670	5.9203
449.2382	0.044773	0.069385	0.752944	0.725434	24.4810	23.3906	3.4030	5.4635
448.7345	0.038491	0.063949	0.753062	0.726025	24.4710	23.3944	2.9260	5.0337
448.2307	0.032263	0.058813	0.753125	0.726555	24.4610	23.3984	2.4530	4.6279
447.7267	0.025970	0.053645	0.753116	0.727040	24.4500	23.4020	1.9750	4.2200
447.2227	0.019653	0.048448	0.753032	0.727480	24.4380	23.4051	1.4950	3.8101
446.7186	0.013234	0.043222	0.752919	0.727875	24.4270	23.4079	1.0070	3.3983
446.2143	0.006858	0.037966	0.752705	0.728223	24.4140	23.4102	0.5220	2.9844
445.7099	0.000420	0.032237	0.752461	0.728556	24.4020	23.4126	0.0320	2.5336
445.2054	-0.006039	0.026152	0.752138	0.728853	24.3890	23.4148	359.5400	2.0550
444.7008	-0.012544	0.020041	0.751735	0.729088	24.3750	23.4165	359.0440	1.5746
444.1960	-0.019069	0.013904	0.751276	0.729258	24.3610	23.4177	358.5460	1.0923
443.6912	-0.025640	0.007743	0.750757	0.729365	24.3470	23.4183	358.0440	0.6083
443.1862	-0.032216	0.001558	0.750181	0.729406	24.3330	23.4184	357.5410	0.1224
442.6812	-0.038782	-0.004449	0.749524	0.729450	24.3180	23.4207	357.0380	-0.3494
442.1759	-0.045445	-0.010366	0.748803	0.729472	24.3030	23.4242	356.5270	-0.8142
441.6706	-0.052097	-0.016255	0.748022	0.729452	24.2880	23.4278	356.0160	-1.2766
441.1652	-0.058791	-0.022140	0.747178	0.729382	24.2730	23.4314	355.5010	-1.7387
440.6596	-0.065485	-0.028048	0.746250	0.729250	24.2570	23.4344	354.9850	-2.2026
440.1540	-0.072287	-0.033976	0.745273	0.729058	24.2420	23.4369	354.4600	-2.6682
