# ========================================================
# RESULTADOS DE AJUSTE ELIPSOMÉTRICO (AUTORANGE + TMM)
# ========================================================
# Archivo de origen: TiO2-RTP-oxigeno.T1-2.txt
# Espesores óptimos (nm): [np.float64(42.5154168238265)]
# Error mínimo (Chi2 Red / MSE): 5.969224e-04
# Parámetros de dispersión optimizados:
#   Capa 'TiO2_RTP_oxigeno': {'model': 'cauchy', 'A': 1.2136784273229129, 'B': 43.25267588802576, 'C': -28.019020371354056}
# ========================================================
# Wavelength_nm	Is_exp	Is_fit	Ic_exp	Ic_fit	Psi_exp_deg	Psi_fit_deg	Delta_exp_deg	Delta_fit_deg
829.9594	0.523182	0.561262	-0.098024	-0.078299	16.0800	17.2601	100.6120	97.9418
829.5408	0.524963	0.561496	-0.097979	-0.078000	16.1390	17.2668	100.5720	97.9086
829.1221	0.527128	0.561731	-0.096974	-0.077700	16.2050	17.2734	100.4240	97.8754
828.7034	0.526588	0.561965	-0.096980	-0.077400	16.1870	17.2800	100.4350	97.8421
828.2845	0.527388	0.562199	-0.095881	-0.077099	16.2070	17.2867	100.3040	97.8088
827.8656	0.527538	0.562433	-0.095718	-0.076798	16.2110	17.2933	100.2840	97.7754
827.4465	0.528027	0.562667	-0.094998	-0.076495	16.2230	17.3000	100.1990	97.7420
827.0275	0.528517	0.562901	-0.093591	-0.076192	16.2310	17.3066	100.0420	97.7085
826.6082	0.528200	0.563128	-0.093355	-0.075917	16.2190	17.3132	100.0230	97.6779
826.1889	0.527732	0.563355	-0.092275	-0.075642	16.1970	17.3197	99.9180	97.6474
825.7695	0.527859	0.563579	-0.091718	-0.075378	16.1980	17.3262	99.8570	97.6181
825.3500	0.528850	0.563801	-0.090654	-0.075123	16.2250	17.3327	99.7270	97.5896
824.9305	0.529800	0.564024	-0.090161	-0.074866	16.2540	17.3392	99.6580	97.5610
824.5108	0.529327	0.564246	-0.089605	-0.074609	16.2350	17.3457	99.6080	97.5324
824.0911	0.529534	0.564468	-0.088557	-0.074352	16.2360	17.3522	99.4940	97.5038
823.6713	0.529684	0.564690	-0.088012	-0.074094	16.2380	17.3587	99.4340	97.4751
823.2513	0.530015	0.564912	-0.087458	-0.073834	16.2460	17.3652	99.3700	97.4464
822.8313	0.529282	0.565134	-0.087015	-0.073575	16.2190	17.3718	99.3360	97.4176
822.4112	0.529985	0.565356	-0.086912	-0.073314	16.2420	17.3783	99.3130	97.3888
821.9910	0.530751	0.565578	-0.087152	-0.073053	16.2690	17.3848	99.3250	97.3599
821.5707	0.529677	0.565800	-0.086605	-0.072792	16.2300	17.3913	99.2860	97.3310
821.1503	0.529052	0.566022	-0.086228	-0.072529	16.2070	17.3978	99.2570	97.3020
820.7299	0.530231	0.566244	-0.085955	-0.072266	16.2450	17.4043	99.2080	97.2730
820.3093	0.531033	0.566466	-0.085971	-0.072002	16.2720	17.4108	99.1960	97.2439
819.8886	0.530889	0.566688	-0.085386	-0.071737	16.2640	17.4173	99.1370	97.2147
819.4679	0.531386	0.566910	-0.084886	-0.071472	16.2780	17.4239	99.0760	97.1856
819.0471	0.532374	0.567132	-0.084853	-0.071206	16.3110	17.4304	99.0560	97.1563
818.6262	0.532959	0.567353	-0.084546	-0.070940	16.3290	17.4369	99.0140	97.1271
818.2051	0.533258	0.567575	-0.083973	-0.070672	16.3360	17.4434	98.9490	97.0977
817.7841	0.533985	0.567797	-0.083696	-0.070404	16.3590	17.4500	98.9080	97.0683
817.3629	0.533637	0.568018	-0.083451	-0.070136	16.3460	17.4565	98.8880	97.0389
816.9416	0.535022	0.568240	-0.083524	-0.069866	16.3930	17.4630	98.8730	97.0094
816.5202	0.535750	0.568462	-0.083235	-0.069596	16.4160	17.4696	98.8310	96.9799
816.0988	0.536657	0.568683	-0.083127	-0.069325	16.4460	17.4761	98.8050	96.9503
815.6772	0.537634	0.568915	-0.082558	-0.069036	16.4760	17.4829	98.7300	96.9188
815.2556	0.537579	0.569150	-0.082338	-0.068740	16.4730	17.4899	98.7080	96.8866
814.8338	0.538099	0.569388	-0.082235	-0.068440	16.4900	17.4968	98.6890	96.8540
814.4120	0.538671	0.569628	-0.081784	-0.068133	16.5070	17.5039	98.6330	96.8207
813.9901	0.538806	0.569869	-0.081871	-0.067825	16.5120	17.5110	98.6400	96.7873
813.5681	0.539228	0.570110	-0.081820	-0.067516	16.5260	17.5181	98.6280	96.7539
813.1460	0.539358	0.570350	-0.081156	-0.067207	16.5270	17.5252	98.5570	96.7204
812.7238	0.539330	0.570591	-0.080950	-0.066897	16.5250	17.5323	98.5360	96.6869
812.3015	0.540717	0.570831	-0.080570	-0.066586	16.5700	17.5394	98.4750	96.6533
811.8792	0.539670	0.571071	-0.080452	-0.066274	16.5340	17.5464	98.4790	96.6197
811.4567	0.539968	0.571311	-0.080236	-0.065962	16.5430	17.5535	98.4520	96.5861
811.0341	0.540228	0.571551	-0.079880	-0.065649	16.5500	17.5606	98.4110	96.5523
810.6115	0.540325	0.571791	-0.080222	-0.065335	16.5550	17.5677	98.4450	96.5186
810.1888	0.540467	0.572030	-0.079665	-0.065020	16.5570	17.5748	98.3850	96.4848
809.7659	0.541076	0.572270	-0.079137	-0.064705	16.5750	17.5819	98.3210	96.4509
809.3430	0.541422	0.572509	-0.078589	-0.064389	16.5840	17.5890	98.2590	96.4170
808.9200	0.542039	0.572749	-0.077790	-0.064072	16.6010	17.5961	98.1670	96.3830
808.4969	0.542445	0.572988	-0.077221	-0.063754	16.6120	17.6032	98.1020	96.3490
808.0737	0.542646	0.573227	-0.076631	-0.063435	16.6160	17.6103	98.0380	96.3149
807.6505	0.542797	0.573466	-0.076401	-0.063116	16.6200	17.6174	98.0120	96.2808
807.2271	0.542785	0.573705	-0.076061	-0.062796	16.6180	17.6245	97.9770	96.2466
806.8036	0.543483	0.573944	-0.075289	-0.062475	16.6380	17.6316	97.8870	96.2123
806.3801	0.544046	0.574182	-0.074835	-0.062154	16.6550	17.6387	97.8320	96.1781
805.9564	0.544781	0.574421	-0.074199	-0.061831	16.6770	17.6458	97.7560	96.1437
805.5327	0.545303	0.574661	-0.073602	-0.061509	16.6920	17.6530	97.6870	96.1094
805.1089	0.545905	0.574901	-0.072839	-0.061186	16.7090	17.6602	97.6000	96.0750
804.6850	0.546386	0.575154	-0.072535	-0.060867	16.7240	17.6678	97.5620	96.0410
804.2610	0.546555	0.575411	-0.071926	-0.060550	16.7270	17.6756	97.4970	96.0071
803.8369	0.547023	0.575667	-0.071493	-0.060232	16.7410	17.6834	97.4460	95.9731
803.4127	0.547710	0.575924	-0.071174	-0.059913	16.7630	17.6912	97.4040	95.9391
802.9884	0.547972	0.576181	-0.070965	-0.059594	16.7710	17.6991	97.3790	95.9050
802.5640	0.548488	0.576437	-0.070604	-0.059273	16.7870	17.7069	97.3350	95.8709
802.1396	0.548556	0.576693	-0.070077	-0.058952	16.7870	17.7147	97.2800	95.8367
801.7150	0.548599	0.576949	-0.069966	-0.058630	16.7880	17.7225	97.2680	95.8025
801.2903	0.549295	0.577205	-0.069334	-0.058307	16.8090	17.7303	97.1940	95.7682
800.8657	0.549429	0.577461	-0.069195	-0.057983	16.8130	17.7381	97.1780	95.7339
800.4408	0.549146	0.577717	-0.068653	-0.057658	16.8010	17.7459	97.1260	95.6994
800.0159	0.549401	0.577972	-0.068490	-0.057333	16.8090	17.7537	97.1060	95.6650
799.5909	0.549747	0.578228	-0.067822	-0.057006	16.8180	17.7615	97.0330	95.6305
799.1658	0.550076	0.578483	-0.067531	-0.056679	16.8280	17.7694	96.9990	95.5959
798.7406	0.550644	0.578738	-0.066947	-0.056351	16.8450	17.7772	96.9320	95.5613
798.3153	0.551383	0.578993	-0.066647	-0.056022	16.8690	17.7850	96.8920	95.5266
797.8899	0.552151	0.579248	-0.066094	-0.055692	16.8930	17.7928	96.8260	95.4919
797.4644	0.552382	0.579502	-0.065868	-0.055361	16.9000	17.8006	96.8000	95.4571
797.0389	0.553026	0.579757	-0.065367	-0.055030	16.9200	17.8084	96.7410	95.4222
796.6132	0.553473	0.580011	-0.064793	-0.054697	16.9330	17.8163	96.6770	95.3873
796.1875	0.553505	0.580265	-0.064268	-0.054364	16.9320	17.8241	96.6230	95.3523
795.7617	0.554003	0.580519	-0.063748	-0.054030	16.9470	17.8319	96.5640	95.3173
795.3357	0.554483	0.580773	-0.063117	-0.053695	16.9610	17.8397	96.4940	95.2822
794.9097	0.555076	0.581025	-0.062517	-0.053359	16.9790	17.8475	96.4260	95.2471
794.4836	0.555483	0.581269	-0.061738	-0.053024	16.9900	17.8550	96.3420	95.2121
794.0574	0.555817	0.581513	-0.061618	-0.052688	17.0010	17.8625	96.3260	95.1771
793.6310	0.556317	0.581756	-0.061044	-0.052351	17.0160	17.8699	96.2620	95.1420
793.2047	0.556704	0.581998	-0.060428	-0.052013	17.0270	17.8774	96.1950	95.1069
792.7782	0.556932	0.582239	-0.059932	-0.051674	17.0330	17.8848	96.1420	95.0717
792.3516	0.557256	0.582481	-0.059622	-0.051335	17.0430	17.8923	96.1070	95.0365
791.9249	0.557268	0.582722	-0.059240	-0.050994	17.0420	17.8997	96.0680	95.0012
791.4982	0.557895	0.582963	-0.058805	-0.050653	17.0620	17.9071	96.0170	94.9659
791.0714	0.558282	0.583204	-0.058441	-0.050311	17.0740	17.9146	95.9760	94.9305
790.6444	0.558547	0.583445	-0.058124	-0.049968	17.0820	17.9220	95.9410	94.8950
790.2173	0.558761	0.583686	-0.057742	-0.049624	17.0880	17.9295	95.9000	94.8595
789.7902	0.559161	0.583926	-0.057241	-0.049279	17.1000	17.9369	95.8450	94.8239
789.3630	0.559442	0.584166	-0.056767	-0.048933	17.1080	17.9443	95.7940	94.7883
788.9357	0.559808	0.584406	-0.056587	-0.048587	17.1200	17.9518	95.7720	94.7526
788.5083	0.559977	0.584646	-0.056061	-0.048240	17.1240	17.9592	95.7170	94.7168
788.0807	0.560054	0.584886	-0.055871	-0.047891	17.1260	17.9667	95.6970	94.6810
787.6532	0.560416	0.585126	-0.055433	-0.047542	17.1370	17.9741	95.6490	94.6451
787.2255	0.560301	0.585365	-0.055135	-0.047192	17.1320	17.9815	95.6200	94.6092
786.7977	0.560288	0.585604	-0.054374	-0.046841	17.1290	17.9890	95.5430	94.5732
786.3699	0.560562	0.585843	-0.053937	-0.046489	17.1370	17.9964	95.4960	94.5371
785.9419	0.560821	0.586081	-0.053655	-0.046136	17.1450	18.0039	95.4650	94.5010
785.5139	0.561064	0.586320	-0.053234	-0.045782	17.1520	18.0113	95.4200	94.4649
785.0857	0.561346	0.586558	-0.052697	-0.045428	17.1600	18.0188	95.3630	94.4286
784.6575	0.561749	0.586804	-0.052102	-0.045073	17.1720	18.0265	95.2990	94.3923
784.2291	0.561708	0.587052	-0.051920	-0.044717	17.1700	18.0343	95.2810	94.3559
783.8007	0.561779	0.587302	-0.051462	-0.044361	17.1710	18.0421	95.2340	94.3195
783.3722	0.562051	0.587553	-0.051022	-0.044003	17.1790	18.0501	95.1870	94.2830
782.9435	0.562568	0.587804	-0.050426	-0.043645	17.1950	18.0580	95.1220	94.2465
782.5148	0.562942	0.588056	-0.050122	-0.043286	17.2070	18.0660	95.0880	94.2099
782.0861	0.562863	0.588306	-0.050026	-0.042926	17.2040	18.0739	95.0790	94.1732
781.6572	0.562829	0.588557	-0.049766	-0.042565	17.2020	18.0818	95.0530	94.1365
781.2282	0.563041	0.588808	-0.049329	-0.042203	17.2080	18.0898	95.0070	94.0997
780.7991	0.563209	0.589058	-0.049056	-0.041840	17.2130	18.0977	94.9780	94.0628
780.3699	0.563473	0.589308	-0.048683	-0.041476	17.2210	18.1057	94.9380	94.0259
779.9407	0.563567	0.589558	-0.048255	-0.041111	17.2230	18.1136	94.8940	93.9889
779.5113	0.563715	0.589807	-0.047872	-0.040745	17.2270	18.1216	94.8540	93.9519
779.0818	0.564217	0.590056	-0.047408	-0.040378	17.2430	18.1295	94.8030	93.9147
778.6523	0.564875	0.590305	-0.046779	-0.040011	17.2640	18.1374	94.7340	93.8776
778.2227	0.565265	0.590554	-0.046255	-0.039642	17.2760	18.1454	94.6780	93.8403
777.7930	0.565433	0.590803	-0.045961	-0.039272	17.2810	18.1533	94.6470	93.8030
777.3632	0.565833	0.591051	-0.045645	-0.038902	17.2940	18.1613	94.6120	93.7657
776.9332	0.566065	0.591299	-0.045266	-0.038530	17.3010	18.1692	94.5720	93.7282
776.5032	0.566417	0.591547	-0.044837	-0.038157	17.3120	18.1771	94.5260	93.6907
776.0731	0.566627	0.591795	-0.044366	-0.037784	17.3180	18.1851	94.4770	93.6531
775.6429	0.566999	0.592042	-0.043648	-0.037409	17.3290	18.1930	94.4020	93.6155
775.2126	0.567202	0.592289	-0.043255	-0.037034	17.3350	18.2010	94.3610	93.5778
774.7822	0.567493	0.592528	-0.042829	-0.036655	17.3440	18.2086	94.3160	93.5399
774.3517	0.567587	0.592758	-0.042737	-0.036272	17.3470	18.2159	94.3060	93.5017
773.9212	0.567961	0.592988	-0.042346	-0.035889	17.3590	18.2233	94.2640	93.4634
773.4905	0.568187	0.593216	-0.042024	-0.035504	17.3660	18.2306	94.2300	93.4251
773.0598	0.568530	0.593443	-0.041660	-0.035119	17.3770	18.2378	94.1910	93.3867
772.6289	0.568909	0.593671	-0.041189	-0.034732	17.3890	18.2451	94.1410	93.3482
772.1980	0.569409	0.593898	-0.040636	-0.034344	17.4050	18.2524	94.0820	93.3096
771.7669	0.569553	0.594125	-0.040227	-0.033956	17.4090	18.2597	94.0400	93.2710
771.3358	0.569610	0.594351	-0.039821	-0.033566	17.4100	18.2669	93.9990	93.2323
770.9046	0.569953	0.594578	-0.039425	-0.033175	17.4210	18.2742	93.9570	93.1936
770.4733	0.570266	0.594804	-0.039057	-0.032784	17.4310	18.2815	93.9180	93.1548
770.0419	0.570600	0.595029	-0.038790	-0.032391	17.4420	18.2888	93.8890	93.1159
769.6104	0.571051	0.595255	-0.038480	-0.031998	17.4570	18.2960	93.8550	93.0770
769.1787	0.571387	0.595480	-0.038182	-0.031603	17.4680	18.3033	93.8230	93.0379
768.7471	0.571318	0.595705	-0.037927	-0.031208	17.4650	18.3106	93.7980	92.9989
768.3152	0.571938	0.595929	-0.037657	-0.030811	17.4860	18.3179	93.7670	92.9597
767.8834	0.572435	0.596154	-0.037068	-0.030414	17.5020	18.3251	93.7050	92.9205
767.4514	0.572939	0.596378	-0.036347	-0.030015	17.5180	18.3324	93.6300	92.8812
767.0193	0.573252	0.596601	-0.035925	-0.029616	17.5280	18.3397	93.5860	92.8419
766.5872	0.573685	0.596825	-0.035410	-0.029215	17.5420	18.3469	93.5320	92.8025
766.1549	0.574036	0.597048	-0.034818	-0.028814	17.5530	18.3542	93.4710	92.7630
765.7225	0.574272	0.597272	-0.034691	-0.028410	17.5610	18.3615	93.4570	92.7233
765.2901	0.574631	0.597497	-0.034441	-0.028004	17.5730	18.3689	93.4300	92.6835
764.8575	0.574955	0.597723	-0.034269	-0.027596	17.5840	18.3763	93.4110	92.6434
764.4249	0.575406	0.597953	-0.033893	-0.027183	17.5990	18.3838	93.3710	92.6029
763.9922	0.575791	0.598182	-0.033674	-0.026769	17.6120	18.3913	93.3470	92.5623
763.5593	0.576327	0.598411	-0.033291	-0.026354	17.6300	18.3988	93.3060	92.5217
763.1264	0.576681	0.598639	-0.033090	-0.025939	17.6420	18.4064	93.2840	92.4810
762.6934	0.577027	0.598868	-0.032524	-0.025522	17.6530	18.4139	93.2260	92.4403
762.2603	0.577193	0.599096	-0.032118	-0.025104	17.6580	18.4214	93.1850	92.3994
761.8271	0.577444	0.599323	-0.031698	-0.024685	17.6660	18.4289	93.1420	92.3585
761.3938	0.577725	0.599550	-0.031258	-0.024265	17.6750	18.4364	93.0970	92.3176
760.9604	0.578128	0.599777	-0.030653	-0.023843	17.6880	18.4439	93.0350	92.2765
760.5269	0.578568	0.600004	-0.030402	-0.023421	17.7030	18.4514	93.0080	92.2354
760.0933	0.579015	0.600230	-0.030031	-0.022998	17.7180	18.4590	92.9690	92.1942
759.6597	0.579525	0.600456	-0.029520	-0.022574	17.7350	18.4665	92.9160	92.1530
759.2259	0.579765	0.600681	-0.029288	-0.022148	17.7430	18.4740	92.8920	92.1117
758.7921	0.580003	0.600906	-0.029067	-0.021722	17.7510	18.4815	92.8690	92.0703
758.3581	0.580489	0.601131	-0.028452	-0.021294	17.7670	18.4890	92.8060	92.0288
757.9240	0.580592	0.601355	-0.028091	-0.020866	17.7700	18.4965	92.7700	91.9872
757.4899	0.580866	0.601579	-0.027708	-0.020436	17.7790	18.5040	92.7310	91.9456
757.0556	0.581078	0.601803	-0.027444	-0.020005	17.7860	18.5115	92.7040	91.9039
756.6213	0.581575	0.602026	-0.027142	-0.019574	17.8030	18.5190	92.6720	91.8622
756.1868	0.582001	0.602249	-0.026540	-0.019141	17.8170	18.5265	92.6110	91.8204
755.7523	0.582210	0.602472	-0.026306	-0.018717	17.8240	18.5340	92.5870	91.7794
755.3177	0.582564	0.602697	-0.026006	-0.018299	17.8360	18.5416	92.5560	91.7391
754.8830	0.582806	0.602921	-0.025670	-0.017881	17.8440	18.5492	92.5220	91.6987
754.4482	0.582932	0.603145	-0.025380	-0.017462	17.8480	18.5568	92.4930	91.6583
754.0132	0.583255	0.603368	-0.025129	-0.017041	17.8590	18.5644	92.4670	91.6178
753.5782	0.583558	0.603591	-0.024683	-0.016619	17.8690	18.5720	92.4220	91.5772
753.1431	0.583801	0.603813	-0.024285	-0.016196	17.8770	18.5796	92.3820	91.5365
752.7079	0.583983	0.604036	-0.024017	-0.015772	17.8830	18.5871	92.3550	91.4957
752.2726	0.584252	0.604258	-0.023660	-0.015347	17.8920	18.5947	92.3190	91.4549
751.8373	0.584321	0.604479	-0.023356	-0.014921	17.8940	18.6023	92.2890	91.4140
751.4018	0.584771	0.604700	-0.022720	-0.014494	17.9090	18.6099	92.2250	91.3730
750.9662	0.585097	0.604921	-0.022344	-0.014065	17.9200	18.6175	92.1870	91.3320
750.5306	0.585333	0.605141	-0.022097	-0.013636	17.9280	18.6250	92.1620	91.2908
750.0948	0.585608	0.605361	-0.021565	-0.013205	17.9370	18.6326	92.1090	91.2496
749.6589	0.585875	0.605581	-0.021217	-0.012773	17.9460	18.6402	92.0740	91.2083
749.2230	0.586059	0.605800	-0.020834	-0.012340	17.9520	18.6477	92.0360	91.1670
748.7869	0.586240	0.606018	-0.020492	-0.011906	17.9580	18.6553	92.0020	91.1255
748.3508	0.586653	0.606237	-0.020005	-0.011471	17.9720	18.6629	91.9530	91.0840
747.9146	0.586943	0.606455	-0.019789	-0.011035	17.9820	18.6704	91.9310	91.0424
747.4782	0.587148	0.606672	-0.019591	-0.010597	17.9890	18.6780	91.9110	91.0007
747.0417	0.587386	0.606889	-0.019239	-0.010158	17.9970	18.6855	91.8760	90.9589
746.6052	0.587630	0.607118	-0.018662	-0.009718	18.0050	18.6935	91.8190	90.9170
746.1686	0.588043	0.607348	-0.018110	-0.009276	18.0190	18.7016	91.7640	90.8750
745.7319	0.588455	0.607578	-0.017547	-0.008834	18.0330	18.7096	91.7080	90.8330
745.2950	0.588778	0.607809	-0.017125	-0.008390	18.0440	18.7177	91.6660	90.7908
744.8582	0.589217	0.608039	-0.016592	-0.007944	18.0590	18.7258	91.6130	90.7486
744.4211	0.589366	0.608269	-0.016277	-0.007498	18.0640	18.7339	91.5820	90.7062
743.9841	0.589600	0.608498	-0.015995	-0.007050	18.0720	18.7419	91.5540	90.6638
743.5468	0.589811	0.608726	-0.015476	-0.006602	18.0790	18.7500	91.5030	90.6213
743.1096	0.590045	0.608955	-0.015152	-0.006152	18.0870	18.7581	91.4710	90.5788
742.6722	0.590162	0.609182	-0.014990	-0.005700	18.0910	18.7662	91.4550	90.5361
742.2347	0.590254	0.609410	-0.014673	-0.005248	18.0940	18.7742	91.4240	90.4934
741.7971	0.590437	0.609637	-0.014100	-0.004794	18.1000	18.7823	91.3680	90.4506
741.3594	0.590504	0.609863	-0.013669	-0.004339	18.1020	18.7904	91.3260	90.4077
740.9216	0.590623	0.610089	-0.013382	-0.003883	18.1060	18.7984	91.2980	90.3647
740.4838	0.590828	0.610315	-0.013026	-0.003426	18.1130	18.8065	91.2630	90.3216
740.0458	0.590888	0.610540	-0.012873	-0.002967	18.1150	18.8145	91.2480	90.2785
739.6077	0.590891	0.610764	-0.012708	-0.002507	18.1150	18.8226	91.2320	90.2352
739.1696	0.591154	0.610988	-0.012280	-0.002046	18.1240	18.8306	91.1900	90.1919
738.7313	0.591301	0.611212	-0.011973	-0.001584	18.1290	18.8387	91.1600	90.1485
738.2930	0.591481	0.611435	-0.011440	-0.001121	18.1350	18.8467	91.1080	90.1050
737.8545	0.591601	0.611651	-0.011029	-0.000654	18.1390	18.8545	91.0680	90.0613
737.4160	0.591861	0.611853	-0.010672	-0.000184	18.1480	18.8618	91.0330	90.0173
736.9773	0.592037	0.612055	-0.010251	0.000287	18.1540	18.8691	90.9920	89.9731
736.5386	0.592156	0.612256	-0.009881	0.000760	18.1580	18.8764	90.9560	89.9289
736.0997	0.592329	0.612457	-0.009595	0.001233	18.1640	18.8837	90.9280	89.8846
735.6608	0.592560	0.612657	-0.009226	0.001708	18.1720	18.8910	90.8920	89.8402
735.2218	0.592734	0.612857	-0.008908	0.002184	18.1780	18.8983	90.8610	89.7958
734.7827	0.592652	0.613056	-0.008741	0.002662	18.1750	18.9056	90.8450	89.7512
734.3434	0.592799	0.613254	-0.008257	0.003141	18.1800	18.9129	90.7980	89.7066
733.9041	0.593031	0.613452	-0.007732	0.003621	18.1880	18.9202	90.7470	89.6618
733.4647	0.592979	0.613650	-0.007431	0.004102	18.1860	18.9274	90.7180	89.6170
733.0252	0.593010	0.613847	-0.007204	0.004584	18.1870	18.9347	90.6960	89.5721
732.5856	0.593438	0.614044	-0.006650	0.005068	18.2020	18.9420	90.6420	89.5271
732.1459	0.593470	0.614240	-0.006277	0.005553	18.2030	18.9493	90.6060	89.4821
731.7061	0.593361	0.614435	-0.005924	0.006039	18.1990	18.9565	90.5720	89.4369
731.2662	0.593476	0.614630	-0.005707	0.006526	18.2030	18.9638	90.5510	89.3916
730.8262	0.593451	0.614824	-0.005345	0.007015	18.2020	18.9710	90.5160	89.3463
730.3861	0.593340	0.615018	-0.005209	0.007505	18.1980	18.9783	90.5030	89.3009
729.9459	0.593484	0.615212	-0.004796	0.007996	18.2030	18.9856	90.4630	89.2554
729.5057	0.593515	0.615412	-0.004403	0.008486	18.2040	18.9931	90.4250	89.2100
729.0653	0.593744	0.615611	-0.003720	0.008978	18.2120	19.0006	90.3590	89.1644
728.6248	0.593718	0.615824	-0.003368	0.009468	18.2110	19.0086	90.3250	89.1192
728.1843	0.593720	0.616039	-0.003036	0.009958	18.2110	19.0167	90.2930	89.0739
727.7436	0.593750	0.616253	-0.002653	0.010449	18.2120	19.0247	90.2560	89.0286
727.3028	0.593695	0.616467	-0.002300	0.010942	18.2100	19.0328	90.2220	88.9831
726.8619	0.593838	0.616680	-0.001731	0.011436	18.2150	19.0409	90.1670	88.9376
726.4210	0.593811	0.616892	-0.001378	0.011932	18.2140	19.0490	90.1330	88.8919
725.9799	0.593952	0.617104	-0.001006	0.012429	18.2190	19.0570	90.0970	88.8462
725.5388	0.594065	0.617315	-0.000446	0.012927	18.2230	19.0651	90.0430	88.8004
725.0975	0.594205	0.617526	0.000145	0.013426	18.2280	19.0732	89.9860	88.7545
724.6561	0.594373	0.617736	0.000550	0.013927	18.2340	19.0812	89.9470	88.7084
724.2147	0.594289	0.617946	0.000996	0.014430	18.2310	19.0893	89.9040	88.6623
723.7732	0.594316	0.618155	0.001452	0.014933	18.2320	19.0973	89.8600	88.6161
723.3315	0.594315	0.618363	0.001805	0.015438	18.2320	19.1054	89.8260	88.5698
722.8898	0.594425	0.618571	0.002407	0.015945	18.2360	19.1134	89.7680	88.5234
722.4479	0.594507	0.618778	0.002864	0.016453	18.2390	19.1215	89.7240	88.4769
722.0060	0.594505	0.618984	0.003352	0.016962	18.2390	19.1295	89.6770	88.4303
721.5640	0.594837	0.619190	0.004049	0.017472	18.2510	19.1375	89.6100	88.3836
721.1218	0.594974	0.619396	0.004507	0.017984	18.2560	19.1455	89.5660	88.3369
720.6796	0.595111	0.619588	0.004934	0.018499	18.2610	19.1531	89.5250	88.2898
720.2373	0.595162	0.619776	0.005485	0.019016	18.2630	19.1605	89.4720	88.2426
719.7949	0.595132	0.619961	0.005744	0.019535	18.2620	19.1679	89.4470	88.1952
719.3524	0.595294	0.620144	0.006296	0.020055	18.2680	19.1751	89.3940	88.1478
718.9097	0.595373	0.620325	0.006817	0.020577	18.2710	19.1824	89.3440	88.1002
718.4670	0.595423	0.620506	0.007296	0.021099	18.2730	19.1897	89.2980	88.0525
718.0242	0.595751	0.620687	0.007955	0.021624	18.2850	19.1969	89.2350	88.0047
717.5813	0.595884	0.620866	0.008529	0.022149	18.2900	19.2042	89.1800	87.9568
717.1383	0.596072	0.621045	0.009083	0.022676	18.2970	19.2114	89.1270	87.9089
716.6952	0.596232	0.621224	0.009606	0.023205	18.3030	19.2186	89.0770	87.8608
716.2520	0.596447	0.621402	0.010161	0.023735	18.3110	19.2258	89.0240	87.8126
715.8087	0.596657	0.621579	0.010925	0.024266	18.3190	19.2331	88.9510	87.7644
715.3653	0.596869	0.621755	0.011565	0.024798	18.3270	19.2403	88.8900	87.7160
714.9218	0.596945	0.621931	0.011973	0.025333	18.3300	19.2475	88.8510	87.6675
714.4782	0.597158	0.622106	0.012519	0.025868	18.3380	19.2547	88.7990	87.6189
714.0345	0.597450	0.622280	0.013276	0.026405	18.3490	19.2619	88.7270	87.5703
713.5907	0.597660	0.622453	0.013865	0.026943	18.3570	19.2691	88.6710	87.5215
713.1469	0.597813	0.622626	0.014495	0.027483	18.3630	19.2763	88.6110	87.4726
712.7028	0.597967	0.622812	0.015073	0.028019	18.3690	19.2840	88.5560	87.4241
712.2588	0.598202	0.623003	0.015717	0.028554	18.3780	19.2918	88.4950	87.3758
711.8146	0.598437	0.623199	0.016340	0.029088	18.3870	19.2999	88.4360	87.3277
711.3703	0.598726	0.623403	0.017017	0.029621	18.3980	19.3083	88.3720	87.2797
710.9259	0.599011	0.623605	0.017799	0.030155	18.4090	19.3167	88.2980	87.2316
710.4814	0.599189	0.623807	0.018380	0.030691	18.4160	19.3250	88.2430	87.1833
710.0369	0.599395	0.624009	0.018931	0.031228	18.4240	19.3334	88.1910	87.1350
709.5922	0.599600	0.624209	0.019535	0.031767	18.4320	19.3417	88.1340	87.0866
709.1474	0.599915	0.624409	0.020121	0.032308	18.4440	19.3501	88.0790	87.0381
708.7026	0.600147	0.624608	0.020706	0.032850	18.4530	19.3584	88.0240	86.9894
708.2576	0.600377	0.624806	0.021312	0.033393	18.4620	19.3667	87.9670	86.9407
707.8125	0.600580	0.625004	0.021875	0.033938	18.4700	19.3750	87.9140	86.8918
707.3674	0.600862	0.625200	0.022558	0.034485	18.4810	19.3833	87.8500	86.8429
706.9221	0.601147	0.625396	0.023136	0.035033	18.4920	19.3917	87.7960	86.7938
706.4767	0.601426	0.625591	0.023851	0.035583	18.5030	19.4000	87.7290	86.7446
706.0313	0.601700	0.625786	0.024661	0.036134	18.5140	19.4083	87.6530	86.6953
705.5857	0.601925	0.625980	0.025281	0.036687	18.5230	19.4165	87.5950	86.6459
705.1401	0.602208	0.626172	0.025851	0.037242	18.5340	19.4248	87.5420	86.5963
704.6943	0.602516	0.626362	0.026454	0.037800	18.5460	19.4330	87.4860	86.5465
704.2484	0.602737	0.626549	0.027138	0.038361	18.5550	19.4411	87.4220	86.4964
703.8025	0.602929	0.626734	0.027801	0.038925	18.5630	19.4492	87.3600	86.4460
703.3564	0.603196	0.626916	0.028646	0.039493	18.5740	19.4572	87.2810	86.3954
702.9103	0.603556	0.627097	0.029265	0.040062	18.5880	19.4652	87.2240	86.3446
702.4641	0.603853	0.627277	0.030019	0.040633	18.6000	19.4731	87.1540	86.2937
702.0177	0.604237	0.627456	0.030694	0.041206	18.6150	19.4811	87.0920	86.2427
701.5712	0.604591	0.627634	0.031389	0.041780	18.6290	19.4891	87.0280	86.1916
701.1247	0.604948	0.627812	0.032011	0.042355	18.6430	19.4970	86.9710	86.1404
700.6780	0.605248	0.627989	0.032641	0.042933	18.6550	19.5049	86.9130	86.0890
700.2313	0.605466	0.628165	0.033225	0.043511	18.6640	19.5129	86.8590	86.0376
699.7844	0.605791	0.628340	0.033890	0.044092	18.6770	19.5208	86.7980	85.9860
699.3375	0.606062	0.628514	0.034500	0.044674	18.6880	19.5287	86.7420	85.9343
698.8904	0.606382	0.628687	0.035208	0.045258	18.7010	19.5366	86.6770	85.8825
698.4433	0.606706	0.628860	0.035843	0.045843	18.7140	19.5446	86.6190	85.8306
697.9961	0.607127	0.629031	0.036697	0.046430	18.7310	19.5525	86.5410	85.7785
697.5488	0.607419	0.629202	0.037375	0.047019	18.7430	19.5603	86.4790	85.7264
697.1013	0.607627	0.629371	0.038037	0.047609	18.7520	19.5682	86.4180	85.6741
696.6537	0.607867	0.629539	0.038638	0.048195	18.7620	19.5761	86.3630	85.6222
696.2061	0.608236	0.629706	0.039365	0.048782	18.7770	19.5839	86.2970	85.5703
695.7584	0.608530	0.629872	0.039970	0.049366	18.7890	19.5916	86.2420	85.5186
695.3105	0.608842	0.630036	0.040695	0.049948	18.8020	19.5994	86.1760	85.4671
694.8626	0.609181	0.630199	0.041423	0.050533	18.8160	19.6071	86.1100	85.4155
694.4146	0.609410	0.630361	0.042122	0.051118	18.8260	19.6148	86.0460	85.3638
693.9664	0.609780	0.630522	0.042779	0.051706	18.8410	19.6225	85.9870	85.3120
693.5182	0.610283	0.630682	0.043499	0.052295	18.8610	19.6302	85.9230	85.2600
693.0699	0.610653	0.630842	0.044115	0.052886	18.8760	19.6379	85.8680	85.2079
692.6215	0.611024	0.631000	0.044721	0.053478	18.8910	19.6456	85.8140	85.1557
692.1729	0.611342	0.631158	0.045291	0.054073	18.9040	19.6533	85.7630	85.1033
691.7243	0.611624	0.631315	0.045956	0.054669	18.9160	19.6610	85.7030	85.0508
691.2756	0.611987	0.631470	0.046639	0.055266	18.9310	19.6686	85.6420	84.9982
690.8267	0.612241	0.631625	0.047292	0.055866	18.9420	19.6763	85.5830	84.9455
690.3778	0.612628	0.631779	0.048000	0.056467	18.9580	19.6839	85.5200	84.8926
689.9288	0.612908	0.631932	0.048646	0.057069	18.9700	19.6916	85.4620	84.8397
689.4797	0.613263	0.632084	0.049396	0.057674	18.9850	19.6992	85.3950	84.7865
689.0304	0.613567	0.632234	0.050067	0.058280	18.9980	19.7068	85.3350	84.7333
688.5811	0.613872	0.632385	0.050728	0.058887	19.0110	19.7145	85.2760	84.6800
688.1317	0.614174	0.632535	0.051401	0.059496	19.0240	19.7221	85.2160	84.6266
687.6821	0.614422	0.632684	0.052059	0.060107	19.0350	19.7298	85.1570	84.5730
687.2325	0.614770	0.632832	0.052834	0.060719	19.0500	19.7374	85.0880	84.5194
686.7828	0.615043	0.632979	0.053496	0.061333	19.0620	19.7450	85.0290	84.4656
686.3329	0.615374	0.633126	0.054130	0.061949	19.0760	19.7526	84.9730	84.4116
685.8830	0.615676	0.633271	0.054763	0.062566	19.0890	19.7602	84.9170	84.3576
685.4330	0.616087	0.633415	0.055407	0.063185	19.1060	19.7678	84.8610	84.3034
684.9828	0.616467	0.633558	0.056070	0.063807	19.1220	19.7754	84.8030	84.2491
684.5327	0.616685	0.633700	0.056698	0.064429	19.1320	19.7830	84.7470	84.1946
684.0823	0.616979	0.633841	0.057387	0.065054	19.1450	19.7906	84.6860	84.1400
683.6319	0.617305	0.633980	0.058016	0.065680	19.1590	19.7981	84.6310	84.0853
683.1813	0.617544	0.634119	0.058690	0.066308	19.1700	19.8057	84.5710	84.0304
682.7307	0.617907	0.634257	0.059498	0.066938	19.1860	19.8132	84.5000	83.9754
682.2800	0.618176	0.634394	0.060123	0.067570	19.1980	19.8208	84.4450	83.9203
681.8292	0.618464	0.634531	0.060837	0.068204	19.2110	19.8283	84.3820	83.8650
681.3782	0.618724	0.634669	0.061539	0.068840	19.2230	19.8360	84.3200	83.8095
680.9272	0.618962	0.634808	0.062184	0.069478	19.2340	19.8437	84.2630	83.7540
680.4761	0.619220	0.634959	0.062887	0.070121	19.2460	19.8519	84.2010	83.6981
680.0248	0.619426	0.635108	0.063563	0.070766	19.2560	19.8601	84.1410	83.6422
679.5735	0.619713	0.635257	0.064238	0.071412	19.2690	19.8682	84.0820	83.5861
679.1221	0.619890	0.635404	0.064912	0.072060	19.2780	19.8764	84.0220	83.5298
678.6705	0.620120	0.635550	0.065593	0.072710	19.2890	19.8846	83.9620	83.4734
678.2189	0.620352	0.635695	0.066253	0.073362	19.3000	19.8927	83.9040	83.4169
677.7672	0.620577	0.635838	0.066967	0.074016	19.3110	19.9008	83.8410	83.3602
677.3154	0.620752	0.635981	0.067633	0.074672	19.3200	19.9089	83.7820	83.3034
676.8634	0.620975	0.636122	0.068348	0.075330	19.3310	19.9171	83.7190	83.2464
676.4114	0.621123	0.636262	0.068990	0.075990	19.3390	19.9251	83.6620	83.1893
675.9592	0.621286	0.636401	0.069743	0.076652	19.3480	19.9332	83.5950	83.1321
675.5070	0.621475	0.636539	0.070500	0.077315	19.3580	19.9413	83.5280	83.0747
675.0547	0.621649	0.636675	0.071136	0.077981	19.3670	19.9494	83.4720	83.0171
674.6022	0.621758	0.636811	0.071852	0.078648	19.3740	19.9574	83.4080	82.9594
674.1497	0.621925	0.636945	0.072542	0.079318	19.3830	19.9655	83.3470	82.9016
673.6971	0.622063	0.637085	0.073230	0.079984	19.3910	19.9738	83.2860	82.8441
673.2443	0.622257	0.637228	0.073913	0.080650	19.4010	19.9822	83.2260	82.7868
672.7915	0.622418	0.637371	0.074627	0.081317	19.4100	19.9906	83.1630	82.7294
672.3386	0.622555	0.637514	0.075304	0.081985	19.4180	19.9991	83.1030	82.6719
671.8855	0.622668	0.637656	0.075958	0.082655	19.4250	20.0076	83.0450	82.6143
671.4324	0.622827	0.637796	0.076672	0.083327	19.4340	20.0160	82.9820	82.5565
670.9791	0.622961	0.637936	0.077362	0.084001	19.4420	20.0245	82.9210	82.4986
670.5258	0.623111	0.638074	0.078132	0.084678	19.4510	20.0329	82.8530	82.4406
670.0723	0.623290	0.638210	0.078884	0.085356	19.4610	20.0414	82.7870	82.3823
669.6188	0.623447	0.638346	0.079589	0.086036	19.4700	20.0498	82.7250	82.3239
669.1651	0.623573	0.638480	0.080313	0.086719	19.4780	20.0582	82.6610	82.2654
668.7114	0.623704	0.638613	0.080994	0.087403	19.4860	20.0666	82.6010	82.2067
668.2575	0.623862	0.638744	0.081668	0.088090	19.4950	20.0750	82.5420	82.1478
667.8035	0.624062	0.638875	0.082436	0.088778	19.5060	20.0833	82.4750	82.0888
667.3495	0.624180	0.639004	0.083195	0.089469	19.5140	20.0917	82.4080	82.0296
666.8953	0.624306	0.639131	0.083888	0.090162	19.5220	20.1001	82.3470	81.9703
666.4411	0.624460	0.639259	0.084575	0.090856	19.5310	20.1084	82.2870	81.9109
665.9868	0.624614	0.639384	0.085251	0.091552	19.5400	20.1168	82.2280	81.8513
665.5323	0.624724	0.639510	0.086043	0.092251	19.5480	20.1252	82.1580	81.7916
665.0777	0.624893	0.639634	0.086800	0.092951	19.5580	20.1336	82.0920	81.7317
664.6230	0.624976	0.639756	0.087579	0.093653	19.5650	20.1419	82.0230	81.6717
664.1683	0.625123	0.639877	0.088278	0.094358	19.5740	20.1503	81.9620	81.6115
663.7134	0.625239	0.639997	0.089007	0.095065	19.5820	20.1586	81.8980	81.5511
663.2584	0.625320	0.640115	0.089776	0.095774	19.5890	20.1669	81.8300	81.4906
662.8034	0.625427	0.640232	0.090549	0.096485	19.5970	20.1752	81.7620	81.4299
662.3482	0.625542	0.640347	0.091268	0.097198	19.6050	20.1835	81.6990	81.3690
661.8929	0.625647	0.640461	0.092042	0.097913	19.6130	20.1918	81.6310	81.3079
661.4376	0.625694	0.640573	0.092830	0.098631	19.6190	20.2001	81.5610	81.2467
660.9821	0.625751	0.640684	0.093553	0.099351	19.6250	20.2083	81.4970	81.1854
660.5265	0.625805	0.640794	0.094287	0.100073	19.6310	20.2166	81.4320	81.1238
660.0708	0.625881	0.640902	0.095047	0.100797	19.6380	20.2248	81.3650	81.0621
659.6151	0.626011	0.641003	0.095804	0.101520	19.6470	20.2328	81.2990	81.0005
659.1592	0.626161	0.641102	0.096610	0.102244	19.6570	20.2408	81.2290	80.9387
658.7032	0.626261	0.641195	0.097376	0.102967	19.6650	20.2485	81.1620	80.8769
658.2471	0.626330	0.641284	0.098159	0.103691	19.6720	20.2562	81.0930	80.8151
657.7909	0.626410	0.641372	0.098866	0.104418	19.6790	20.2639	81.0310	80.7532
657.3346	0.626519	0.641458	0.099556	0.105146	19.6870	20.2715	80.9710	80.6910
656.8782	0.626606	0.641542	0.100209	0.105877	19.6940	20.2791	80.9140	80.6287
656.4218	0.626682	0.641625	0.100928	0.106610	19.7010	20.2867	80.8510	80.5662
655.9651	0.626729	0.641707	0.101654	0.107345	19.7070	20.2943	80.7870	80.5035
655.5084	0.626741	0.641787	0.102419	0.108083	19.7120	20.3019	80.7190	80.4406
655.0516	0.626727	0.641865	0.103170	0.108822	19.7160	20.3095	80.6520	80.3775
654.5947	0.626714	0.641942	0.103909	0.109564	19.7200	20.3170	80.5860	80.3143
654.1377	0.626780	0.642017	0.104662	0.110308	19.7270	20.3246	80.5200	80.2509
653.6806	0.626743	0.642091	0.105376	0.111054	19.7300	20.3321	80.4560	80.1873
653.2234	0.626777	0.642163	0.106146	0.111803	19.7360	20.3396	80.3880	80.1236
652.7661	0.626773	0.642239	0.106810	0.112556	19.7400	20.3473	80.3290	80.0595
652.3087	0.626803	0.642319	0.107592	0.113313	19.7460	20.3552	80.2600	79.9953
651.8511	0.626791	0.642399	0.108299	0.114073	19.7500	20.3632	80.1970	79.9307
651.3936	0.626827	0.642483	0.109038	0.114837	19.7560	20.3714	80.1320	79.8660
650.9358	0.626868	0.642565	0.109744	0.115604	19.7620	20.3796	80.0700	79.8010
650.4780	0.626906	0.642645	0.110461	0.116373	19.7680	20.3877	80.0070	79.7358
650.0201	0.627020	0.642724	0.111204	0.117145	19.7770	20.3959	79.9430	79.6705
649.5620	0.627051	0.642801	0.111954	0.117919	19.7830	20.4040	79.8770	79.6049
649.1039	0.627080	0.642876	0.112705	0.118695	19.7890	20.4121	79.8110	79.5392
648.6457	0.627038	0.642949	0.113545	0.119473	19.7930	20.4202	79.7360	79.4733
648.1873	0.627084	0.643021	0.114345	0.120255	19.8000	20.4283	79.6660	79.4072
647.7289	0.627042	0.643090	0.115174	0.121038	19.8040	20.4364	79.5920	79.3409
647.2703	0.627116	0.643158	0.115957	0.121824	19.8120	20.4444	79.5240	79.2744
646.8117	0.627063	0.643224	0.116831	0.122612	19.8160	20.4525	79.4460	79.2077
646.3530	0.627054	0.643289	0.117611	0.123403	19.8210	20.4605	79.3770	79.1408
645.8941	0.626983	0.643354	0.118424	0.124195	19.8240	20.4686	79.3040	79.0739
645.4351	0.626994	0.643426	0.119231	0.124984	19.8300	20.4770	79.2330	79.0073
644.9761	0.627039	0.643497	0.120000	0.125775	19.8370	20.4854	79.1660	78.9406
644.5169	0.626999	0.643568	0.120923	0.126568	19.8420	20.4938	79.0840	78.8739
644.0577	0.626988	0.643638	0.121829	0.127363	19.8480	20.5022	79.0040	78.8069
643.5983	0.626953	0.643705	0.122708	0.128160	19.8530	20.5107	78.9260	78.7398
643.1389	0.626978	0.643771	0.123554	0.128960	19.8600	20.5191	78.8520	78.6724
642.6793	0.626915	0.643835	0.124428	0.129763	19.8640	20.5274	78.7740	78.6049
642.2196	0.626846	0.643897	0.125324	0.130568	19.8680	20.5358	78.6940	78.5371
641.7598	0.626887	0.643957	0.126209	0.131376	19.8760	20.5442	78.6170	78.4691
641.2999	0.626917	0.644015	0.127149	0.132186	19.8840	20.5525	78.5350	78.4009
640.8400	0.627008	0.644071	0.128045	0.132999	19.8940	20.5608	78.4580	78.3325
640.3799	0.626943	0.644126	0.128898	0.133815	19.8980	20.5691	78.3820	78.2639
639.9197	0.627013	0.644178	0.129882	0.134633	19.9080	20.5774	78.2970	78.1951
639.4594	0.626998	0.644229	0.130747	0.135453	19.9140	20.5857	78.2210	78.1261
638.9990	0.626946	0.644277	0.131650	0.136277	19.9190	20.5940	78.1410	78.0569
638.5385	0.626945	0.644328	0.132564	0.137100	19.9260	20.6024	78.0610	77.9877
638.0779	0.626876	0.644377	0.133407	0.137927	19.9300	20.6108	77.9860	77.9183
637.6172	0.626765	0.644424	0.134310	0.138756	19.9330	20.6192	77.9050	77.8487
637.1564	0.626798	0.644469	0.135175	0.139588	19.9410	20.6275	77.8300	77.7789
636.6954	0.626756	0.644511	0.136002	0.140423	19.9460	20.6359	77.7570	77.7088
636.2344	0.626756	0.644552	0.137010	0.141260	19.9540	20.6442	77.6690	77.6385
635.7733	0.626697	0.644590	0.137903	0.142100	19.9590	20.6525	77.5900	77.5680
635.3121	0.626583	0.644627	0.138795	0.142942	19.9620	20.6608	77.5100	77.4973
634.8508	0.626547	0.644661	0.139820	0.143787	19.9690	20.6691	77.4200	77.4264
634.3893	0.626529	0.644693	0.140758	0.144636	19.9760	20.6773	77.3380	77.3552
633.9278	0.626680	0.644723	0.141792	0.145486	19.9900	20.6856	77.2510	77.2838
633.4662	0.626867	0.644750	0.142777	0.146340	20.0050	20.6938	77.1690	77.2122
633.0044	0.626935	0.644776	0.143679	0.147196	20.0150	20.7020	77.0920	77.1403
632.5425	0.626905	0.644797	0.144525	0.148078	20.0210	20.7103	77.0180	77.0662
632.0806	0.626857	0.644816	0.145447	0.148964	20.0270	20.7186	76.9370	76.9919
631.6186	0.626593	0.644832	0.146228	0.149864	20.0240	20.7270	76.8640	76.9162
631.1564	0.626536	0.644845	0.147057	0.150771	20.0290	20.7353	76.7910	76.8401
630.6942	0.626291	0.644855	0.148095	0.151680	20.0290	20.7436	76.6960	76.7637
630.2318	0.626076	0.644863	0.149118	0.152592	20.0300	20.7519	76.6030	76.6871
629.7693	0.625620	0.644869	0.149990	0.153507	20.0210	20.7602	76.5180	76.6103
629.3068	0.625628	0.644872	0.150986	0.154425	20.0300	20.7685	76.4320	76.5332
628.8441	0.625243	0.644872	0.151782	0.155346	20.0230	20.7768	76.3550	76.4559
628.3813	0.625430	0.644871	0.152822	0.156269	20.0390	20.7850	76.2690	76.3783
627.9184	0.625529	0.644866	0.153876	0.157196	20.0520	20.7932	76.1800	76.3005
627.4554	0.625787	0.644859	0.154612	0.158125	20.0680	20.8014	76.1220	76.2224
626.9923	0.625576	0.644850	0.155463	0.159057	20.0680	20.8096	76.0440	76.1441
626.5291	0.625209	0.644842	0.156276	0.159979	20.0620	20.8178	75.9660	76.0668
626.0658	0.624987	0.644831	0.157160	0.160904	20.0620	20.8259	75.8850	75.9892
625.6024	0.624845	0.644831	0.158052	0.161787	20.0650	20.8342	75.8050	75.9153
625.1389	0.624850	0.644831	0.158576	0.162665	20.0700	20.8424	75.7600	75.8419
624.6753	0.625074	0.644829	0.159318	0.163547	20.0850	20.8506	75.7010	75.7683
624.2115	0.624758	0.644824	0.160015	0.164432	20.0800	20.8588	75.6340	75.6943
623.7477	0.624560	0.644817	0.160894	0.165319	20.0810	20.8669	75.5540	75.6202
623.2838	0.624887	0.644807	0.161653	0.166209	20.1000	20.8751	75.4960	75.5457
622.8198	0.624891	0.644795	0.162807	0.167103	20.1110	20.8832	75.3970	75.4711
622.3557	0.624181	0.644780	0.164671	0.167999	20.1030	20.8913	75.2210	75.3961
621.8914	0.623616	0.644763	0.166386	0.168899	20.0990	20.8994	75.0610	75.3209
621.4271	0.622911	0.644743	0.168086	0.169801	20.0900	20.9075	74.8990	75.2455
620.9626	0.622034	0.644720	0.169994	0.170707	20.0770	20.9155	74.7150	75.1697
620.4980	0.621011	0.644695	0.171603	0.171615	20.0560	20.9236	74.5530	75.0938
620.0334	0.620468	0.644668	0.173553	0.172527	20.0560	20.9316	74.3730	75.0175
619.5687	0.620249	0.644635	0.175712	0.173474	20.0700	20.9399	74.1830	74.9383
619.1038	0.619660	0.644600	0.177486	0.174428	20.0670	20.9481	74.0170	74.8585
618.6388	0.618893	0.644562	0.179184	0.175387	20.0570	20.9564	73.8530	74.7782
618.1737	0.618404	0.644521	0.180963	0.176351	20.0580	20.9646	73.6890	74.6975
617.7086	0.617701	0.644478	0.182690	0.177318	20.0510	20.9728	73.5240	74.6166
617.2433	0.617086	0.644431	0.184384	0.178287	20.0470	20.9810	73.3640	74.5354
616.7779	0.616661	0.644382	0.186075	0.179260	20.0500	20.9892	73.2090	74.4540
616.3124	0.616106	0.644329	0.187540	0.180237	20.0460	20.9974	73.0700	74.3722
615.8468	0.615353	0.644274	0.188814	0.181216	20.0330	21.0055	72.9420	74.2902
615.3810	0.614909	0.644215	0.190346	0.182199	20.0340	21.0136	72.8000	74.2079
614.9153	0.614185	0.644154	0.191685	0.183184	20.0230	21.0217	72.6670	74.1253
614.4493	0.613589	0.644089	0.193052	0.184173	20.0170	21.0298	72.5350	74.0425
613.9833	0.613080	0.644022	0.194221	0.185164	20.0120	21.0379	72.4220	73.9594
613.5172	0.612614	0.643964	0.195510	0.186139	20.0100	21.0461	72.3000	73.8779
613.0510	0.612290	0.643902	0.196785	0.187117	20.0130	21.0544	72.1830	73.7962
612.5847	0.611987	0.643841	0.197985	0.188094	20.0160	21.0626	72.0730	73.7146
612.1182	0.611721	0.643776	0.199150	0.189074	20.0200	21.0709	71.9670	73.6328
611.6517	0.611435	0.643709	0.200285	0.190057	20.0230	21.0791	71.8630	73.5506
611.1850	0.611193	0.643638	0.201364	0.191043	20.0270	21.0873	71.7650	73.4682
610.7183	0.610916	0.643565	0.202372	0.192032	20.0290	21.0955	71.6720	73.3855
610.2514	0.610728	0.643488	0.203446	0.193025	20.0350	21.1036	71.5760	73.3025
609.7844	0.610520	0.643408	0.204491	0.194021	20.0400	21.1118	71.4820	73.2192
609.3173	0.610437	0.643325	0.205494	0.195021	20.0490	21.1199	71.3950	73.1356
608.8502	0.610438	0.643238	0.206491	0.196024	20.0610	21.1280	71.3110	73.0517
608.3829	0.610359	0.643149	0.207308	0.197030	20.0680	21.1360	71.2400	72.9674
607.9155	0.610390	0.643054	0.208210	0.198038	20.0800	21.1440	71.1650	72.8830
607.4480	0.610521	0.642946	0.209064	0.199040	20.0950	21.1515	71.0970	72.7988
606.9804	0.610633	0.642835	0.209888	0.200045	20.1090	21.1589	71.0310	72.7143
606.5127	0.610808	0.642718	0.210771	0.201051	20.1260	21.1662	70.9620	72.6296
606.0449	0.610961	0.642598	0.211552	0.202061	20.1410	21.1734	70.9010	72.5446
605.5770	0.611138	0.642474	0.212259	0.203074	20.1560	21.1807	70.8470	72.4593
605.1089	0.611404	0.642347	0.213033	0.204090	20.1750	21.1879	70.7900	72.3736
604.6408	0.611607	0.642217	0.213822	0.205110	20.1920	21.1951	70.7300	72.2877
604.1726	0.612019	0.642083	0.214578	0.206133	20.2160	21.2022	70.6790	72.2014
603.7042	0.612480	0.641946	0.215268	0.207159	20.2410	21.2094	70.6350	72.1148
603.2358	0.612879	0.641805	0.215973	0.208189	20.2640	21.2165	70.5880	72.0279
602.7673	0.613275	0.641661	0.216606	0.209222	20.2860	21.2236	70.5470	71.9407
602.2986	0.613573	0.641513	0.217193	0.210259	20.3040	21.2306	70.5070	71.8532
601.8298	0.613967	0.641369	0.217827	0.211310	20.3260	21.2380	70.4660	71.7647
601.3610	0.614346	0.641235	0.218421	0.212381	20.3470	21.2462	70.4280	71.6748
600.8920	0.614771	0.641098	0.219043	0.213458	20.3700	21.2543	70.3890	71.5845
600.4229	0.615209	0.640958	0.219623	0.214540	20.3930	21.2625	70.3540	71.4937
599.9537	0.615705	0.640815	0.220200	0.215627	20.4180	21.2706	70.3210	71.4025
599.4844	0.616241	0.640668	0.220816	0.216716	20.4450	21.2787	70.2860	71.3111
599.0150	0.616901	0.640517	0.221320	0.217810	20.4750	21.2868	70.2640	71.2193
598.5455	0.617407	0.640363	0.221939	0.218907	20.5010	21.2949	70.2280	71.1271
598.0759	0.617982	0.640204	0.222597	0.220007	20.5300	21.3030	70.1910	71.0346
597.6062	0.618482	0.640042	0.223070	0.221112	20.5540	21.3110	70.1670	70.9418
597.1364	0.619123	0.639875	0.223618	0.222220	20.5840	21.3190	70.1410	70.8486
596.6664	0.619828	0.639705	0.224216	0.223333	20.6170	21.3270	70.1130	70.7549
596.1964	0.620473	0.639531	0.224670	0.224451	20.6460	21.3350	70.0950	70.6609
595.7263	0.621138	0.639355	0.225143	0.225582	20.6760	21.3432	70.0760	70.5658
595.2560	0.621659	0.639178	0.225553	0.226725	20.7000	21.3515	70.0580	70.4697
594.7857	0.622047	0.638996	0.225940	0.227871	20.7190	21.3598	70.0380	70.3734
594.3152	0.622502	0.638810	0.226449	0.229021	20.7420	21.3681	70.0100	70.2766
593.8447	0.622989	0.638619	0.226946	0.230175	20.7660	21.3763	69.9840	70.1795
593.3740	0.623479	0.638425	0.227433	0.231333	20.7900	21.3845	69.9590	70.0821
592.9032	0.624189	0.638226	0.228075	0.232494	20.8240	21.3927	69.9280	69.9842
592.4323	0.624776	0.638022	0.228747	0.233660	20.8540	21.4008	69.8910	69.8860
591.9613	0.625496	0.637814	0.229357	0.234829	20.8880	21.4090	69.8630	69.7874
591.4902	0.626194	0.637602	0.230022	0.236003	20.9220	21.4170	69.8300	69.6884
591.0190	0.627098	0.637385	0.230802	0.237180	20.9650	21.4251	69.7940	69.5891
590.5477	0.627574	0.637171	0.231462	0.238335	20.9910	21.4330	69.7550	69.4916
590.0763	0.628470	0.636952	0.232328	0.239493	21.0350	21.4409	69.7120	69.3938
589.6048	0.628716	0.636738	0.232931	0.240621	21.0520	21.4487	69.6710	69.2986
589.1331	0.629055	0.636522	0.233656	0.241747	21.0740	21.4563	69.6230	69.2036
588.6614	0.629076	0.636301	0.234639	0.242876	21.0880	21.4640	69.5450	69.1082
588.1896	0.629423	0.636076	0.235557	0.244009	21.1130	21.4716	69.4820	69.0124
587.7176	0.630022	0.635846	0.236534	0.245146	21.1480	21.4792	69.4220	68.9162
587.2455	0.630387	0.635612	0.237763	0.246288	21.1780	21.4867	69.3350	68.8196
586.7734	0.630579	0.635373	0.239006	0.247433	21.2020	21.4943	69.2420	68.7226
586.3011	0.630462	0.635130	0.240763	0.248582	21.2220	21.5018	69.0990	68.6252
585.8287	0.630041	0.634882	0.242292	0.249735	21.2280	21.5092	68.9650	68.5274
585.3563	0.630038	0.634630	0.244300	0.250892	21.2560	21.5167	68.8060	68.4293
584.8837	0.629857	0.634374	0.246395	0.252040	21.2790	21.5239	68.6350	68.3318
584.4109	0.628950	0.634118	0.248702	0.253152	21.2790	21.5307	68.4250	68.2372
583.9382	0.628195	0.633859	0.251018	0.254265	21.2850	21.5375	68.2190	68.1424
583.4652	0.628076	0.633596	0.252765	0.255371	21.3060	21.5441	68.0780	68.0481
582.9922	0.627812	0.633329	0.254584	0.256481	21.3230	21.5507	67.9270	67.9534
582.5191	0.627626	0.633057	0.256334	0.257595	21.3420	21.5573	67.7840	67.8583
582.0458	0.627619	0.632780	0.257841	0.258713	21.3640	21.5638	67.6660	67.7628
581.5725	0.627783	0.632499	0.259395	0.259834	21.3930	21.5703	67.5500	67.6669
581.0991	0.627479	0.632214	0.260796	0.260960	21.4030	21.5767	67.4310	67.5705
580.6255	0.626820	0.631924	0.261845	0.262090	21.3950	21.5832	67.3280	67.4738
580.1519	0.626475	0.631629	0.263333	0.263224	21.4050	21.5896	67.2010	67.3766
579.6780	0.626323	0.631333	0.264878	0.264397	21.4230	21.5966	67.0760	67.2765
579.2042	0.625852	0.631035	0.266252	0.265590	21.4270	21.6040	66.9540	67.1748
578.7302	0.625594	0.630738	0.267639	0.266830	21.4390	21.6122	66.8380	67.0695
578.2561	0.625285	0.630439	0.268877	0.268108	21.4470	21.6210	66.7320	66.9614
577.7819	0.624801	0.630135	0.270130	0.269389	21.4490	21.6297	66.6190	66.8528
577.3076	0.624375	0.629825	0.271434	0.270676	21.4540	21.6385	66.5040	66.7437
576.8332	0.624231	0.629509	0.272979	0.271967	21.4730	21.6472	66.3800	66.6342
576.3586	0.623813	0.629188	0.274250	0.273262	21.4780	21.6558	66.2680	66.5243
575.8840	0.623696	0.628861	0.275655	0.274562	21.4960	21.6645	66.1560	66.4138
575.4093	0.623525	0.628528	0.276986	0.275866	21.5110	21.6730	66.0480	66.3030
574.9344	0.623288	0.628190	0.278458	0.277175	21.5260	21.6816	65.9270	66.1916
574.4595	0.623064	0.627845	0.279833	0.278488	21.5400	21.6901	65.8140	66.0798
573.9844	0.622687	0.627494	0.281167	0.279807	21.5480	21.6986	65.6990	65.9674
573.5092	0.622342	0.627123	0.282608	0.281156	21.5590	21.7070	65.5770	65.8520
573.0339	0.622032	0.626746	0.284027	0.282510	21.5710	21.7153	65.4580	65.7362
572.5586	0.621715	0.626363	0.285392	0.283868	21.5820	21.7236	65.3430	65.6199
572.0831	0.621413	0.625973	0.286778	0.285231	21.5940	21.7318	65.2270	65.5031
571.6075	0.621162	0.625577	0.288229	0.286598	21.6090	21.7401	65.1080	65.3859
571.1318	0.620972	0.625175	0.289603	0.287970	21.6250	21.7482	64.9970	65.2681
570.6559	0.620749	0.624766	0.290978	0.289347	21.6400	21.7564	64.8850	65.1498
570.1801	0.620486	0.624350	0.292375	0.290728	21.6540	21.7645	64.7700	65.0310
569.7040	0.620115	0.623928	0.293696	0.292114	21.6630	21.7725	64.6570	64.9117
569.2278	0.619924	0.623499	0.295104	0.293504	21.6800	21.7805	64.5440	64.7919
568.7516	0.619628	0.623085	0.296490	0.294845	21.6930	21.7883	64.4290	64.6764
568.2753	0.619334	0.622685	0.297866	0.296140	21.7060	21.7960	64.3150	64.5649
567.7988	0.619056	0.622286	0.299317	0.297422	21.7210	21.8036	64.1960	64.4545
567.3222	0.618656	0.621891	0.300723	0.298682	21.7310	21.8110	64.0760	64.3459
566.8455	0.618364	0.621489	0.302131	0.299947	21.7450	21.8184	63.9600	64.2368
566.3687	0.618020	0.621082	0.303581	0.301217	21.7580	21.8258	63.8390	64.1272
565.8918	0.617728	0.620669	0.304978	0.302492	21.7720	21.8332	63.7240	64.0171
565.4149	0.617454	0.620250	0.306386	0.303770	21.7870	21.8405	63.6090	63.9065
564.9377	0.617053	0.619824	0.307759	0.305055	21.7970	21.8477	63.4920	63.7953
564.4605	0.616673	0.619392	0.309197	0.306343	21.8090	21.8550	63.3710	63.6836
563.9832	0.616233	0.618952	0.310580	0.307640	21.8180	21.8622	63.2520	63.5711
563.5057	0.615823	0.618484	0.312006	0.309055	21.8290	21.8706	63.1310	63.4488
563.0282	0.615400	0.618009	0.313454	0.310475	21.8400	21.8790	63.0080	63.3260
562.5505	0.615079	0.617511	0.314969	0.311973	21.8560	21.8881	62.8840	63.1966
562.0728	0.614710	0.617005	0.316406	0.313480	21.8690	21.8972	62.7640	63.0664
561.5948	0.614348	0.616490	0.317877	0.314993	21.8830	21.9063	62.6420	62.9355
561.1169	0.613994	0.615968	0.319380	0.316510	21.8980	21.9153	62.5180	62.8040
560.6388	0.613597	0.615438	0.320904	0.318032	21.9120	21.9243	62.3910	62.6720
560.1606	0.613219	0.614900	0.322384	0.319559	21.9260	21.9332	62.2680	62.5394
559.6823	0.612725	0.614353	0.323915	0.321092	21.9370	21.9421	62.1370	62.4062
559.2039	0.612283	0.613799	0.325447	0.322629	21.9500	21.9509	62.0080	62.2724
558.7253	0.611838	0.613254	0.326924	0.324086	21.9620	21.9588	61.8830	62.1449
558.2467	0.611517	0.612715	0.328428	0.325486	21.9790	21.9659	61.7610	62.0219
557.7679	0.611141	0.612184	0.329974	0.326818	21.9950	21.9722	61.6340	61.9042
557.2891	0.610772	0.611664	0.331498	0.328078	22.0110	21.9776	61.5090	61.7922
556.8102	0.610372	0.611137	0.333021	0.329343	22.0260	21.9829	61.3830	61.6796
556.3311	0.609951	0.610603	0.334575	0.330614	22.0410	21.9883	61.2540	61.5665
555.8519	0.609566	0.610062	0.336055	0.331888	22.0560	21.9936	61.1320	61.4527
555.3726	0.609119	0.609514	0.337640	0.333168	22.0710	21.9988	61.0000	61.3384
554.8932	0.608652	0.608959	0.339203	0.334452	22.0850	22.0040	60.8690	61.2236
554.4137	0.608145	0.608398	0.340829	0.335741	22.0990	22.0092	60.7320	61.1081
553.9341	0.607679	0.607825	0.342424	0.337066	22.1140	22.0147	60.5990	60.9897
553.4543	0.607243	0.607215	0.344009	0.338591	22.1300	22.0230	60.4680	60.8554
552.9745	0.606673	0.606595	0.345619	0.340133	22.1420	22.0315	60.3300	60.7196
552.4946	0.606163	0.605934	0.347167	0.341894	22.1550	22.0429	60.1990	60.5664
552.0145	0.605643	0.605262	0.348724	0.343661	22.1680	22.0543	60.0670	60.4126
551.5344	0.605128	0.604580	0.350315	0.345433	22.1820	22.0657	59.9330	60.2580
551.0541	0.604600	0.603887	0.351871	0.347211	22.1950	22.0770	59.8010	60.1028
550.5737	0.604083	0.603184	0.353450	0.348995	22.2090	22.0882	59.6680	59.9468
550.0933	0.603567	0.602470	0.355117	0.350783	22.2250	22.0994	59.5290	59.7902
549.6127	0.602979	0.601745	0.356800	0.352578	22.2390	22.1106	59.3860	59.6329
549.1320	0.602424	0.601009	0.358419	0.354378	22.2530	22.1217	59.2490	59.4748
548.6511	0.601818	0.600300	0.360066	0.356049	22.2660	22.1313	59.1080	59.3271
548.1702	0.601182	0.599596	0.361755	0.357674	22.2790	22.1403	58.9630	59.1829
547.6891	0.600587	0.598905	0.363414	0.359225	22.2930	22.1484	58.8220	59.0446
547.2080	0.599995	0.598218	0.365061	0.360737	22.3070	22.1561	58.6820	58.9092
546.7267	0.599413	0.597521	0.366731	0.362254	22.3220	22.1636	58.5410	58.7732
546.2454	0.598830	0.596815	0.368345	0.363777	22.3360	22.1711	58.4040	58.6364
545.7639	0.598238	0.596100	0.370013	0.365305	22.3510	22.1786	58.2630	58.4990
545.2823	0.597553	0.595375	0.371683	0.366838	22.3630	22.1860	58.1180	58.3609
544.8007	0.596870	0.594640	0.373386	0.368376	22.3760	22.1934	57.9710	58.2221
544.3188	0.596170	0.593896	0.375109	0.369919	22.3890	22.2007	57.8220	58.0825
543.8369	0.595477	0.593138	0.376765	0.371497	22.4010	22.2084	57.6780	57.9401
543.3549	0.594760	0.592360	0.378495	0.373136	22.4140	22.2170	57.5280	57.7926
542.8728	0.594029	0.591571	0.380146	0.374787	22.4250	22.2256	57.3830	57.6439
542.3905	0.593335	0.590769	0.381778	0.376459	22.4370	22.2344	57.2410	57.4933
541.9082	0.592563	0.589956	0.383522	0.378135	22.4490	22.2431	57.0880	57.3419
541.4257	0.591820	0.589132	0.385302	0.379818	22.4630	22.2518	56.9340	57.1898
540.9431	0.591064	0.588296	0.387047	0.381506	22.4760	22.2605	56.7820	57.0369
540.4604	0.590289	0.587449	0.388677	0.383199	22.4860	22.2690	56.6370	56.8832
539.9777	0.589524	0.586592	0.390464	0.384896	22.5000	22.2775	56.4820	56.7289
539.4948	0.588746	0.585727	0.392170	0.386580	22.5120	22.2857	56.3320	56.5752
539.0118	0.587977	0.584851	0.393943	0.388270	22.5260	22.2939	56.1780	56.4207
538.5286	0.587181	0.584007	0.395701	0.389799	22.5390	22.2997	56.0240	56.2786
538.0454	0.586347	0.583155	0.397375	0.391329	22.5490	22.3054	55.8740	56.1362
537.5621	0.585528	0.582292	0.399151	0.392864	22.5620	22.3111	55.7180	55.9930
537.0786	0.584690	0.581418	0.400900	0.394404	22.5740	22.3167	55.5630	55.8490
536.5950	0.583860	0.580534	0.402628	0.395950	22.5860	22.3223	55.4100	55.7043
536.1114	0.582998	0.579639	0.404350	0.397499	22.5970	22.3277	55.2560	55.5588
535.6276	0.582137	0.578733	0.406105	0.399054	22.6090	22.3332	55.1000	55.4125
535.1437	0.581264	0.577817	0.407868	0.400614	22.6210	22.3385	54.9430	55.2655
534.6597	0.580412	0.576905	0.409633	0.402187	22.6340	22.3445	54.7870	55.1179
534.1756	0.579561	0.575989	0.411431	0.403768	22.6480	22.3508	54.6290	54.9696
533.6913	0.578589	0.575084	0.413176	0.405364	22.6570	22.3580	54.4690	54.8208
533.2070	0.577705	0.574180	0.415001	0.406972	22.6710	22.3656	54.3080	54.6715
532.7226	0.576842	0.573264	0.416828	0.408585	22.6860	22.3732	54.1480	54.5213
532.2380	0.575917	0.572337	0.418689	0.410203	22.7000	22.3807	53.9830	54.3702
531.7534	0.575015	0.571398	0.420508	0.411827	22.7140	22.3882	53.8220	54.2183
531.2686	0.574127	0.570447	0.422340	0.413457	22.7290	22.3956	53.6610	54.0656
530.7837	0.573238	0.569483	0.424205	0.415091	22.7450	22.4029	53.4980	53.9120
530.2987	0.572328	0.568508	0.426088	0.416731	22.7610	22.4102	53.3330	53.7576
529.8136	0.571374	0.567472	0.428018	0.418494	22.7770	22.4187	53.1630	53.5923
529.3284	0.570413	0.566344	0.429868	0.420451	22.7910	22.4291	52.9980	53.4100
528.8430	0.569410	0.565196	0.431721	0.422424	22.8040	22.4395	52.8310	53.2258
528.3576	0.568496	0.564024	0.433689	0.424425	22.8230	22.4501	52.6610	53.0387
527.8720	0.567455	0.562835	0.435612	0.426431	22.8370	22.4607	52.4880	52.8506
527.3864	0.566422	0.561630	0.437512	0.428442	22.8510	22.4711	52.3170	52.6616
526.9006	0.565452	0.560409	0.439480	0.430459	22.8690	22.4815	52.1450	52.4716
526.4147	0.564507	0.559172	0.441406	0.432480	22.8870	22.4918	51.9770	52.2806
525.9287	0.563519	0.557924	0.443414	0.434495	22.9060	22.5019	51.8020	52.0896
525.4426	0.562529	0.556694	0.445376	0.436448	22.9240	22.5113	51.6300	51.9036
524.9564	0.561478	0.555454	0.447324	0.438394	22.9400	22.5206	51.4560	51.7176
524.4700	0.560548	0.554252	0.449228	0.440238	22.9590	22.5288	51.2910	51.5402
523.9836	0.559562	0.553036	0.451268	0.442087	22.9800	22.5369	51.1150	51.3618
523.4971	0.558529	0.551804	0.453354	0.443940	23.0010	22.5450	50.9340	51.1824
523.0104	0.557509	0.550557	0.455374	0.445799	23.0210	22.5530	50.7580	51.0021
522.5236	0.556517	0.549294	0.457388	0.447662	23.0420	22.5609	50.5840	50.8207
522.0367	0.555469	0.548015	0.459458	0.449530	23.0630	22.5687	50.4040	50.6384
521.5497	0.554386	0.546720	0.461520	0.451403	23.0830	22.5764	50.2230	50.4550
521.0626	0.553299	0.545409	0.463500	0.453280	23.1010	22.5841	50.0470	50.2706
520.5754	0.552239	0.544088	0.465588	0.455191	23.1230	22.5925	49.8660	50.0837
520.0881	0.551151	0.542751	0.467658	0.457111	23.1440	22.6011	49.6850	49.8955
519.6006	0.550128	0.541397	0.469754	0.459038	23.1680	22.6096	49.5060	49.7061
519.1131	0.549008	0.540027	0.471838	0.460971	23.1890	22.6181	49.3230	49.5157
518.6254	0.547977	0.538639	0.473919	0.462908	23.2130	22.6265	49.1450	49.3241
518.1377	0.546823	0.537234	0.475983	0.464850	23.2330	22.6348	48.9620	49.1315
517.6498	0.545671	0.535812	0.478069	0.466796	23.2540	22.6430	48.7780	48.9378
517.1618	0.544437	0.534371	0.480019	0.468746	23.2690	22.6511	48.5980	48.7430
516.6737	0.543275	0.532946	0.481986	0.470655	23.2870	22.6589	48.4210	48.5517
516.1855	0.542085	0.531519	0.484152	0.472544	23.3100	22.6665	48.2310	48.3615
515.6971	0.540842	0.530096	0.486293	0.474410	23.3310	22.6738	48.0400	48.1730
515.2087	0.539599	0.528668	0.488387	0.476263	23.3510	22.6809	47.8520	47.9851
514.7202	0.538382	0.527222	0.490509	0.478119	23.3730	22.6880	47.6640	47.7962
514.2314	0.537201	0.525759	0.492582	0.479981	23.3950	22.6949	47.4810	47.6061
513.7427	0.535950	0.524279	0.494647	0.481846	23.4150	22.7018	47.2950	47.4150
513.2538	0.534700	0.522781	0.496804	0.483715	23.4380	22.7086	47.1040	47.2228
512.7648	0.533416	0.521240	0.498882	0.485641	23.4580	22.7159	46.9160	47.0249
512.2757	0.532114	0.519652	0.501036	0.487628	23.4800	22.7240	46.7230	46.8209
511.7864	0.530855	0.517990	0.503305	0.489733	23.5070	22.7335	46.5260	46.6062
511.2971	0.529516	0.516236	0.505540	0.491985	23.5310	22.7449	46.3270	46.3779
510.8076	0.528126	0.514459	0.507712	0.494242	23.5520	22.7562	46.1290	46.1482
510.3181	0.526700	0.512660	0.509909	0.496501	23.5730	22.7674	45.9280	45.9174
509.8284	0.525192	0.510837	0.511870	0.498763	23.5850	22.7784	45.7360	45.6852
509.3386	0.523746	0.508991	0.513858	0.501028	23.6000	22.7894	45.5460	45.4517
508.8488	0.522347	0.507133	0.516022	0.503278	23.6220	22.8001	45.3490	45.2186
508.3587	0.520920	0.505278	0.518236	0.505496	23.6450	22.8103	45.1480	44.9876
507.8686	0.519433	0.503491	0.520395	0.507586	23.6650	22.8194	44.9470	44.7679
507.3784	0.517884	0.501935	0.522569	0.509330	23.6840	22.8254	44.7420	44.5811
506.8880	0.516278	0.500362	0.524653	0.511077	23.6990	22.8313	44.5390	44.3930
506.3976	0.514595	0.498770	0.526865	0.512828	23.7160	22.8371	44.3250	44.2038
505.9070	0.512935	0.497160	0.528975	0.514583	23.7310	22.8428	44.1180	44.0134
505.4163	0.511267	0.495532	0.531341	0.516342	23.7540	22.8484	43.8970	43.8218
504.9255	0.509514	0.493885	0.533642	0.518104	23.7730	22.8540	43.6750	43.6291
504.4346	0.507731	0.492219	0.535954	0.519869	23.7920	22.8594	43.4510	43.4351
503.9436	0.506052	0.490503	0.538025	0.521683	23.8070	22.8652	43.2460	43.2356
503.4525	0.504122	0.488520	0.540188	0.523846	23.8180	22.8744	43.0220	43.0015
502.9612	0.502296	0.486512	0.542335	0.526012	23.8320	22.8834	42.8050	42.7660
502.4698	0.500474	0.484480	0.544624	0.528178	23.8510	22.8923	42.5810	42.5291
501.9784	0.498591	0.482423	0.546888	0.530346	23.8680	22.9011	42.3550	42.2909
501.4868	0.496682	0.480342	0.549129	0.532515	23.8840	22.9097	42.1290	42.0513
500.9951	0.494845	0.478235	0.551321	0.534684	23.9010	22.9182	41.9100	41.8103
500.5033	0.492862	0.476104	0.553565	0.536855	23.9160	22.9266	41.6800	41.5678
500.0114	0.490975	0.473947	0.555865	0.539026	23.9360	22.9348	41.4530	41.3240
499.5193	0.489008	0.471929	0.558156	0.541024	23.9540	22.9419	41.2220	41.0978
499.0272	0.487037	0.469892	0.560311	0.543019	23.9680	22.9489	40.9980	40.8707
498.5349	0.484943	0.467849	0.562526	0.544997	23.9810	22.9557	40.7640	40.6442
498.0426	0.482796	0.465785	0.564922	0.546975	23.9990	22.9624	40.5180	40.4166
497.5501	0.480628	0.463696	0.567258	0.548954	24.0150	22.9689	40.2740	40.1875
497.0575	0.478478	0.461583	0.569743	0.550933	24.0370	22.9753	40.0240	39.9570
496.5648	0.476236	0.459447	0.572225	0.552913	24.0570	22.9815	39.7690	39.7251
496.0720	0.474036	0.457286	0.574623	0.554894	24.0760	22.9876	39.5210	39.4918
495.5790	0.471710	0.455059	0.577015	0.556986	24.0920	22.9960	39.2660	39.2489
495.0860	0.469346	0.452799	0.579449	0.559097	24.1090	23.0048	39.0070	39.0032
494.5928	0.467028	0.450508	0.581676	0.561219	24.1210	23.0136	38.7610	38.7551
494.0995	0.464697	0.448189	0.584016	0.563344	24.1370	23.0224	38.5090	38.5053
493.6062	0.462397	0.445844	0.586253	0.565468	24.1510	23.0310	38.2640	38.2540
493.1127	0.460112	0.443470	0.588578	0.567591	24.1690	23.0394	38.0160	38.0012
492.6190	0.457651	0.441068	0.591022	0.569713	24.1870	23.0477	37.7520	37.7468
492.1253	0.455032	0.438640	0.593567	0.571833	24.2050	23.0558	37.4740	37.4910
491.6315	0.452530	0.436241	0.595884	0.573915	24.2190	23.0641	37.2140	37.2390
491.1375	0.449870	0.433834	0.598213	0.575984	24.2300	23.0722	36.9440	36.9873
490.6435	0.447270	0.431400	0.600650	0.578051	24.2470	23.0803	36.6730	36.7340
490.1493	0.444612	0.428938	0.603080	0.580117	24.2630	23.0881	36.3990	36.4792
489.6550	0.441838	0.426448	0.605401	0.582181	24.2730	23.0958	36.1230	36.2228
489.1606	0.439040	0.423929	0.607804	0.584242	24.2860	23.1034	35.8420	35.9649
488.6661	0.436196	0.421380	0.610217	0.586306	24.2990	23.1108	35.5580	35.7049
488.1714	0.433369	0.418800	0.612794	0.588369	24.3190	23.1182	35.2680	35.4432
487.6767	0.430305	0.416167	0.615202	0.590472	24.3280	23.1262	34.9710	35.1763
487.1818	0.427511	0.413491	0.617680	0.592594	24.3470	23.1345	34.6880	34.9059
486.6869	0.424589	0.410785	0.620027	0.594712	24.3590	23.1427	34.4030	34.6340
486.1918	0.421630	0.408048	0.622488	0.596826	24.3750	23.1506	34.1110	34.3603
485.6966	0.418593	0.405280	0.624839	0.598935	24.3860	23.1584	33.8190	34.0850
485.2013	0.415331	0.402482	0.627426	0.601039	24.4010	23.1660	33.5030	33.8080
484.7058	0.412267	0.399621	0.629746	0.603182	24.4120	23.1742	33.2110	33.5253
484.2103	0.409290	0.396707	0.632013	0.605350	24.4240	23.1828	32.9270	33.2383
483.7146	0.406146	0.393690	0.634365	0.607611	24.4360	23.1930	32.6290	32.9405
483.2189	0.402860	0.390586	0.636892	0.609937	24.4520	23.2045	32.3150	32.6343
482.7230	0.399613	0.387445	0.639340	0.612256	24.4670	23.2156	32.0070	32.3263
482.2270	0.396338	0.384269	0.641725	0.614566	24.4800	23.2266	31.7000	32.0164
481.7309	0.392857	0.381056	0.644184	0.616866	24.4920	23.2374	31.3770	31.7048
481.2346	0.389471	0.377807	0.646398	0.619158	24.4980	23.2479	31.0700	31.3913
480.7383	0.386200	0.374684	0.648757	0.621304	24.5130	23.2569	30.7650	31.0925
480.2419	0.382756	0.371674	0.651167	0.623320	24.5270	23.2644	30.4470	30.8068
479.7453	0.379330	0.368737	0.653459	0.625242	24.5380	23.2709	30.1350	30.5300
479.2486	0.375788	0.365872	0.655897	0.627075	24.5530	23.2763	29.8100	30.2618
478.7518	0.372107	0.362977	0.658045	0.628902	24.5550	23.2816	29.4870	29.9918
478.2549	0.368582	0.360052	0.660392	0.630723	24.5690	23.2867	29.1670	29.7202
477.7579	0.364989	0.357097	0.662515	0.632536	24.5740	23.2917	28.8510	29.4468
477.2608	0.361371	0.354111	0.664704	0.634343	24.5820	23.2964	28.5310	29.1717
476.7635	0.357530	0.350571	0.666959	0.636538	24.5890	23.3049	28.1940	28.8436
476.2662	0.353764	0.346412	0.669274	0.639154	24.6010	23.3175	27.8600	28.4570
475.7687	0.349827	0.342148	0.671725	0.641792	24.6160	23.3302	27.5100	28.0627
475.2711	0.345859	0.337771	0.673982	0.644455	24.6240	23.3431	27.1650	27.6599
474.7734	0.342017	0.333346	0.676169	0.647095	24.6330	23.3557	26.8310	27.2549
474.2756	0.338022	0.328873	0.678353	0.649709	24.6400	23.3680	26.4870	26.8478
473.7776	0.333839	0.324460	0.680549	0.652237	24.6450	23.3797	26.1300	26.4484
473.2796	0.329662	0.320138	0.682759	0.654664	24.6520	23.3908	25.7730	26.0592
472.7814	0.325529	0.316206	0.684915	0.656829	24.6590	23.4004	25.4210	25.7068
472.2831	0.321397	0.312793	0.687015	0.658676	24.6650	23.4086	25.0710	25.4022
471.7848	0.317180	0.309347	0.688997	0.660509	24.6660	23.4164	24.7190	25.0958
471.2863	0.313081	0.305864	0.691144	0.662329	24.6770	23.4240	24.3700	24.7875
470.7876	0.308806	0.302346	0.693264	0.664136	24.6850	23.4314	24.0100	24.4773
470.2889	0.304547	0.298794	0.695294	0.665929	24.6910	23.4386	23.6540	24.1652
469.7900	0.300210	0.295056	0.697449	0.667795	24.7020	23.4463	23.2890	23.8376
469.2911	0.295973	0.291074	0.699406	0.669762	24.7080	23.4548	22.9370	23.4894
468.7920	0.291896	0.286952	0.701511	0.671767	24.7240	23.4636	22.5920	23.1303
468.2928	0.287630	0.282649	0.703516	0.673826	24.7340	23.4728	22.2370	22.7565
467.7935	0.283106	0.278304	0.705422	0.675861	24.7370	23.4817	21.8670	22.3808
467.2941	0.278751	0.273918	0.707398	0.677870	24.7470	23.4902	21.5070	22.0029
466.7945	0.274490	0.269522	0.709402	0.679839	24.7610	23.4984	21.1530	21.6258
466.2949	0.269964	0.265132	0.711283	0.681762	24.7670	23.5062	20.7840	21.2507
465.7951	0.265389	0.261001	0.713268	0.683544	24.7780	23.5136	20.4090	20.8986
465.2952	0.261033	0.257264	0.715163	0.685138	24.7900	23.5207	20.0520	20.5807
464.7952	0.256444	0.253491	0.717326	0.686716	24.8110	23.5275	19.6720	20.2609
464.2951	0.251724	0.249683	0.719092	0.688275	24.8150	23.5340	19.2930	19.9391
463.7949	0.246679	0.245840	0.721148	0.689815	24.8280	23.5403	18.8840	19.6153
463.2946	0.242012	0.241961	0.722752	0.691337	24.8290	23.5463	18.5130	19.2895
462.7941	0.237195	0.238024	0.724585	0.692849	24.8390	23.5522	18.1260	18.9599
462.2935	0.232507	0.234021	0.726482	0.694355	24.8550	23.5579	17.7470	18.6255
461.7928	0.227547	0.229967	0.728287	0.695847	24.8650	23.5635	17.3510	18.2879
461.2921	0.222708	0.225857	0.729994	0.697325	24.8740	23.5688	16.9660	17.9467
460.7911	0.217849	0.221709	0.731741	0.698780	24.8860	23.5738	16.5790	17.6032
460.2901	0.212824	0.217527	0.733500	0.700210	24.8980	23.5785	16.1800	17.2579
459.7889	0.207752	0.213303	0.735210	0.701626	24.9090	23.5833	15.7790	16.9100
459.2877	0.202532	0.209039	0.736945	0.703027	24.9210	23.5881	15.3670	16.5594
458.7863	0.197426	0.204719	0.738609	0.704438	24.9330	23.5938	14.9650	16.2046
458.2848	0.192220	0.200337	0.740167	0.705868	24.9410	23.6007	14.5580	15.8448
457.7832	0.186918	0.195918	0.741523	0.707270	24.9410	23.6073	14.1480	15.4830
457.2815	0.181655	0.191462	0.742923	0.708644	24.9450	23.6136	13.7400	15.1192
456.7796	0.176526	0.186968	0.744435	0.709989	24.9570	23.6196	13.3400	14.7533
456.2777	0.171320	0.182438	0.745927	0.711304	24.9690	23.6252	12.9350	14.3854
455.7756	0.165748	0.177866	0.747208	0.712618	24.9700	23.6316	12.5070	14.0144
455.2734	0.160228	0.173249	0.748802	0.713937	24.9870	23.6391	12.0780	13.6401
454.7711	0.154640	0.168593	0.750022	0.715231	24.9890	23.6466	11.6500	13.2636
454.2687	0.148980	0.163898	0.751441	0.716502	25.0010	23.6540	11.2140	12.8846
453.7662	0.143174	0.159166	0.752614	0.717739	25.0030	23.6610	10.7710	12.5036
453.2635	0.137240	0.154396	0.753765	0.718942	25.0050	23.6677	10.3190	12.1205
452.7608	0.131346	0.149426	0.754837	0.720172	25.0060	23.6752	9.8710	11.7218
452.2579	0.125299	0.144236	0.755887	0.721433	25.0070	23.6836	9.4120	11.3061
451.7549	0.119266	0.138837	0.756862	0.722713	25.0070	23.6928	8.9550	10.8744
451.2518	0.113120	0.133220	0.757805	0.724010	25.0070	23.7029	8.4900	10.4260
450.7485	0.106896	0.127562	0.758685	0.725258	25.0060	23.7124	8.0200	9.9754
450.2452	0.100627	0.121866	0.759520	0.726453	25.0050	23.7215	7.5470	9.5230
449.7417	0.094228	0.116219	0.760295	0.727585	25.0030	23.7301	7.0650	9.0753
449.2382	0.087903	0.110620	0.761007	0.728655	25.0010	23.7384	6.5890	8.6324
448.7345	0.081374	0.105350	0.761688	0.729632	24.9990	23.7466	6.0980	8.2160
448.2307	0.074864	0.100372	0.762287	0.730529	24.9960	23.7549	5.6090	7.8233
447.7267	0.068269	0.095359	0.762839	0.731386	24.9930	23.7627	5.1140	7.4284
447.2227	0.061616	0.090313	0.763315	0.732203	24.9890	23.7701	4.6150	7.0316
446.7186	0.054841	0.085233	0.763764	0.732979	24.9860	23.7772	4.1070	6.6327
446.2143	0.048062	0.080118	0.764130	0.733713	24.9820	23.7838	3.5990	6.2317
445.7099	0.041213	0.074529	0.764440	0.734468	24.9780	23.7908	3.0860	5.7942
445.2054	0.034297	0.068582	0.764692	0.735215	24.9740	23.7979	2.5680	5.3292
444.7008	0.027312	0.062601	0.764883	0.735904	24.9700	23.8045	2.0450	4.8622
444.1960	0.020273	0.056587	0.765012	0.736535	24.9660	23.8106	1.5180	4.3933
443.6912	0.013167	0.050543	0.765055	0.737105	24.9610	23.8162	0.9860	3.9226
443.1862	0.006009	0.044468	0.765055	0.737614	24.9570	23.8212	0.4500	3.4499
442.6812	-0.001162	0.038569	0.764965	0.738115	24.9520	23.8283	359.9130	2.9912
442.1759	-0.008477	0.032757	0.764829	0.738589	24.9480	23.8366	359.3650	2.5394
441.6706	-0.015789	0.026968	0.764601	0.739021	24.9430	23.8450	358.8170	2.0899
441.1652	-0.023192	0.021178	0.764322	0.739405	24.9390	23.8533	358.2620	1.6406
440.6596	-0.030617	0.015358	0.763971	0.739731	24.9350	23.8611	357.7050	1.1893
440.1540	-0.038198	0.009511	0.763539	0.740001	24.9310	23.8683	357.1360	0.7363
