# ========================================================
# RESULTADOS DE AJUSTE ELIPSOMÉTRICO (AUTORANGE + TMM)
# ========================================================
# Archivo de origen: TiO2-RTP-aire.T1-2.txt
# Espesores óptimos (nm): [np.float64(42.7311943173405)]
# Error mínimo (Chi2 Red / MSE): 3.335776e-04
# Parámetros de dispersión optimizados:
#   Capa 'TiO2_aire_T1-2': {'model': 'cauchy', 'A': 1.2795054678480515, 'B': 36.82609928539412, 'C': -21.50178534656966}
# ========================================================
# Wavelength_nm	Is_exp	Is_fit	Ic_exp	Ic_fit	Psi_exp_deg	Psi_fit_deg	Delta_exp_deg	Delta_fit_deg
829.9594	0.536681	0.563004	-0.096139	-0.079850	16.5200	17.3277	100.1560	98.0723
829.5408	0.538291	0.563243	-0.095942	-0.079567	16.5730	17.3345	100.1060	98.0407
829.1221	0.540465	0.563481	-0.095221	-0.079283	16.6420	17.3414	99.9920	98.0091
828.7034	0.540235	0.563720	-0.095015	-0.078999	16.6330	17.3482	99.9750	97.9774
828.2845	0.539377	0.563958	-0.093816	-0.078714	16.5970	17.3551	99.8670	97.9457
827.8656	0.540177	0.564196	-0.093480	-0.078428	16.6220	17.3619	99.8180	97.9139
827.4465	0.540846	0.564435	-0.092691	-0.078142	16.6400	17.3688	99.7250	97.8821
827.0275	0.540639	0.564673	-0.091471	-0.077855	16.6260	17.3756	99.6030	97.8502
826.6082	0.540923	0.564905	-0.091189	-0.077595	16.6340	17.3824	99.5690	97.8212
826.1889	0.540599	0.565136	-0.090300	-0.077337	16.6180	17.3892	99.4830	97.7923
825.7695	0.541533	0.565365	-0.090019	-0.077089	16.6480	17.3959	99.4380	97.7645
825.3500	0.542512	0.565592	-0.089287	-0.076849	16.6770	17.4026	99.3460	97.7376
824.9305	0.542479	0.565819	-0.088766	-0.076609	16.6730	17.4093	99.2930	97.7107
824.5108	0.542296	0.566045	-0.088260	-0.076368	16.6640	17.4161	99.2440	97.6837
824.0911	0.541605	0.566272	-0.087236	-0.076127	16.6350	17.4228	99.1500	97.6566
823.6713	0.541289	0.566499	-0.086623	-0.075884	16.6210	17.4295	99.0920	97.6295
823.2513	0.541433	0.566726	-0.086094	-0.075641	16.6230	17.4362	99.0350	97.6024
822.8313	0.540635	0.566953	-0.085531	-0.075398	16.5930	17.4430	98.9900	97.5752
822.4112	0.541251	0.567180	-0.085561	-0.075154	16.6140	17.4497	98.9830	97.5480
821.9910	0.542418	0.567407	-0.085843	-0.074909	16.6550	17.4564	98.9930	97.5207
821.5707	0.541419	0.567634	-0.085249	-0.074663	16.6180	17.4632	98.9480	97.4933
821.1503	0.541160	0.567861	-0.085014	-0.074417	16.6080	17.4699	98.9280	97.4660
820.7299	0.542203	0.568088	-0.084771	-0.074170	16.6420	17.4767	98.8860	97.4385
820.3093	0.542426	0.568315	-0.084854	-0.073923	16.6500	17.4834	98.8910	97.4111
819.8886	0.542520	0.568542	-0.084442	-0.073675	16.6510	17.4902	98.8470	97.3835
819.4679	0.543422	0.568769	-0.084146	-0.073426	16.6800	17.4970	98.8020	97.3560
819.0471	0.544531	0.568997	-0.084220	-0.073176	16.7180	17.5037	98.7920	97.3283
818.6262	0.545213	0.569224	-0.083809	-0.072926	16.7390	17.5105	98.7390	97.3007
818.2051	0.545623	0.569451	-0.083248	-0.072675	16.7500	17.5173	98.6750	97.2729
817.7841	0.546338	0.569678	-0.082801	-0.072424	16.7720	17.5240	98.6180	97.2452
817.3629	0.545845	0.569905	-0.082756	-0.072171	16.7550	17.5308	98.6210	97.2174
816.9416	0.546727	0.570133	-0.082763	-0.071918	16.7850	17.5376	98.6080	97.1895
816.5202	0.547072	0.570360	-0.082424	-0.071665	16.7950	17.5444	98.5680	97.1616
816.0988	0.547405	0.570587	-0.082357	-0.071411	16.8060	17.5512	98.5560	97.1336
815.6772	0.548289	0.570825	-0.081756	-0.071138	16.8330	17.5582	98.4810	97.1037
815.2556	0.548241	0.571066	-0.081485	-0.070859	16.8300	17.5654	98.4540	97.0732
814.8338	0.548755	0.571310	-0.081385	-0.070576	16.8470	17.5727	98.4360	97.0423
814.4120	0.549265	0.571557	-0.080913	-0.070286	16.8620	17.5800	98.3800	97.0106
813.9901	0.549512	0.571804	-0.081027	-0.069995	16.8710	17.5874	98.3880	96.9789
813.5681	0.550052	0.572051	-0.080950	-0.069704	16.8890	17.5947	98.3720	96.9472
813.1460	0.550101	0.572298	-0.080418	-0.069411	16.8880	17.6021	98.3170	96.9154
812.7238	0.550075	0.572544	-0.080188	-0.069118	16.8860	17.6094	98.2940	96.8835
812.3015	0.551548	0.572791	-0.079735	-0.068825	16.9340	17.6168	98.2260	96.8516
811.8792	0.550603	0.573038	-0.079785	-0.068530	16.9020	17.6242	98.2450	96.8197
811.4567	0.550965	0.573285	-0.079513	-0.068235	16.9130	17.6315	98.2120	96.7877
811.0341	0.551192	0.573531	-0.079153	-0.067939	16.9190	17.6389	98.1720	96.7557
810.6115	0.551233	0.573778	-0.079483	-0.067643	16.9220	17.6463	98.2050	96.7236
810.1888	0.551430	0.574024	-0.078922	-0.067346	16.9260	17.6536	98.1450	96.6915
809.7659	0.552165	0.574271	-0.078290	-0.067048	16.9480	17.6610	98.0700	96.6593
809.3430	0.552642	0.574517	-0.077807	-0.066749	16.9620	17.6684	98.0140	96.6270
808.9200	0.553270	0.574764	-0.076871	-0.066449	16.9790	17.6758	97.9100	96.5948
808.4969	0.553797	0.575010	-0.076235	-0.066149	16.9940	17.6832	97.8380	96.5624
808.0737	0.554008	0.575257	-0.075762	-0.065848	16.9990	17.6906	97.7870	96.5301
807.6505	0.554263	0.575503	-0.075599	-0.065546	17.0070	17.6980	97.7670	96.4976
807.2271	0.554186	0.575749	-0.075313	-0.065244	17.0030	17.7054	97.7390	96.4652
806.8036	0.554961	0.575995	-0.074541	-0.064940	17.0260	17.7128	97.6500	96.4326
806.3801	0.555541	0.576241	-0.074135	-0.064636	17.0440	17.7202	97.6010	96.4001
805.9564	0.556267	0.576487	-0.073501	-0.064332	17.0660	17.7276	97.5270	96.3674
805.5327	0.556814	0.576735	-0.072881	-0.064027	17.0820	17.7351	97.4570	96.3348
805.1089	0.557527	0.576983	-0.072103	-0.063722	17.1030	17.7425	97.3690	96.3022
804.6850	0.558004	0.577243	-0.071789	-0.063421	17.1180	17.7505	97.3310	96.2699
804.2610	0.558137	0.577508	-0.071202	-0.063122	17.1200	17.7586	97.2700	96.2377
803.8369	0.558580	0.577772	-0.070694	-0.062822	17.1330	17.7667	97.2130	96.2055
803.4127	0.559290	0.578037	-0.070367	-0.062521	17.1560	17.7748	97.1710	96.1732
802.9884	0.559557	0.578301	-0.070093	-0.062220	17.1640	17.7829	97.1400	96.1409
802.5640	0.560068	0.578566	-0.069720	-0.061917	17.1800	17.7911	97.0960	96.1085
802.1396	0.560060	0.578830	-0.069313	-0.061614	17.1780	17.7992	97.0550	96.0760
801.7150	0.560191	0.579094	-0.069200	-0.061310	17.1820	17.8073	97.0420	96.0435
801.2903	0.560899	0.579358	-0.068631	-0.061005	17.2040	17.8154	96.9760	96.0110
800.8657	0.560951	0.579622	-0.068439	-0.060700	17.2050	17.8236	96.9560	95.9784
800.4408	0.560786	0.579886	-0.067892	-0.060393	17.1970	17.8317	96.9030	95.9458
800.0159	0.561161	0.580150	-0.067669	-0.060086	17.2090	17.8399	96.8760	95.9131
799.5909	0.561415	0.580414	-0.067004	-0.059778	17.2150	17.8480	96.8060	95.8803
799.1658	0.561876	0.580678	-0.066781	-0.059470	17.2300	17.8561	96.7780	95.8475
798.7406	0.562286	0.580942	-0.066252	-0.059160	17.2420	17.8643	96.7200	95.8146
798.3153	0.562953	0.581205	-0.066002	-0.058849	17.2640	17.8724	96.6870	95.7817
797.8899	0.563808	0.581469	-0.065374	-0.058538	17.2910	17.8806	96.6140	95.7488
797.4644	0.564046	0.581732	-0.065063	-0.058226	17.2980	17.8887	96.5800	95.7157
797.0389	0.564653	0.581995	-0.064564	-0.057913	17.3170	17.8969	96.5230	95.6827
796.6132	0.565164	0.582259	-0.064133	-0.057599	17.3330	17.9051	96.4740	95.6495
796.1875	0.565135	0.582522	-0.063630	-0.057285	17.3300	17.9132	96.4240	95.6164
795.7617	0.565619	0.582785	-0.063174	-0.056969	17.3450	17.9214	96.3730	95.5831
795.3357	0.566210	0.583048	-0.062530	-0.056653	17.3630	17.9295	96.3020	95.5498
794.9097	0.566848	0.583309	-0.061980	-0.056336	17.3830	17.9377	96.2400	95.5165
794.4836	0.567224	0.583563	-0.061170	-0.056019	17.3930	17.9455	96.1550	95.4833
794.0574	0.567501	0.583817	-0.061009	-0.055702	17.4020	17.9534	96.1360	95.4501
793.6310	0.567991	0.584069	-0.060470	-0.055384	17.4170	17.9612	96.0770	95.4168
793.2047	0.568519	0.584320	-0.059834	-0.055065	17.4330	17.9690	96.0080	95.3835
792.7782	0.568764	0.584572	-0.059418	-0.054745	17.4400	17.9768	95.9640	95.3501
792.3516	0.568991	0.584823	-0.059181	-0.054424	17.4470	17.9846	95.9380	95.3167
791.9249	0.569003	0.585074	-0.058781	-0.054103	17.4460	17.9924	95.8980	95.2832
791.4982	0.569708	0.585326	-0.058361	-0.053780	17.4690	18.0002	95.8490	95.2497
791.0714	0.570060	0.585577	-0.058015	-0.053457	17.4800	18.0080	95.8110	95.2161
790.6444	0.570303	0.585828	-0.057607	-0.053133	17.4870	18.0158	95.7680	95.1824
790.2173	0.570457	0.586078	-0.057211	-0.052808	17.4910	18.0236	95.7270	95.1487
789.7902	0.570881	0.586329	-0.056710	-0.052483	17.5040	18.0315	95.6730	95.1150
789.3630	0.571093	0.586580	-0.056308	-0.052156	17.5100	18.0393	95.6310	95.0811
788.9357	0.571458	0.586830	-0.056102	-0.051829	17.5220	18.0471	95.6070	95.0473
788.5083	0.571618	0.587081	-0.055645	-0.051501	17.5260	18.0549	95.5600	95.0133
788.0807	0.571597	0.587331	-0.055562	-0.051172	17.5250	18.0628	95.5520	94.9793
787.6532	0.571974	0.587581	-0.055226	-0.050842	17.5370	18.0706	95.5150	94.9453
787.2255	0.571803	0.587831	-0.054917	-0.050511	17.5300	18.0784	95.4860	94.9112
786.7977	0.571761	0.588081	-0.054148	-0.050179	17.5260	18.0863	95.4100	94.8771
786.3699	0.572028	0.588331	-0.053760	-0.049847	17.5340	18.0941	95.3690	94.8429
785.9419	0.572311	0.588581	-0.053495	-0.049513	17.5430	18.1019	95.3400	94.8086
785.5139	0.572663	0.588831	-0.053104	-0.049179	17.5540	18.1098	95.2980	94.7743
785.0857	0.572946	0.589080	-0.052515	-0.048844	17.5620	18.1176	95.2370	94.7399
784.6575	0.573409	0.589337	-0.051841	-0.048509	17.5760	18.1257	95.1660	94.7054
784.2291	0.573523	0.589597	-0.051529	-0.048173	17.5790	18.1339	95.1340	94.6709
783.8007	0.573544	0.589857	-0.050976	-0.047836	17.5780	18.1422	95.0790	94.6364
783.3722	0.573776	0.590120	-0.050613	-0.047499	17.5850	18.1506	95.0410	94.6018
782.9435	0.574338	0.590383	-0.050086	-0.047160	17.6030	18.1589	94.9840	94.5671
782.5148	0.574765	0.590646	-0.049790	-0.046821	17.6170	18.1673	94.9510	94.5324
782.0861	0.574635	0.590909	-0.049637	-0.046481	17.6120	18.1756	94.9370	94.4976
781.6572	0.574541	0.591171	-0.049397	-0.046140	17.6080	18.1840	94.9140	94.4628
781.2282	0.574747	0.591434	-0.049000	-0.045798	17.6140	18.1924	94.8730	94.4279
780.7991	0.574931	0.591696	-0.048854	-0.045455	17.6200	18.2007	94.8570	94.3929
780.3699	0.575158	0.591958	-0.048540	-0.045111	17.6270	18.2091	94.8240	94.3579
779.9407	0.575353	0.592220	-0.048253	-0.044766	17.6330	18.2175	94.7940	94.3228
779.5113	0.575434	0.592482	-0.047977	-0.044421	17.6350	18.2258	94.7660	94.2877
779.0818	0.575988	0.592743	-0.047497	-0.044074	17.6530	18.2342	94.7140	94.2525
778.6523	0.576639	0.593005	-0.046881	-0.043727	17.6740	18.2426	94.6480	94.2172
778.2227	0.577166	0.593266	-0.046367	-0.043378	17.6910	18.2510	94.5930	94.1819
777.7930	0.577394	0.593527	-0.046010	-0.043029	17.6980	18.2593	94.5560	94.1465
777.3632	0.577904	0.593788	-0.045695	-0.042679	17.7150	18.2677	94.5210	94.1111
776.9332	0.578220	0.594049	-0.045304	-0.042328	17.7250	18.2761	94.4800	94.0756
776.5032	0.578629	0.594310	-0.044818	-0.041975	17.7380	18.2845	94.4290	94.0400
776.0731	0.578909	0.594571	-0.044514	-0.041622	17.7470	18.2929	94.3970	94.0044
775.6429	0.579246	0.594831	-0.043828	-0.041268	17.7570	18.3013	94.3270	93.9687
775.2126	0.579557	0.595091	-0.043486	-0.040913	17.7670	18.3097	94.2910	93.9330
774.7822	0.580098	0.595343	-0.043099	-0.040555	17.7850	18.3178	94.2490	93.8970
774.3517	0.580304	0.595587	-0.043012	-0.040193	17.7920	18.3256	94.2390	93.8607
773.9212	0.580643	0.595830	-0.042660	-0.039830	17.8030	18.3334	94.2020	93.8244
773.4905	0.580887	0.596072	-0.042433	-0.039466	17.8110	18.3411	94.1780	93.7880
773.0598	0.581367	0.596314	-0.042101	-0.039101	17.8270	18.3489	94.1420	93.7516
772.6289	0.581793	0.596555	-0.041703	-0.038735	17.8410	18.3566	94.1000	93.7150
772.1980	0.582257	0.596796	-0.041185	-0.038368	17.8560	18.3644	94.0460	93.6785
771.7669	0.582402	0.597037	-0.040736	-0.038000	17.8600	18.3722	94.0010	93.6418
771.3358	0.582570	0.597278	-0.040359	-0.037631	17.8650	18.3799	93.9630	93.6051
770.9046	0.582852	0.597519	-0.039980	-0.037261	17.8740	18.3877	93.9240	93.5683
770.4733	0.583187	0.597759	-0.039645	-0.036890	17.8850	18.3954	93.8890	93.5315
770.0419	0.583488	0.597999	-0.039389	-0.036519	17.8950	18.4032	93.8620	93.4946
769.6104	0.583900	0.598240	-0.039172	-0.036146	17.9090	18.4110	93.8380	93.4576
769.1787	0.584198	0.598480	-0.038956	-0.035772	17.9190	18.4188	93.8150	93.4206
768.7471	0.584215	0.598719	-0.038701	-0.035398	17.9190	18.4265	93.7900	93.3835
768.3152	0.584827	0.598959	-0.038444	-0.035022	17.9400	18.4343	93.7610	93.3464
767.8834	0.585289	0.599198	-0.037880	-0.034646	17.9550	18.4421	93.7030	93.3092
767.4514	0.585671	0.599437	-0.037227	-0.034268	17.9670	18.4498	93.6370	93.2719
767.0193	0.585925	0.599676	-0.036791	-0.033890	17.9750	18.4576	93.5930	93.2346
766.5872	0.586384	0.599915	-0.036235	-0.033511	17.9900	18.4654	93.5360	93.1972
766.1549	0.586585	0.600154	-0.035733	-0.033130	17.9960	18.4732	93.4860	93.1597
765.7225	0.586847	0.600393	-0.035616	-0.032748	18.0050	18.4810	93.4730	93.1220
765.2901	0.587227	0.600634	-0.035412	-0.032363	18.0180	18.4889	93.4510	93.0842
764.8575	0.587574	0.600876	-0.035279	-0.031976	18.0300	18.4968	93.4360	93.0462
764.4249	0.587932	0.601121	-0.034961	-0.031585	18.0420	18.5049	93.4030	93.0078
763.9922	0.588342	0.601367	-0.034727	-0.031193	18.0560	18.5129	93.3780	92.9693
763.5593	0.588877	0.601612	-0.034264	-0.030799	18.0740	18.5210	93.3300	92.9307
763.1264	0.589252	0.601857	-0.034121	-0.030405	18.0870	18.5290	93.3140	92.8921
762.6934	0.589624	0.602101	-0.033554	-0.030010	18.0990	18.5371	93.2570	92.8534
762.2603	0.589841	0.602346	-0.033194	-0.029614	18.1060	18.5452	93.2210	92.8146
761.8271	0.590171	0.602590	-0.032851	-0.029216	18.1170	18.5532	93.1860	92.7758
761.3938	0.590502	0.602833	-0.032466	-0.028818	18.1280	18.5613	93.1470	92.7369
760.9604	0.590875	0.603077	-0.031835	-0.028419	18.1400	18.5693	93.0840	92.6980
760.5269	0.591370	0.603321	-0.031541	-0.028019	18.1570	18.5774	93.0530	92.6589
760.0933	0.591845	0.603564	-0.031079	-0.027617	18.1730	18.5855	93.0060	92.6199
759.6597	0.592405	0.603807	-0.030590	-0.027215	18.1920	18.5935	92.9560	92.5807
759.2259	0.592670	0.604049	-0.030366	-0.026812	18.2010	18.6016	92.9330	92.5415
758.7921	0.592877	0.604292	-0.030169	-0.026407	18.2080	18.6097	92.9130	92.5022
758.3581	0.593329	0.604534	-0.029569	-0.026002	18.2230	18.6178	92.8530	92.4628
757.9240	0.593428	0.604776	-0.029262	-0.025595	18.2260	18.6258	92.8230	92.4234
757.4899	0.593810	0.605017	-0.028918	-0.025188	18.2390	18.6339	92.7880	92.3839
757.0556	0.593967	0.605259	-0.028593	-0.024779	18.2440	18.6420	92.7560	92.3444
756.6213	0.594432	0.605500	-0.028261	-0.024370	18.2600	18.6501	92.7220	92.3048
756.1868	0.594852	0.605741	-0.027678	-0.023959	18.2740	18.6581	92.6640	92.2651
755.7523	0.594975	0.605982	-0.027465	-0.023557	18.2780	18.6663	92.6430	92.2262
755.3177	0.595271	0.606225	-0.027125	-0.023162	18.2880	18.6745	92.6090	92.1881
754.8830	0.595480	0.606467	-0.026853	-0.022766	18.2950	18.6826	92.5820	92.1498
754.4482	0.595604	0.606709	-0.026577	-0.022369	18.2990	18.6908	92.5550	92.1115
754.0132	0.595811	0.606950	-0.026347	-0.021971	18.3060	18.6990	92.5320	92.0731
753.5782	0.596136	0.607192	-0.025955	-0.021572	18.3170	18.7072	92.4930	92.0347
753.1431	0.596348	0.607433	-0.025589	-0.021171	18.3240	18.7154	92.4570	91.9962
752.7079	0.596528	0.607674	-0.025315	-0.020770	18.3300	18.7236	92.4300	91.9576
752.2726	0.596907	0.607914	-0.024966	-0.020368	18.3430	18.7317	92.3950	91.9189
751.8373	0.596978	0.608155	-0.024624	-0.019964	18.3450	18.7399	92.3620	91.8802
751.4018	0.597596	0.608395	-0.023887	-0.019559	18.3660	18.7481	92.2890	91.8414
750.9662	0.597917	0.608635	-0.023544	-0.019154	18.3770	18.7563	92.2550	91.8025
750.5306	0.598152	0.608874	-0.023261	-0.018747	18.3850	18.7645	92.2270	91.7636
750.0948	0.598426	0.609114	-0.022686	-0.018339	18.3940	18.7727	92.1710	91.7245
749.6589	0.598689	0.609353	-0.022392	-0.017930	18.4030	18.7809	92.1420	91.6854
749.2230	0.598811	0.609591	-0.022125	-0.017520	18.4070	18.7891	92.1160	91.6463
748.7869	0.598962	0.609830	-0.021816	-0.017109	18.4120	18.7973	92.0860	91.6070
748.3508	0.599342	0.610068	-0.021338	-0.016697	18.4250	18.8055	92.0390	91.5677
747.9146	0.599683	0.610306	-0.021182	-0.016283	18.4370	18.8137	92.0230	91.5283
747.4782	0.599886	0.610544	-0.020990	-0.015869	18.4440	18.8219	92.0040	91.4889
747.0417	0.600177	0.610781	-0.020634	-0.015453	18.4540	18.8301	91.9690	91.4493
746.6052	0.600359	0.611030	-0.020231	-0.015036	18.4600	18.8387	91.9300	91.4097
746.1686	0.600795	0.611280	-0.019699	-0.014618	18.4750	18.8474	91.8780	91.3699
745.7319	0.601258	0.611531	-0.019189	-0.014199	18.4910	18.8561	91.8280	91.3301
745.2950	0.601660	0.611782	-0.018824	-0.013779	18.5050	18.8649	91.7920	91.2902
744.8582	0.602096	0.612033	-0.018248	-0.013357	18.5200	18.8736	91.7360	91.2502
744.4211	0.602300	0.612283	-0.017939	-0.012934	18.5270	18.8823	91.7060	91.2102
743.9841	0.602560	0.612533	-0.017641	-0.012511	18.5360	18.8911	91.6770	91.1701
743.5468	0.602880	0.612783	-0.017177	-0.012085	18.5470	18.8998	91.6320	91.1299
743.1096	0.603167	0.613033	-0.016859	-0.011659	18.5570	18.9086	91.6010	91.0896
742.6722	0.603310	0.613282	-0.016726	-0.011232	18.5620	18.9173	91.5880	91.0492
742.2347	0.603401	0.613530	-0.016454	-0.010804	18.5650	18.9261	91.5620	91.0088
741.7971	0.603665	0.613779	-0.015945	-0.010374	18.5740	18.9348	91.5130	90.9683
741.3594	0.603730	0.614027	-0.015598	-0.009943	18.5760	18.9436	91.4800	90.9277
740.9216	0.603932	0.614275	-0.015329	-0.009511	18.5830	18.9523	91.4540	90.8870
740.4838	0.604164	0.614523	-0.014966	-0.009078	18.5910	18.9611	91.4190	90.8463
740.0458	0.604196	0.614770	-0.014787	-0.008643	18.5920	18.9698	91.4020	90.8055
739.6077	0.604282	0.615017	-0.014652	-0.008208	18.5950	18.9786	91.3890	90.7646
739.1696	0.604514	0.615263	-0.014278	-0.007771	18.6030	18.9873	91.3530	90.7236
738.7313	0.604660	0.615509	-0.013965	-0.007333	18.6080	18.9961	91.3230	90.6826
738.2930	0.604836	0.615755	-0.013588	-0.006894	18.6140	19.0048	91.2870	90.6414
737.8545	0.604983	0.615994	-0.013211	-0.006452	18.6190	19.0133	91.2510	90.6001
737.4160	0.605240	0.616219	-0.012879	-0.006006	18.6280	19.0213	91.2190	90.5584
736.9773	0.605302	0.616444	-0.012574	-0.005558	18.6300	19.0294	91.1900	90.5166
736.5386	0.605477	0.616669	-0.012197	-0.005110	18.6360	19.0374	91.1540	90.4748
736.0997	0.605594	0.616893	-0.011913	-0.004660	18.6400	19.0454	91.1270	90.4328
735.6608	0.605821	0.617117	-0.011664	-0.004210	18.6480	19.0535	91.1030	90.3908
735.2218	0.605966	0.617341	-0.011307	-0.003758	18.6530	19.0615	91.0690	90.3487
734.7827	0.605885	0.617564	-0.011179	-0.003305	18.6500	19.0695	91.0570	90.3066
734.3434	0.606032	0.617787	-0.010758	-0.002850	18.6550	19.0776	91.0170	90.2643
733.9041	0.606235	0.618009	-0.010264	-0.002395	18.6620	19.0856	90.9700	90.2220
733.4647	0.606212	0.618231	-0.009936	-0.001938	18.6610	19.0937	90.9390	90.1796
733.0252	0.606244	0.618453	-0.009693	-0.001480	18.6620	19.1017	90.9160	90.1371
732.5856	0.606614	0.618674	-0.009127	-0.001021	18.6750	19.1097	90.8620	90.0945
732.1459	0.606646	0.618895	-0.008810	-0.000561	18.6760	19.1178	90.8320	90.0519
731.7061	0.606540	0.619116	-0.008459	-0.000099	18.6720	19.1258	90.7990	90.0092
731.2662	0.606654	0.619336	-0.008249	0.000364	18.6760	19.1338	90.7790	89.9663
730.8262	0.606685	0.619555	-0.008016	0.000828	18.6770	19.1419	90.7570	89.9234
730.3861	0.606575	0.619775	-0.007941	0.001293	18.6730	19.1499	90.7500	89.8805
729.9459	0.606747	0.619995	-0.007530	0.001759	18.6790	19.1580	90.7110	89.8374
729.5057	0.606806	0.620220	-0.007181	0.002225	18.6810	19.1662	90.6780	89.7945
729.0653	0.607035	0.620445	-0.006548	0.002692	18.6890	19.1745	90.6180	89.7514
728.6248	0.606928	0.620684	-0.006229	0.003156	18.6850	19.1833	90.5880	89.7087
728.1843	0.606959	0.620924	-0.005880	0.003620	18.6860	19.1922	90.5550	89.6659
727.7436	0.607017	0.621164	-0.005573	0.004086	18.6880	19.2011	90.5260	89.6231
727.3028	0.606964	0.621404	-0.005318	0.004553	18.6860	19.2100	90.5020	89.5802
726.8619	0.607163	0.621644	-0.004769	0.005022	18.6930	19.2189	90.4500	89.5371
726.4210	0.607110	0.621882	-0.004450	0.005492	18.6910	19.2278	90.4200	89.4940
725.9799	0.607251	0.622121	-0.004049	0.005963	18.6960	19.2366	90.3820	89.4508
725.5388	0.607394	0.622359	-0.003477	0.006435	18.7010	19.2455	90.3280	89.4076
725.0975	0.607674	0.622597	-0.002832	0.006909	18.7110	19.2544	90.2670	89.3642
724.6561	0.607815	0.622834	-0.002429	0.007384	18.7160	19.2633	90.2290	89.3207
724.2147	0.607705	0.623070	-0.002036	0.007861	18.7120	19.2722	90.1920	89.2772
723.7732	0.607651	0.623307	-0.001676	0.008338	18.7100	19.2810	90.1580	89.2336
723.3315	0.607624	0.623543	-0.001357	0.008817	18.7090	19.2899	90.1280	89.1899
722.8898	0.607763	0.623778	-0.000785	0.009298	18.7140	19.2988	90.0740	89.1461
722.4479	0.607875	0.624013	-0.000361	0.009779	18.7180	19.3077	90.0340	89.1022
722.0060	0.607930	0.624247	0.000106	0.010262	18.7200	19.3166	89.9900	89.0582
721.5640	0.608262	0.624481	0.000807	0.010747	18.7320	19.3255	89.9240	89.0141
721.1218	0.608345	0.624715	0.001232	0.011232	18.7350	19.3343	89.8840	88.9699
720.6796	0.608427	0.624936	0.001614	0.011721	18.7380	19.3428	89.8480	88.9255
720.2373	0.608509	0.625153	0.002103	0.012212	18.7410	19.3511	89.8020	88.8809
719.7949	0.608452	0.625367	0.002326	0.012705	18.7390	19.3593	89.7810	88.8362
719.3524	0.608616	0.625579	0.002815	0.013199	18.7450	19.3675	89.7350	88.7913
718.9097	0.608697	0.625790	0.003251	0.013695	18.7480	19.3756	89.6940	88.7464
718.4670	0.608723	0.626001	0.003676	0.014191	18.7490	19.3837	89.6540	88.7013
718.0242	0.609134	0.626211	0.004316	0.014690	18.7640	19.3919	89.5940	88.6562
717.5813	0.609323	0.626421	0.004860	0.015189	18.7710	19.4000	89.5430	88.6110
717.1383	0.609540	0.626630	0.005415	0.015690	18.7790	19.4082	89.4910	88.5657
716.6952	0.609729	0.626838	0.005906	0.016192	18.7860	19.4163	89.4450	88.5203
716.2520	0.610001	0.627047	0.006409	0.016696	18.7960	19.4245	89.3980	88.4748
715.8087	0.610214	0.627254	0.007168	0.017201	18.8040	19.4326	89.3270	88.4292
715.3653	0.610483	0.627462	0.007725	0.017707	18.8140	19.4407	89.2750	88.3836
714.9218	0.610535	0.627668	0.008024	0.018214	18.8160	19.4489	89.2470	88.3378
714.4782	0.610748	0.627874	0.008592	0.018723	18.8240	19.4570	89.1940	88.2919
714.0345	0.611069	0.628080	0.009311	0.019234	18.8360	19.4651	89.1270	88.2460
713.5907	0.611337	0.628285	0.009860	0.019745	18.8460	19.4733	89.0760	88.1999
713.1469	0.611519	0.628490	0.010567	0.020258	18.8530	19.4814	89.0100	88.1538
712.7028	0.611673	0.628707	0.011211	0.020768	18.8590	19.4900	88.9500	88.1081
712.2588	0.612047	0.628930	0.011880	0.021275	18.8730	19.4989	88.8880	88.0626
711.8146	0.612339	0.629158	0.012463	0.021782	18.8840	19.5079	88.8340	88.0172
711.3703	0.612628	0.629392	0.013143	0.022287	18.8950	19.5172	88.7710	87.9720
710.9259	0.612943	0.629627	0.013899	0.022794	18.9070	19.5265	88.7010	87.9267
710.4814	0.613150	0.629861	0.014482	0.023302	18.9150	19.5358	88.6470	87.8813
710.0369	0.613465	0.630094	0.015111	0.023812	18.9270	19.5451	88.5890	87.8358
709.5922	0.613726	0.630327	0.015717	0.024323	18.9370	19.5544	88.5330	87.7902
709.1474	0.614069	0.630559	0.016284	0.024835	18.9500	19.5637	88.4810	87.7445
708.7026	0.614275	0.630791	0.016847	0.025349	18.9580	19.5730	88.4290	87.6987
708.2576	0.614535	0.631022	0.017402	0.025865	18.9680	19.5823	88.3780	87.6528
707.8125	0.614767	0.631252	0.017924	0.026382	18.9770	19.5917	88.3300	87.6068
707.3674	0.615051	0.631482	0.018577	0.026901	18.9880	19.6010	88.2700	87.5607
706.9221	0.615389	0.631712	0.019221	0.027421	19.0010	19.6103	88.2110	87.5145
706.4767	0.615699	0.631941	0.019855	0.027942	19.0130	19.6196	88.1530	87.4682
706.0313	0.616004	0.632169	0.020629	0.028465	19.0250	19.6288	88.0820	87.4218
705.5857	0.616313	0.632396	0.021231	0.028990	19.0370	19.6381	88.0270	87.3753
705.1401	0.616652	0.632623	0.021749	0.029516	19.0500	19.6474	87.9800	87.3287
704.6943	0.617017	0.632847	0.022323	0.030046	19.0640	19.6566	87.9280	87.2818
704.2484	0.617240	0.633069	0.022978	0.030579	19.0730	19.6658	87.8680	87.2346
703.8025	0.617438	0.633289	0.023558	0.031115	19.0810	19.6749	87.8150	87.1872
703.3564	0.617765	0.633506	0.024326	0.031654	19.0940	19.6839	87.7450	87.1395
702.9103	0.618153	0.633722	0.024914	0.032195	19.1090	19.6929	87.6920	87.0917
702.4641	0.618534	0.633938	0.025665	0.032737	19.1240	19.7019	87.6240	87.0438
702.0177	0.618866	0.634153	0.026252	0.033281	19.1370	19.7109	87.5710	86.9958
701.5712	0.619194	0.634367	0.026916	0.033826	19.1500	19.7200	87.5110	86.9477
701.1247	0.619553	0.634581	0.027484	0.034373	19.1640	19.7290	87.4600	86.8995
700.6780	0.619881	0.634794	0.028127	0.034922	19.1770	19.7380	87.4020	86.8512
700.2313	0.620154	0.635007	0.028736	0.035472	19.1880	19.7470	87.3470	86.8028
699.7844	0.620481	0.635219	0.029348	0.036023	19.2010	19.7560	87.2920	86.7542
699.3375	0.620781	0.635430	0.029949	0.036576	19.2130	19.7650	87.2380	86.7056
698.8904	0.621076	0.635640	0.030647	0.037131	19.2250	19.7740	87.1750	86.6568
698.4433	0.621402	0.635850	0.031240	0.037688	19.2380	19.7830	87.1220	86.6080
697.9961	0.621881	0.636059	0.032036	0.038245	19.2570	19.7920	87.0510	86.5590
697.5488	0.622175	0.636268	0.032705	0.038805	19.2690	19.8010	86.9910	86.5100
697.1013	0.622442	0.636475	0.033329	0.039366	19.2800	19.8099	86.9350	86.4608
696.6537	0.622710	0.636681	0.033932	0.039923	19.2910	19.8189	86.8810	86.4119
696.2061	0.623108	0.636887	0.034641	0.040480	19.3070	19.8278	86.8180	86.3632
695.7584	0.623379	0.637090	0.035180	0.041035	19.3180	19.8367	86.7700	86.3146
695.3105	0.623719	0.637293	0.035909	0.041589	19.3320	19.8456	86.7050	86.2662
694.8626	0.624064	0.637495	0.036552	0.042144	19.3460	19.8544	86.6480	86.2178
694.4146	0.624328	0.637696	0.037168	0.042701	19.3570	19.8633	86.5930	86.1692
693.9664	0.624696	0.637896	0.037847	0.043259	19.3720	19.8721	86.5330	86.1204
693.5182	0.625198	0.638096	0.038556	0.043819	19.3920	19.8810	86.4710	86.0716
693.0699	0.625597	0.638295	0.039162	0.044380	19.4080	19.8898	86.4180	86.0227
692.6215	0.625940	0.638493	0.039765	0.044943	19.4220	19.8986	86.3650	85.9736
692.1729	0.626258	0.638691	0.040334	0.045508	19.4350	19.9075	86.3150	85.9245
691.7243	0.626543	0.638888	0.040978	0.046074	19.4470	19.9163	86.2580	85.8752
691.2756	0.626912	0.639084	0.041574	0.046642	19.4620	19.9251	86.2060	85.8258
690.8267	0.627221	0.639280	0.042243	0.047212	19.4750	19.9340	86.1470	85.7763
690.3778	0.627581	0.639474	0.042949	0.047783	19.4900	19.9428	86.0850	85.7266
689.9288	0.627890	0.639668	0.043598	0.048356	19.5030	19.9516	86.0280	85.6769
689.4797	0.628302	0.639862	0.044310	0.048931	19.5200	19.9605	85.9660	85.6270
689.0304	0.628583	0.640054	0.044947	0.049507	19.5320	19.9693	85.9100	85.5771
688.5811	0.628865	0.640247	0.045563	0.050085	19.5440	19.9781	85.8560	85.5270
688.1317	0.629114	0.640439	0.046243	0.050664	19.5550	19.9870	85.7960	85.4769
687.6821	0.629395	0.640630	0.046849	0.051244	19.5670	19.9958	85.7430	85.4266
687.2325	0.629747	0.640820	0.047583	0.051826	19.5820	20.0047	85.6790	85.3763
686.7828	0.630025	0.641010	0.048212	0.052410	19.5940	20.0135	85.6240	85.3258
686.3329	0.630358	0.641199	0.048824	0.052996	19.6080	20.0224	85.5710	85.2752
685.8830	0.630665	0.641388	0.049402	0.053583	19.6210	20.0312	85.5210	85.2245
685.4330	0.631080	0.641575	0.049988	0.054172	19.6380	20.0401	85.4710	85.1736
684.9828	0.631436	0.641762	0.050616	0.054763	19.6530	20.0489	85.4170	85.1227
684.5327	0.631659	0.641947	0.051222	0.055355	19.6630	20.0577	85.3640	85.0716
684.0823	0.631932	0.642133	0.051854	0.055949	19.6750	20.0665	85.3090	85.0204
683.6319	0.632188	0.642317	0.052364	0.056545	19.6860	20.0754	85.2650	84.9691
683.1813	0.632436	0.642500	0.052963	0.057143	19.6970	20.0842	85.2130	84.9176
682.7307	0.632829	0.642683	0.053752	0.057742	19.7140	20.0930	85.1450	84.8660
682.2800	0.633131	0.642865	0.054334	0.058343	19.7270	20.1018	85.0950	84.8143
681.8292	0.633453	0.643047	0.054997	0.058946	19.7410	20.1107	85.0380	84.7625
681.3782	0.633771	0.643231	0.055693	0.059551	19.7550	20.1196	84.9780	84.7105
680.9272	0.633984	0.643416	0.056336	0.060159	19.7650	20.1287	84.9220	84.6584
680.4761	0.634273	0.643612	0.057031	0.060770	19.7780	20.1382	84.8620	84.6062
680.0248	0.634485	0.643807	0.057676	0.061382	19.7880	20.1476	84.8060	84.5537
679.5735	0.634775	0.644002	0.058350	0.061997	19.8010	20.1571	84.7480	84.5012
679.1221	0.634959	0.644196	0.058982	0.062613	19.8100	20.1666	84.6930	84.4485
678.6705	0.635225	0.644388	0.059610	0.063232	19.8220	20.1761	84.6390	84.3957
678.2189	0.635455	0.644580	0.060314	0.063852	19.8330	20.1855	84.5780	84.3428
677.7672	0.635733	0.644771	0.061080	0.064474	19.8460	20.1950	84.5120	84.2897
677.3154	0.635938	0.644961	0.061749	0.065098	19.8560	20.2044	84.4540	84.2365
676.8634	0.636193	0.645150	0.062458	0.065724	19.8680	20.2139	84.3930	84.1832
676.4114	0.636372	0.645339	0.063103	0.066351	19.8770	20.2234	84.3370	84.1297
675.9592	0.636520	0.645526	0.063780	0.066981	19.8850	20.2328	84.2780	84.0761
675.5070	0.636773	0.645712	0.064479	0.067612	19.8970	20.2422	84.2180	84.0224
675.0547	0.636952	0.645897	0.065104	0.068245	19.9060	20.2517	84.1640	83.9685
674.6022	0.637096	0.646082	0.065804	0.068880	19.9140	20.2611	84.1030	83.9145
674.1497	0.637302	0.646265	0.066410	0.069517	19.9240	20.2706	84.0510	83.8604
673.6971	0.637477	0.646455	0.067058	0.070151	19.9330	20.2802	83.9950	83.8067
673.2443	0.637708	0.646647	0.067679	0.070784	19.9440	20.2900	83.9420	83.7531
672.7915	0.637883	0.646840	0.068305	0.071418	19.9530	20.2999	83.8880	83.6994
672.3386	0.638033	0.647033	0.068918	0.072053	19.9610	20.3097	83.8350	83.6458
671.8855	0.638153	0.647225	0.069551	0.072690	19.9680	20.3196	83.7800	83.5919
671.4324	0.638321	0.647415	0.070223	0.073329	19.9770	20.3295	83.7220	83.5380
670.9791	0.638517	0.647606	0.070888	0.073970	19.9870	20.3393	83.6650	83.4839
670.5258	0.638704	0.647794	0.071620	0.074613	19.9970	20.3492	83.6020	83.4296
670.0723	0.638871	0.647982	0.072293	0.075258	20.0060	20.3591	83.5440	83.3752
669.6188	0.639012	0.648169	0.072942	0.075905	20.0140	20.3689	83.4880	83.3207
669.1651	0.639176	0.648355	0.073627	0.076554	20.0230	20.3788	83.4290	83.2661
668.7114	0.639348	0.648540	0.074235	0.077204	20.0320	20.3886	83.3770	83.2113
668.2575	0.639519	0.648724	0.074843	0.077857	20.0410	20.3984	83.3250	83.1563
667.8035	0.639705	0.648907	0.075544	0.078512	20.0510	20.4083	83.2650	83.1012
667.3495	0.639832	0.649089	0.076284	0.079169	20.0590	20.4181	83.2010	83.0460
666.8953	0.639997	0.649270	0.076927	0.079828	20.0680	20.4280	83.1460	82.9906
666.4411	0.640163	0.649451	0.077559	0.080489	20.0770	20.4378	83.0920	82.9352
665.9868	0.640303	0.649630	0.078177	0.081151	20.0850	20.4477	83.0390	82.8796
665.5323	0.640459	0.649809	0.078877	0.081815	20.0940	20.4575	82.9790	82.8238
665.0777	0.640642	0.649988	0.079569	0.082482	20.1040	20.4674	82.9200	82.7680
664.6230	0.640760	0.650165	0.080345	0.083150	20.1120	20.4773	82.8530	82.7120
664.1683	0.640964	0.650341	0.081075	0.083820	20.1230	20.4871	82.7910	82.6558
663.7134	0.641144	0.650515	0.081768	0.084493	20.1330	20.4970	82.7320	82.5995
663.2584	0.641240	0.650689	0.082486	0.085167	20.1400	20.5068	82.6700	82.5431
662.8034	0.641338	0.650862	0.083181	0.085844	20.1470	20.5167	82.6100	82.4865
662.3482	0.641434	0.651033	0.083888	0.086523	20.1540	20.5265	82.5490	82.4297
661.8929	0.641552	0.651204	0.084621	0.087204	20.1620	20.5364	82.4860	82.3728
661.4376	0.641642	0.651373	0.085363	0.087887	20.1690	20.5462	82.4220	82.3158
660.9821	0.641762	0.651541	0.086074	0.088572	20.1770	20.5560	82.3610	82.2586
660.5265	0.641856	0.651708	0.086771	0.089259	20.1840	20.5658	82.3010	82.2012
660.0708	0.641954	0.651873	0.087435	0.089949	20.1910	20.5757	82.2440	82.1437
659.6151	0.642150	0.652033	0.088158	0.090637	20.2020	20.5852	82.1830	82.0862
659.1592	0.642316	0.652189	0.088900	0.091326	20.2120	20.5948	82.1200	82.0287
658.7032	0.642377	0.652341	0.089617	0.092015	20.2180	20.6042	82.0580	81.9712
658.2471	0.642464	0.652489	0.090338	0.092705	20.2250	20.6134	81.9960	81.9136
657.7909	0.642556	0.652636	0.091015	0.093397	20.2320	20.6227	81.9380	81.8558
657.3346	0.642671	0.652782	0.091717	0.094092	20.2400	20.6320	81.8780	81.7979
656.8782	0.642817	0.652927	0.092379	0.094788	20.2490	20.6412	81.8220	81.7399
656.4218	0.642880	0.653070	0.093064	0.095486	20.2550	20.6505	81.7630	81.6817
655.9651	0.642918	0.653213	0.093723	0.096187	20.2600	20.6597	81.7060	81.6233
655.5084	0.642974	0.653354	0.094442	0.096890	20.2660	20.6690	81.6440	81.5647
655.0516	0.642978	0.653493	0.095142	0.097595	20.2700	20.6782	81.5830	81.5060
654.5947	0.642976	0.653632	0.095875	0.098302	20.2740	20.6874	81.5190	81.4472
654.1377	0.643057	0.653769	0.096588	0.099011	20.2810	20.6966	81.4580	81.3882
653.6806	0.643054	0.653905	0.097322	0.099723	20.2850	20.7059	81.3940	81.3290
653.2234	0.643077	0.654040	0.098049	0.100437	20.2900	20.7151	81.3310	81.2696
652.7661	0.643114	0.654179	0.098686	0.101155	20.2950	20.7245	81.2760	81.2101
652.3087	0.643164	0.654322	0.099406	0.101876	20.3010	20.7341	81.2140	81.1503
651.8511	0.643140	0.654466	0.100081	0.102601	20.3040	20.7438	81.1550	81.0902
651.3936	0.643188	0.654613	0.100801	0.103329	20.3100	20.7537	81.0930	81.0300
650.9358	0.643267	0.654759	0.101492	0.104060	20.3170	20.7636	81.0340	80.9696
650.4780	0.643379	0.654904	0.102143	0.104792	20.3250	20.7735	80.9790	80.9091
650.0201	0.643507	0.655048	0.102854	0.105528	20.3340	20.7834	80.9190	80.8483
649.5620	0.643585	0.655190	0.103535	0.106265	20.3410	20.7933	80.8610	80.7874
649.1039	0.643630	0.655330	0.104257	0.107005	20.3470	20.8032	80.7990	80.7263
648.6457	0.643660	0.655470	0.105057	0.107747	20.3530	20.8130	80.7300	80.6651
648.1873	0.643776	0.655607	0.105826	0.108492	20.3620	20.8229	80.6650	80.6037
647.7289	0.643750	0.655744	0.106630	0.109239	20.3660	20.8327	80.5950	80.5421
647.2703	0.643842	0.655879	0.107372	0.109988	20.3740	20.8426	80.5320	80.4803
646.8117	0.643812	0.656013	0.108188	0.110740	20.3780	20.8524	80.4610	80.4184
646.3530	0.643872	0.656145	0.108949	0.111494	20.3850	20.8623	80.3960	80.3563
645.8941	0.643902	0.656278	0.109717	0.112249	20.3910	20.8722	80.3300	80.2941
645.4351	0.643924	0.656418	0.110531	0.113001	20.3970	20.8824	80.2600	80.2324
644.9761	0.644014	0.656557	0.111252	0.113755	20.4050	20.8926	80.1990	80.1705
644.5169	0.643990	0.656697	0.112163	0.114510	20.4100	20.9028	80.1200	80.1086
644.0577	0.644043	0.656836	0.113087	0.115267	20.4180	20.9131	80.0410	80.0466
643.5983	0.644050	0.656973	0.113958	0.116027	20.4240	20.9234	79.9660	79.9843
643.1389	0.644103	0.657108	0.114721	0.116790	20.4310	20.9336	79.9010	79.9219
642.6793	0.644078	0.657242	0.115459	0.117555	20.4350	20.9438	79.8370	79.8593
642.2196	0.644040	0.657375	0.116264	0.118322	20.4390	20.9541	79.7670	79.7965
641.7598	0.644132	0.657506	0.117093	0.119092	20.4480	20.9643	79.6970	79.7335
641.2999	0.644203	0.657635	0.118024	0.119865	20.4570	20.9745	79.6180	79.6703
640.8400	0.644305	0.657763	0.118926	0.120640	20.4670	20.9848	79.5420	79.6070
640.3799	0.644341	0.657890	0.119747	0.121417	20.4740	20.9950	79.4720	79.5434
639.9197	0.644462	0.658014	0.120678	0.122197	20.4850	21.0052	79.3940	79.4797
639.4594	0.644500	0.658138	0.121477	0.122980	20.4920	21.0154	79.3260	79.4158
638.9990	0.644472	0.658260	0.122334	0.123765	20.4970	21.0256	79.2520	79.3517
638.5385	0.644499	0.658385	0.123178	0.124550	20.5040	21.0359	79.1800	79.2877
638.0779	0.644477	0.658507	0.123990	0.125338	20.5090	21.0463	79.1100	79.2234
637.6172	0.644420	0.658629	0.124842	0.126129	20.5130	21.0566	79.0360	79.1590
637.1564	0.644532	0.658748	0.125646	0.126922	20.5230	21.0669	78.9690	79.0944
636.6954	0.644568	0.658866	0.126424	0.127718	20.5300	21.0772	78.9030	79.0296
636.2344	0.644642	0.658982	0.127409	0.128516	20.5400	21.0875	78.8200	78.9645
635.7733	0.644634	0.659097	0.128261	0.129318	20.5460	21.0978	78.7470	78.8993
635.3121	0.644515	0.659210	0.129126	0.130121	20.5480	21.1081	78.6710	78.8339
634.8508	0.644538	0.659321	0.130079	0.130928	20.5560	21.1184	78.5900	78.7683
634.3893	0.644569	0.659431	0.130987	0.131737	20.5640	21.1286	78.5130	78.7025
633.9278	0.644804	0.659538	0.131937	0.132549	20.5800	21.1389	78.4360	78.6365
633.4662	0.645089	0.659644	0.132899	0.133363	20.5980	21.1491	78.3590	78.5703
633.0044	0.645177	0.659748	0.133774	0.134180	20.6080	21.1594	78.2860	78.5039
632.5425	0.645221	0.659850	0.134594	0.135023	20.6160	21.1698	78.2170	78.4354
632.0806	0.645222	0.659950	0.135487	0.135869	20.6230	21.1802	78.1410	78.3667
631.6186	0.645051	0.660047	0.136169	0.136729	20.6220	21.1906	78.0800	78.2967
631.1564	0.645025	0.660142	0.136928	0.137596	20.6270	21.2010	78.0150	78.2262
630.6942	0.644865	0.660235	0.137929	0.138465	20.6290	21.2115	77.9270	78.1556
630.2318	0.644678	0.660327	0.138925	0.139336	20.6300	21.2219	77.8390	78.0847
629.7693	0.644278	0.660416	0.139781	0.140211	20.6220	21.2324	77.7590	78.0137
629.3068	0.644334	0.660503	0.140758	0.141088	20.6320	21.2428	77.6770	77.9424
628.8441	0.644052	0.660589	0.141557	0.141968	20.6280	21.2532	77.6040	77.8709
628.3813	0.644289	0.660672	0.142552	0.142851	20.6450	21.2636	77.5240	77.7993
627.9184	0.644447	0.660754	0.143532	0.143737	20.6590	21.2740	77.4440	77.7273
627.4554	0.644767	0.660833	0.144264	0.144626	20.6770	21.2843	77.3880	77.6552
626.9923	0.644660	0.660910	0.145103	0.145517	20.6800	21.2947	77.3150	77.5829
626.5291	0.644357	0.660988	0.145850	0.146399	20.6750	21.3051	77.2460	77.5115
626.0658	0.644099	0.661065	0.146631	0.147283	20.6720	21.3155	77.1750	77.4398
625.6024	0.644021	0.661150	0.147441	0.148126	20.6760	21.3259	77.1050	77.3718
625.1389	0.644130	0.661236	0.147904	0.148964	20.6840	21.3363	77.0680	77.3042
624.6753	0.644412	0.661319	0.148549	0.149806	20.7000	21.3467	77.0190	77.2364
624.2115	0.644141	0.661401	0.149138	0.150650	20.6950	21.3571	76.9640	77.1684
623.7477	0.643995	0.661480	0.149886	0.151498	20.6960	21.3675	76.8980	77.1001
623.2838	0.644447	0.661558	0.150596	0.152348	20.7190	21.3778	76.8470	77.0316
622.8198	0.644450	0.661634	0.151617	0.153201	20.7280	21.3882	76.7610	76.9629
622.3557	0.643807	0.661707	0.153424	0.154057	20.7200	21.3986	76.5960	76.8940
621.8914	0.643265	0.661779	0.155123	0.154916	20.7150	21.4089	76.4420	76.8248
621.4271	0.642580	0.661849	0.156834	0.155778	20.7050	21.4192	76.2840	76.7554
620.9626	0.641768	0.661916	0.158715	0.156644	20.6920	21.4296	76.1090	76.6858
620.4980	0.640848	0.661982	0.160352	0.157512	20.6730	21.4399	75.9520	76.6159
620.0334	0.640341	0.662045	0.162257	0.158383	20.6720	21.4502	75.7810	76.5458
619.5687	0.640197	0.662106	0.164410	0.159289	20.6870	21.4608	75.5970	76.4729
619.1038	0.639677	0.662165	0.166111	0.160201	20.6840	21.4714	75.4430	76.3995
618.6388	0.638921	0.662221	0.167761	0.161119	20.6720	21.4820	75.2880	76.3256
618.1737	0.638535	0.662275	0.169531	0.162041	20.6750	21.4926	75.1310	76.2514
617.7086	0.637879	0.662327	0.171277	0.162965	20.6680	21.5032	74.9700	76.1770
617.2433	0.637273	0.662376	0.172916	0.163893	20.6620	21.5138	74.8190	76.1023
616.7779	0.636904	0.662424	0.174572	0.164824	20.6650	21.5244	74.6720	76.0274
616.3124	0.636402	0.662469	0.175999	0.165759	20.6610	21.5350	74.5410	75.9522
615.8468	0.635650	0.662511	0.177237	0.166696	20.6460	21.5456	74.4200	75.8768
615.3810	0.635275	0.662551	0.178771	0.167637	20.6480	21.5561	74.2830	75.8012
614.9153	0.634609	0.662589	0.180067	0.168580	20.6370	21.5667	74.1590	75.7253
614.4493	0.634069	0.662624	0.181385	0.169527	20.6310	21.5772	74.0360	75.6491
613.9833	0.633629	0.662657	0.182540	0.170476	20.6270	21.5877	73.9290	75.5728
613.5172	0.633214	0.662698	0.183786	0.171409	20.6250	21.5984	73.8150	75.4981
613.0510	0.632939	0.662737	0.185012	0.172345	20.6280	21.6091	73.7060	75.4231
612.5847	0.632687	0.662776	0.186150	0.173280	20.6310	21.6199	73.6050	75.3482
612.1182	0.632446	0.662812	0.187243	0.174217	20.6340	21.6306	73.5080	75.2732
611.6517	0.632204	0.662846	0.188336	0.175157	20.6370	21.6414	73.4110	75.1979
611.1850	0.632030	0.662878	0.189378	0.176101	20.6420	21.6521	73.3200	75.1223
610.7183	0.631820	0.662907	0.190349	0.177049	20.6450	21.6628	73.2340	75.0465
610.2514	0.631652	0.662934	0.191357	0.177999	20.6500	21.6735	73.1460	74.9704
609.7844	0.631461	0.662958	0.192346	0.178953	20.6540	21.6842	73.0590	74.8941
609.3173	0.631421	0.662979	0.193286	0.179910	20.6630	21.6948	72.9800	74.8175
608.8502	0.631475	0.662998	0.194183	0.180871	20.6750	21.7055	72.9070	74.7406
608.3829	0.631468	0.663015	0.194917	0.181834	20.6830	21.7162	72.8460	74.6635
607.9155	0.631544	0.663027	0.195737	0.182800	20.6950	21.7267	72.7800	74.5862
607.4480	0.631718	0.663026	0.196589	0.183761	20.7110	21.7368	72.7140	74.5090
606.9804	0.631840	0.663023	0.197341	0.184725	20.7240	21.7469	72.6550	74.4316
606.5127	0.632053	0.663015	0.198146	0.185691	20.7410	21.7568	72.5940	74.3540
606.0449	0.632272	0.663004	0.198845	0.186659	20.7570	21.7667	72.5420	74.2762
605.5770	0.632493	0.662990	0.199449	0.187631	20.7720	21.7767	72.4980	74.1981
605.1089	0.632810	0.662974	0.200095	0.188607	20.7910	21.7866	72.4530	74.1197
604.6408	0.633097	0.662955	0.200830	0.189586	20.8100	21.7965	72.4000	74.0410
604.1726	0.633582	0.662933	0.201544	0.190568	20.8360	21.8063	72.3540	73.9621
603.7042	0.634111	0.662908	0.202200	0.191554	20.8630	21.8162	72.3140	73.8828
603.2358	0.634597	0.662881	0.202819	0.192543	20.8880	21.8261	72.2760	73.8033
602.7673	0.635075	0.662851	0.203375	0.193535	20.9120	21.8359	72.2430	73.7236
602.2986	0.635499	0.662818	0.203926	0.194531	20.9340	21.8457	72.2090	73.6435
601.8298	0.635954	0.662790	0.204464	0.195540	20.9570	21.8560	72.1770	73.5626
601.3610	0.636440	0.662772	0.204988	0.196569	20.9810	21.8669	72.1470	73.4804
600.8920	0.636964	0.662752	0.205476	0.197602	21.0060	21.8778	72.1210	73.3979
600.4229	0.637477	0.662731	0.205998	0.198641	21.0310	21.8888	72.0920	73.3149
599.9537	0.638049	0.662706	0.206502	0.199683	21.0580	21.8997	72.0660	73.2317
599.4844	0.638673	0.662679	0.207012	0.200729	21.0870	21.9107	72.0410	73.1481
599.0150	0.639419	0.662649	0.207476	0.201779	21.1200	21.9217	72.0230	73.0643
598.5455	0.640030	0.662615	0.208020	0.202833	21.1490	21.9326	71.9950	72.9802
598.0759	0.640689	0.662578	0.208581	0.203890	21.1800	21.9436	71.9670	72.8957
597.6062	0.641289	0.662538	0.208986	0.204951	21.2070	21.9545	71.9500	72.8110
597.1364	0.642007	0.662495	0.209443	0.206015	21.2390	21.9654	71.9320	72.7259
596.6664	0.642846	0.662450	0.209941	0.207085	21.2760	21.9763	71.9140	72.6405
596.1964	0.643573	0.662401	0.210364	0.208159	21.3080	21.9872	71.8990	72.5547
595.7263	0.644330	0.662352	0.210774	0.209246	21.3410	21.9984	71.8860	72.4679
595.2560	0.644916	0.662301	0.211128	0.210344	21.3670	22.0097	71.8730	72.3804
594.7857	0.645393	0.662248	0.211483	0.211446	21.3890	22.0210	71.8570	72.2925
594.3152	0.645963	0.662191	0.211882	0.212552	21.4150	22.0322	71.8400	72.2043
593.8447	0.646557	0.662130	0.212289	0.213661	21.4420	22.0435	71.8230	72.1158
593.3740	0.647125	0.662066	0.212689	0.214774	21.4680	22.0547	71.8060	72.0269
592.9032	0.647919	0.661999	0.213301	0.215892	21.5050	22.0660	71.7780	71.9378
592.4323	0.648579	0.661928	0.213907	0.217013	21.5370	22.0772	71.7470	71.8483
591.9613	0.649420	0.661853	0.214448	0.218138	21.5750	22.0884	71.7260	71.7585
591.4902	0.650255	0.661775	0.215001	0.219267	21.6130	22.0996	71.7040	71.6683
591.0190	0.651281	0.661693	0.215706	0.220400	21.6600	22.1108	71.6750	71.5778
590.5477	0.651877	0.661613	0.216244	0.221512	21.6890	22.1218	71.6480	71.4891
590.0763	0.652843	0.661529	0.216957	0.222627	21.7340	22.1328	71.6170	71.4002
589.6048	0.653210	0.661449	0.217459	0.223712	21.7540	22.1436	71.5870	71.3137
589.1331	0.653710	0.661367	0.218119	0.224796	21.7810	22.1544	71.5480	71.2273
588.6614	0.653846	0.661281	0.218989	0.225883	21.7970	22.1652	71.4830	71.1406
588.1896	0.654277	0.661191	0.219769	0.226974	21.8230	22.1760	71.4330	71.0536
587.7176	0.654942	0.661098	0.220642	0.228070	21.8590	22.1867	71.3820	70.9663
587.2455	0.655497	0.661001	0.221759	0.229169	21.8940	22.1975	71.3090	70.8786
586.7734	0.655791	0.660901	0.222930	0.230273	21.9200	22.2082	71.2250	70.7905
586.3011	0.655811	0.660797	0.224586	0.231380	21.9420	22.2189	71.0960	70.7021
585.8287	0.655466	0.660690	0.226054	0.232492	21.9480	22.2296	70.9720	70.6134
585.3563	0.655573	0.660578	0.227974	0.233608	21.9770	22.2403	70.8250	70.5243
584.8837	0.655542	0.660464	0.230043	0.234715	22.0030	22.2509	70.6630	70.4359
584.4109	0.654747	0.660348	0.232295	0.235788	22.0030	22.2609	70.4660	70.3501
583.9382	0.654150	0.660229	0.234567	0.236862	22.0110	22.2710	70.2730	70.2642
583.4652	0.654146	0.660106	0.236281	0.237930	22.0340	22.2809	70.1400	70.1787
582.9922	0.654030	0.659981	0.238073	0.239002	22.0540	22.2908	69.9980	70.0929
582.5191	0.654006	0.659851	0.239746	0.240077	22.0760	22.3006	69.8680	70.0068
582.0458	0.654144	0.659718	0.241184	0.241158	22.1010	22.3105	69.7610	69.9203
581.5725	0.654404	0.659581	0.242643	0.242242	22.1310	22.3203	69.6560	69.8334
581.0991	0.654229	0.659441	0.244047	0.243330	22.1440	22.3302	69.5430	69.7462
580.6255	0.653713	0.659296	0.244999	0.244423	22.1380	22.3400	69.4550	69.6586
580.1519	0.653486	0.659148	0.246384	0.245520	22.1490	22.3498	69.3420	69.5706
579.6780	0.653476	0.659003	0.247893	0.246653	22.1700	22.3603	69.2260	69.4800
579.2042	0.653120	0.658856	0.249180	0.247806	22.1750	22.3711	69.1170	69.3879
578.7302	0.653067	0.658713	0.250506	0.249004	22.1920	22.3827	69.0140	69.2927
578.2561	0.652894	0.658572	0.251721	0.250236	22.2030	22.3950	68.9160	69.1948
577.7819	0.652524	0.658426	0.252953	0.251473	22.2070	22.4073	68.8110	69.0966
577.3076	0.652254	0.658275	0.254198	0.252715	22.2150	22.4195	68.7080	68.9979
576.8332	0.652275	0.658120	0.255650	0.253962	22.2370	22.4318	68.5980	68.8989
576.3586	0.651981	0.657961	0.256809	0.255213	22.2430	22.4440	68.5010	68.7995
575.8840	0.652008	0.657796	0.258162	0.256469	22.2640	22.4562	68.3990	68.6996
575.4093	0.651996	0.657628	0.259474	0.257729	22.2830	22.4684	68.2990	68.5994
574.9344	0.651894	0.657454	0.260871	0.258994	22.3000	22.4806	68.1900	68.4988
574.4595	0.651815	0.657275	0.262134	0.260264	22.3160	22.4928	68.0920	68.3977
573.9844	0.651615	0.657092	0.263428	0.261540	22.3280	22.5049	67.9880	68.2962
573.5092	0.651411	0.656892	0.264789	0.262846	22.3410	22.5170	67.8790	68.1919
573.0339	0.651256	0.656687	0.266157	0.264157	22.3560	22.5291	67.7710	68.0872
572.5586	0.651070	0.656477	0.267461	0.265472	22.3690	22.5412	67.6670	67.9821
572.0831	0.650945	0.656261	0.268805	0.266792	22.3850	22.5532	67.5620	67.8766
571.6075	0.650826	0.656041	0.270193	0.268117	22.4020	22.5652	67.4540	67.7707
571.1318	0.650820	0.655815	0.271497	0.269447	22.4220	22.5772	67.3560	67.6643
570.6559	0.650793	0.655585	0.272780	0.270782	22.4410	22.5892	67.2590	67.5574
570.1801	0.650699	0.655348	0.274090	0.272122	22.4580	22.6012	67.1580	67.4502
569.7040	0.650479	0.655107	0.275308	0.273466	22.4690	22.6131	67.0600	67.3425
569.2278	0.650465	0.654860	0.276669	0.274816	22.4900	22.6251	66.9580	67.2343
568.7516	0.650325	0.654625	0.278005	0.276117	22.5060	22.6368	66.8540	67.1302
568.2753	0.650152	0.654399	0.279287	0.277374	22.5200	22.6483	66.7530	67.0298
567.7988	0.650019	0.654175	0.280655	0.278618	22.5370	22.6597	66.6470	66.9305
567.3222	0.649834	0.653954	0.281949	0.279842	22.5510	22.6710	66.5450	66.8328
566.8455	0.649688	0.653728	0.283275	0.281071	22.5670	22.6822	66.4420	66.7347
566.3687	0.649536	0.653497	0.284667	0.282304	22.5840	22.6935	66.3340	66.6361
565.8918	0.649388	0.653261	0.285981	0.283543	22.6000	22.7048	66.2320	66.5371
565.4149	0.649288	0.653020	0.287305	0.284786	22.6180	22.7160	66.1310	66.4377
564.9377	0.649052	0.652774	0.288624	0.286035	22.6310	22.7272	66.0260	66.3377
564.4605	0.648874	0.652523	0.289929	0.287289	22.6460	22.7384	65.9240	66.2374
563.9832	0.648568	0.652266	0.291274	0.288552	22.6570	22.7496	65.8150	66.1362
563.5057	0.648293	0.651991	0.292661	0.289927	22.6700	22.7621	65.7040	66.0262
563.0282	0.648036	0.651709	0.294003	0.291308	22.6830	22.7746	65.5970	65.9158
562.5505	0.647877	0.651413	0.295418	0.292764	22.7010	22.7879	65.4880	65.7994
562.0728	0.647658	0.651109	0.296781	0.294230	22.7160	22.8012	65.3810	65.6822
561.5948	0.647465	0.650799	0.298198	0.295702	22.7330	22.8146	65.2710	65.5645
561.1169	0.647241	0.650483	0.299616	0.297178	22.7490	22.8278	65.1600	65.4463
560.6388	0.647026	0.650160	0.301067	0.298660	22.7660	22.8411	65.0470	65.3276
560.1606	0.646824	0.649831	0.302485	0.300148	22.7830	22.8544	64.9370	65.2084
559.6823	0.646514	0.649495	0.303951	0.301641	22.7970	22.8676	64.8200	65.0887
559.2039	0.646256	0.649152	0.305415	0.303139	22.8130	22.8808	64.7050	64.9685
558.7253	0.645983	0.648814	0.306846	0.304562	22.8280	22.8930	64.5920	64.8540
558.2467	0.645794	0.648477	0.308263	0.305930	22.8460	22.9045	64.4830	64.7436
557.7679	0.645564	0.648145	0.309760	0.307235	22.8640	22.9150	64.3670	64.6381
557.2891	0.645325	0.647818	0.311212	0.308471	22.8810	22.9247	64.2540	64.5376
556.8102	0.645094	0.647485	0.312643	0.309713	22.8980	22.9343	64.1430	64.4367
556.3311	0.644864	0.647146	0.314117	0.310960	22.9160	22.9440	64.0290	64.3353
555.8519	0.644647	0.646803	0.315503	0.312213	22.9330	22.9536	63.9220	64.2333
555.3726	0.644356	0.646453	0.316979	0.313470	22.9490	22.9632	63.8060	64.1309
554.8932	0.644050	0.646098	0.318477	0.314733	22.9650	22.9728	63.6880	64.0279
554.4137	0.643740	0.645737	0.320032	0.316002	22.9820	22.9823	63.5660	63.9245
553.9341	0.643476	0.645368	0.321541	0.317304	23.0000	22.9923	63.4490	63.8183
553.4543	0.643209	0.644981	0.322994	0.318797	23.0170	23.0052	63.3360	63.6980
552.9745	0.642844	0.644586	0.324527	0.320307	23.0320	23.0183	63.2140	63.5763
552.4946	0.642525	0.644168	0.326014	0.322025	23.0480	23.0345	63.0970	63.4391
552.0145	0.642236	0.643741	0.327490	0.323750	23.0650	23.0507	62.9820	63.3013
551.5344	0.641938	0.643307	0.328977	0.325480	23.0820	23.0668	62.8660	63.1629
551.0541	0.641587	0.642863	0.330453	0.327217	23.0970	23.0830	62.7490	63.0239
550.5737	0.641266	0.642411	0.331918	0.328960	23.1130	23.0991	62.6340	62.8843
550.0933	0.640943	0.641951	0.333483	0.330709	23.1310	23.1152	62.5120	62.7442
549.6127	0.640542	0.641481	0.334981	0.332464	23.1450	23.1313	62.3920	62.6034
549.1320	0.640202	0.641002	0.336513	0.334226	23.1620	23.1474	62.2720	62.4620
548.6511	0.639831	0.640540	0.338044	0.335865	23.1780	23.1619	62.1510	62.3299
548.1702	0.639471	0.640080	0.339598	0.337461	23.1950	23.1758	62.0290	62.2010
547.6891	0.639059	0.639627	0.341140	0.338987	23.2100	23.1888	61.9060	62.0775
547.2080	0.638692	0.639175	0.342693	0.340476	23.2270	23.2013	61.7840	61.9566
546.7267	0.638333	0.638716	0.344224	0.341972	23.2440	23.2137	61.6640	61.8351
546.2454	0.637960	0.638248	0.345721	0.343474	23.2600	23.2261	61.5460	61.7131
545.7639	0.637554	0.637773	0.347274	0.344982	23.2760	23.2385	61.4230	61.5903
545.2823	0.637117	0.637291	0.348826	0.346495	23.2910	23.2509	61.2990	61.4670
544.8007	0.636648	0.636800	0.350377	0.348015	23.3050	23.2632	61.1740	61.3431
544.3188	0.636160	0.636301	0.352006	0.349541	23.3200	23.2755	61.0430	61.2186
543.8369	0.635750	0.635793	0.353535	0.351100	23.3360	23.2883	60.9220	61.0914
543.3549	0.635312	0.635272	0.355108	0.352719	23.3520	23.3020	60.7970	60.9599
542.8728	0.634813	0.634742	0.356634	0.354349	23.3650	23.3158	60.6730	60.8273
542.3905	0.634319	0.634202	0.358194	0.356000	23.3790	23.3298	60.5470	60.6930
541.9082	0.633804	0.633654	0.359831	0.357658	23.3940	23.3438	60.4150	60.5580
541.4257	0.633318	0.633096	0.361458	0.359322	23.4100	23.3577	60.2850	60.4223
540.9431	0.632788	0.632528	0.363105	0.360992	23.4250	23.3717	60.1520	60.2860
540.4604	0.632277	0.631952	0.364663	0.362669	23.4390	23.3856	60.0260	60.1490
539.9777	0.631767	0.631366	0.366355	0.364351	23.4560	23.3994	59.8910	60.0115
539.4948	0.631230	0.630774	0.367990	0.366023	23.4710	23.4130	59.7590	59.8744
539.0118	0.630725	0.630172	0.369704	0.367701	23.4890	23.4266	59.6230	59.7367
538.5286	0.630186	0.629588	0.371326	0.369228	23.5040	23.4377	59.4920	59.6101
538.0454	0.629648	0.628996	0.372892	0.370756	23.5180	23.4488	59.3650	59.4832
537.5621	0.629041	0.628396	0.374567	0.372291	23.5320	23.4599	59.2280	59.3555
537.0786	0.628483	0.627787	0.376288	0.373832	23.5490	23.4709	59.0900	59.2272
536.5950	0.627921	0.627168	0.377964	0.375380	23.5650	23.4820	58.9550	59.0982
536.1114	0.627326	0.626541	0.379593	0.376933	23.5790	23.4929	58.8220	58.9685
535.6276	0.626747	0.625905	0.381233	0.378493	23.5940	23.5039	58.6890	58.8381
535.1437	0.626131	0.625260	0.382927	0.380059	23.6090	23.5148	58.5510	58.7070
534.6597	0.625543	0.624622	0.384611	0.381636	23.6250	23.5264	58.4150	58.5756
534.1756	0.624984	0.623980	0.386285	0.383221	23.6420	23.5382	58.2810	58.4436
533.6913	0.624320	0.623351	0.387985	0.384819	23.6560	23.5510	58.1410	58.3113
533.2070	0.623745	0.622724	0.389759	0.386428	23.6750	23.5642	58.0000	58.1786
532.7226	0.623185	0.622088	0.391454	0.388043	23.6930	23.5773	57.8650	58.0451
532.2380	0.622545	0.621442	0.393222	0.389665	23.7100	23.5905	57.7220	57.9109
531.7534	0.622002	0.620786	0.394963	0.391294	23.7300	23.6036	57.5850	57.7759
531.2686	0.621400	0.620120	0.396699	0.392929	23.7480	23.6167	57.4460	57.6402
530.7837	0.620798	0.619443	0.398515	0.394572	23.7680	23.6298	57.3020	57.5038
530.2987	0.620217	0.618757	0.400331	0.396221	23.7890	23.6429	57.1590	57.3666
529.8136	0.619590	0.618026	0.402166	0.397990	23.8090	23.6573	57.0130	57.2197
529.3284	0.618953	0.617228	0.403921	0.399949	23.8270	23.6738	56.8720	57.0577
528.8430	0.618302	0.616413	0.405731	0.401925	23.8460	23.6905	56.7270	56.8941
528.3576	0.617756	0.615579	0.407629	0.403931	23.8710	23.7074	56.5810	56.7279
527.8720	0.617085	0.614731	0.409494	0.405943	23.8910	23.7243	56.4320	56.5608
527.3864	0.616388	0.613870	0.411344	0.407963	23.9100	23.7412	56.2830	56.3930
526.9006	0.615766	0.612996	0.413201	0.409990	23.9320	23.7580	56.1370	56.2242
526.4147	0.615143	0.612107	0.415091	0.412024	23.9550	23.7748	55.9890	56.0546
525.9287	0.614485	0.611209	0.417024	0.414053	23.9780	23.7914	55.8370	55.8850
525.4426	0.613869	0.610323	0.418926	0.416024	24.0020	23.8073	55.6890	55.7199
524.9564	0.613227	0.609427	0.420814	0.417991	24.0250	23.8231	55.5410	55.5547
524.4700	0.612584	0.608559	0.422736	0.419861	24.0490	23.8377	55.3910	55.3972
523.9836	0.611958	0.607678	0.424705	0.421736	24.0750	23.8523	55.2390	55.2389
523.4971	0.611333	0.606784	0.426662	0.423619	24.1010	23.8669	55.0880	55.0796
523.0104	0.610683	0.605877	0.428606	0.425509	24.1260	23.8814	54.9370	54.9195
522.5236	0.610063	0.604956	0.430576	0.427406	24.1530	23.8959	54.7860	54.7585
522.0367	0.609453	0.604022	0.432603	0.429310	24.1820	23.9103	54.6320	54.5966
521.5497	0.608748	0.603075	0.434632	0.431220	24.2080	23.9247	54.4740	54.4339
521.0626	0.608029	0.602114	0.436591	0.433138	24.2320	23.9391	54.3200	54.2702
520.5754	0.607412	0.601146	0.438596	0.435088	24.2610	23.9543	54.1680	54.1044
520.0881	0.606743	0.600166	0.440663	0.437049	24.2900	23.9697	54.0100	53.9374
519.6006	0.606078	0.599172	0.442673	0.439019	24.3180	23.9851	53.8560	53.7694
519.1131	0.605354	0.598164	0.444676	0.440997	24.3440	24.0004	53.7000	53.6005
518.6254	0.604678	0.597141	0.446720	0.442983	24.3730	24.0158	53.5440	53.4305
518.1377	0.603979	0.596104	0.448669	0.444975	24.3990	24.0310	53.3930	53.2597
517.6498	0.603231	0.595051	0.450749	0.446974	24.4270	24.0463	53.2320	53.0879
517.1618	0.602429	0.593983	0.452662	0.448980	24.4490	24.0615	53.0790	52.9150
516.6737	0.601696	0.592925	0.454663	0.450947	24.4760	24.0763	52.9240	52.7453
516.1855	0.600903	0.591864	0.456772	0.452898	24.5040	24.0909	52.7600	52.5766
515.6971	0.600106	0.590805	0.458949	0.454828	24.5340	24.1053	52.5920	52.4093
515.2087	0.599306	0.589741	0.461044	0.456746	24.5620	24.1195	52.4290	52.2427
514.7202	0.598509	0.588662	0.463198	0.458672	24.5920	24.1337	52.2630	52.0751
514.2314	0.597693	0.587567	0.465291	0.460605	24.6200	24.1478	52.1000	51.9064
513.7427	0.596843	0.586457	0.467379	0.462545	24.6470	24.1619	51.9360	51.7368
513.2538	0.595997	0.585332	0.469560	0.464492	24.6770	24.1759	51.7670	51.5662
512.7648	0.595141	0.584173	0.471669	0.466497	24.7050	24.1907	51.6020	51.3906
512.2757	0.594267	0.582979	0.473718	0.468565	24.7310	24.2062	51.4400	51.2097
511.7864	0.593452	0.581729	0.475972	0.470750	24.7650	24.2234	51.2690	51.0193
511.2971	0.592541	0.580410	0.478223	0.473082	24.7960	24.2427	51.0940	50.8171
510.8076	0.591612	0.579071	0.480413	0.475422	24.8250	24.2620	50.9220	50.6137
510.3181	0.590606	0.577713	0.482614	0.477768	24.8520	24.2812	50.7460	50.4092
509.8284	0.589562	0.576334	0.484600	0.480122	24.8720	24.3003	50.5810	50.2036
509.3386	0.588504	0.574934	0.486663	0.482483	24.8940	24.3194	50.4110	49.9967
508.8488	0.587534	0.573523	0.488890	0.484833	24.9240	24.3383	50.2360	49.7902
508.3587	0.586539	0.572111	0.491136	0.487154	24.9540	24.3567	50.0590	49.5855
507.8686	0.585448	0.570750	0.493377	0.489352	24.9810	24.3738	49.8780	49.3908
507.3784	0.584331	0.569565	0.495707	0.491203	25.0100	24.3872	49.6910	49.2249
506.8880	0.583154	0.568364	0.497920	0.493061	25.0340	24.4005	49.5080	49.0580
506.3976	0.581871	0.567147	0.500312	0.494927	25.0600	24.4139	49.3100	48.8901
505.9070	0.580572	0.565913	0.502571	0.496800	25.0820	24.4272	49.1190	48.7210
505.4163	0.579407	0.564663	0.504968	0.498680	25.1130	24.4404	48.9270	48.5508
504.9255	0.578197	0.563396	0.507369	0.500567	25.1430	24.4536	48.7330	48.3795
504.4346	0.576883	0.562113	0.509773	0.502461	25.1700	24.4668	48.5340	48.2071
503.9436	0.575596	0.560788	0.512063	0.504407	25.1950	24.4804	48.3430	48.0299
503.4525	0.574241	0.559256	0.514315	0.506708	25.2170	24.4981	48.1510	47.8222
502.9612	0.572873	0.557702	0.516669	0.509017	25.2420	24.5157	47.9530	47.6132
502.4698	0.571530	0.556126	0.519014	0.511331	25.2680	24.5332	47.7570	47.4029
501.9784	0.570140	0.554528	0.521394	0.513652	25.2940	24.5507	47.5570	47.1915
501.4868	0.568735	0.552907	0.523712	0.515979	25.3180	24.5681	47.3600	46.9787
500.9951	0.567341	0.551264	0.525971	0.518312	25.3410	24.5854	47.1670	46.7647
500.5033	0.565852	0.549598	0.528479	0.520651	25.3690	24.6027	46.9560	46.5493
500.0114	0.564369	0.547908	0.530868	0.522995	25.3940	24.6199	46.7520	46.3327
499.5193	0.562804	0.546328	0.533297	0.525164	25.4180	24.6356	46.5420	46.1316
499.0272	0.561279	0.544730	0.535733	0.527334	25.4440	24.6513	46.3340	45.9296
498.5349	0.559670	0.543124	0.538112	0.529491	25.4660	24.6667	46.1250	45.7282
498.0426	0.558057	0.541497	0.540512	0.531653	25.4890	24.6821	45.9150	45.5256
497.5501	0.556371	0.539849	0.542939	0.533821	25.5110	24.6973	45.7000	45.3217
497.0575	0.554761	0.538178	0.545524	0.535994	25.5410	24.7126	45.4810	45.1165
496.5648	0.553067	0.536485	0.548051	0.538174	25.5670	24.7277	45.2610	44.9100
496.0720	0.551365	0.534770	0.550538	0.540359	25.5920	24.7427	45.0430	44.7021
495.5790	0.549607	0.533007	0.553033	0.542655	25.6160	24.7603	44.8220	44.4861
495.0860	0.547724	0.531217	0.555542	0.544974	25.6370	24.7782	44.5940	44.2676
494.5928	0.545983	0.529398	0.557773	0.547310	25.6540	24.7962	44.3880	44.0469
494.0995	0.544285	0.527554	0.560190	0.549654	25.6790	24.8143	44.1750	43.8247
493.6062	0.542370	0.525685	0.562740	0.552003	25.7020	24.8323	43.9440	43.6011
493.1127	0.540612	0.523790	0.565244	0.554357	25.7290	24.8501	43.7240	43.3760
492.6190	0.538732	0.521868	0.567785	0.556717	25.7540	24.8679	43.4960	43.1494
492.1253	0.536855	0.519920	0.570395	0.559081	25.7820	24.8856	43.2650	42.9214
491.6315	0.534896	0.517996	0.572944	0.561408	25.8060	24.9033	43.0330	42.6969
491.1375	0.532885	0.516062	0.575524	0.563726	25.8300	24.9210	42.7970	42.4725
490.6435	0.530879	0.514102	0.578257	0.566047	25.8600	24.9385	42.5540	42.2467
490.1493	0.528802	0.512115	0.580800	0.568375	25.8820	24.9560	42.3170	42.0194
489.6550	0.526751	0.510101	0.583417	0.570706	25.9080	24.9734	42.0780	41.7906
489.1606	0.524681	0.508060	0.586062	0.573042	25.9350	24.9906	41.8370	41.5603
488.6661	0.522456	0.505990	0.588766	0.575387	25.9600	25.0079	41.5850	41.3281
488.1714	0.520283	0.503891	0.591518	0.577738	25.9890	25.0251	41.3340	41.0942
487.6767	0.517939	0.501747	0.594227	0.580135	26.0120	25.0432	41.0760	40.8559
487.1818	0.515714	0.499566	0.596954	0.582558	26.0400	25.0616	40.8240	40.6143
486.6869	0.513393	0.497355	0.599685	0.584984	26.0660	25.0799	40.5670	40.3712
486.1918	0.511086	0.495113	0.602439	0.587414	26.0940	25.0980	40.3100	40.1265
485.6966	0.508672	0.492842	0.605010	0.589847	26.1130	25.1161	40.0560	39.8802
485.2013	0.506220	0.490540	0.607842	0.592282	26.1410	25.1340	39.7880	39.6323
484.7058	0.503716	0.488185	0.610666	0.594765	26.1680	25.1527	39.5180	39.3793
484.2103	0.501226	0.485783	0.613317	0.597279	26.1900	25.1719	39.2570	39.1224
483.7146	0.498724	0.483296	0.616093	0.599896	26.2170	25.1930	38.9900	38.8561
483.2189	0.496086	0.480737	0.618928	0.602587	26.2430	25.2154	38.7130	38.5825
482.7230	0.493451	0.478142	0.621845	0.605280	26.2730	25.2377	38.4330	38.3070
482.2270	0.490972	0.475511	0.624452	0.607974	26.2970	25.2599	38.1760	38.0298
481.7309	0.488208	0.472844	0.627153	0.610668	26.3170	25.2819	37.8990	37.7508
481.2346	0.485531	0.470139	0.629655	0.613363	26.3330	25.3037	37.6360	37.4700
480.7383	0.482765	0.467531	0.632391	0.615908	26.3560	25.3237	37.3580	37.2019
480.2419	0.480002	0.465008	0.635206	0.618319	26.3830	25.3419	37.0770	36.9451
479.7453	0.477201	0.462540	0.638051	0.620636	26.4110	25.3589	36.7930	36.6960
479.2486	0.474317	0.460123	0.640722	0.622863	26.4310	25.3746	36.5120	36.4541
478.7518	0.471434	0.457675	0.643473	0.625091	26.4550	25.3903	36.2280	36.2106
478.2549	0.468606	0.455196	0.646237	0.627321	26.4820	25.4058	35.9470	35.9654
477.7579	0.465597	0.452686	0.648926	0.629552	26.5020	25.4211	35.6590	35.7184
477.2608	0.462495	0.450145	0.651733	0.631784	26.5250	25.4364	35.3610	35.4698
476.7635	0.459249	0.447138	0.654562	0.634464	26.5460	25.4567	35.0540	35.1743
476.2662	0.456150	0.443611	0.657415	0.637631	26.5730	25.4827	34.7550	34.8270
475.7687	0.452905	0.439987	0.660263	0.640839	26.5970	25.5090	34.4480	34.4727
475.2711	0.449665	0.436257	0.663055	0.644093	26.6200	25.5358	34.1440	34.1106
474.7734	0.446245	0.432477	0.665990	0.647338	26.6450	25.5623	33.8240	33.7463
474.2756	0.442935	0.428644	0.668746	0.650572	26.6670	25.5886	33.5180	33.3798
473.7776	0.439575	0.424853	0.671383	0.653721	26.6840	25.6142	33.2140	33.0198
473.2796	0.436079	0.421130	0.674179	0.656765	26.7050	25.6388	32.8960	32.6687
472.7814	0.432721	0.417731	0.676809	0.659507	26.7240	25.6611	32.5930	32.3501
472.2831	0.429213	0.414771	0.679604	0.661869	26.7470	25.6804	32.2750	32.0740
471.7848	0.425772	0.411774	0.682279	0.664228	26.7680	25.6995	31.9660	31.7960
471.2863	0.422083	0.408738	0.685201	0.666583	26.7940	25.7184	31.6330	31.5160
470.7876	0.418375	0.405664	0.687835	0.668935	26.8090	25.7371	31.3100	31.2339
470.2889	0.414511	0.402551	0.690653	0.671283	26.8290	25.7557	30.9710	30.9500
469.7900	0.410811	0.399271	0.693317	0.673732	26.8480	25.7752	30.6480	30.6521
469.2911	0.407245	0.395772	0.695968	0.676319	26.8710	25.7961	30.3340	30.3356
468.7920	0.403410	0.392144	0.699008	0.678966	26.9050	25.8176	29.9900	30.0090
468.2928	0.399697	0.388348	0.701967	0.681700	26.9400	25.8398	29.6570	29.6691
467.7935	0.395712	0.384505	0.704834	0.684421	26.9660	25.8618	29.3110	29.3271
467.2941	0.391861	0.380613	0.707664	0.687128	26.9950	25.8835	28.9750	28.9829
466.7945	0.387853	0.376702	0.710546	0.689805	27.0240	25.9048	28.6280	28.6389
466.2949	0.383850	0.372786	0.713274	0.692441	27.0480	25.9257	28.2870	28.2965
465.7951	0.380094	0.369087	0.715908	0.694902	27.0750	25.9455	27.9650	27.9744
465.2952	0.376289	0.365730	0.718400	0.697122	27.0960	25.9639	27.6450	27.6828
464.7952	0.372225	0.362332	0.721111	0.699334	27.1220	25.9820	27.3020	27.3891
464.2951	0.368057	0.358893	0.723819	0.701538	27.1470	26.0000	26.9530	27.0934
463.7949	0.363825	0.355413	0.726479	0.703734	27.1700	26.0177	26.6020	26.7955
463.2946	0.359724	0.351891	0.729063	0.705920	27.1940	26.0351	26.2620	26.4956
462.7941	0.355183	0.348308	0.731828	0.708110	27.2180	26.0525	25.8890	26.1918
462.2935	0.351049	0.344654	0.734405	0.710309	27.2440	26.0699	25.5480	25.8835
461.7928	0.346656	0.340945	0.737049	0.712505	27.2690	26.0871	25.1890	25.5719
461.2921	0.342183	0.337175	0.739671	0.714701	27.2930	26.1041	24.8260	25.2566
460.7911	0.337644	0.333360	0.742265	0.716884	27.3160	26.1209	24.4600	24.9390
460.2901	0.333053	0.329501	0.744933	0.719054	27.3430	26.1374	24.0890	24.6193
459.7889	0.328383	0.325595	0.747510	0.721218	27.3660	26.1539	23.7160	24.2969
459.2877	0.323717	0.321642	0.750004	0.723377	27.3870	26.1705	23.3460	23.9718
458.7863	0.318716	0.317633	0.752711	0.725555	27.4130	26.1881	22.9490	23.6428
458.2848	0.313863	0.313561	0.755270	0.727762	27.4370	26.2070	22.5660	23.3092
457.7832	0.308679	0.309444	0.757793	0.729951	27.4550	26.2255	22.1630	22.9733
457.2815	0.303717	0.305279	0.760271	0.732122	27.4770	26.2437	21.7760	22.6351
456.7796	0.298739	0.301067	0.763036	0.734275	27.5140	26.2616	21.3810	22.2946
456.2777	0.293854	0.296808	0.765595	0.736408	27.5450	26.2791	20.9980	21.9518
455.7756	0.288678	0.292502	0.768137	0.738548	27.5720	26.2975	20.5970	21.6061
455.2734	0.283603	0.288149	0.770769	0.740699	27.6070	26.3169	20.2010	21.2572
454.7711	0.278296	0.283746	0.773293	0.742835	27.6350	26.3362	19.7930	20.9057
454.2687	0.272995	0.279295	0.775686	0.744956	27.6590	26.3556	19.3890	20.5518
453.7662	0.267498	0.274795	0.778061	0.747054	27.6810	26.3745	18.9730	20.1954
453.2635	0.261850	0.270244	0.780460	0.749129	27.7040	26.3931	18.5470	19.8366
452.7608	0.256231	0.265498	0.782782	0.751266	27.7260	26.4128	18.1250	19.4634
452.2579	0.250454	0.260535	0.785106	0.753471	27.7480	26.4338	17.6930	19.0744
451.7549	0.244684	0.255365	0.787379	0.755732	27.7700	26.4560	17.2630	18.6704
451.2518	0.238791	0.249978	0.789619	0.758048	27.7910	26.4794	16.8260	18.2508
450.7485	0.232796	0.244532	0.791839	0.760327	27.8120	26.5022	16.3830	17.8286
450.2452	0.226766	0.239031	0.794017	0.762565	27.8330	26.5245	15.9390	17.4040
449.7417	0.220606	0.233557	0.796179	0.764734	27.8540	26.5462	15.4870	16.9832
449.2382	0.214475	0.228110	0.798260	0.766836	27.8740	26.5672	15.0390	16.5661
448.7345	0.208150	0.222959	0.800358	0.768788	27.8950	26.5873	14.5780	16.1729
448.2307	0.201841	0.218073	0.802377	0.770608	27.9150	26.6066	14.1200	15.8009
447.7267	0.195429	0.213136	0.804366	0.772397	27.9350	26.6255	13.6560	15.4264
447.2227	0.188956	0.208150	0.806314	0.774153	27.9550	26.6439	13.1890	15.0495
446.7186	0.182355	0.203115	0.808253	0.775876	27.9760	26.6618	12.7140	14.6701
446.2143	0.175731	0.198029	0.810119	0.777565	27.9960	26.6793	12.2390	14.2883
445.7099	0.169018	0.192472	0.811945	0.779361	28.0160	26.6980	11.7590	13.8722
445.2054	0.162243	0.186548	0.813723	0.781215	28.0360	26.7174	11.2760	13.4303
444.7008	0.155394	0.180570	0.815455	0.783019	28.0560	26.7362	10.7890	12.9858
444.1960	0.148470	0.174538	0.817140	0.784772	28.0760	26.7543	10.2980	12.5389
443.6912	0.141471	0.168454	0.818775	0.786471	28.0960	26.7718	9.8030	12.0895
443.1862	0.134398	0.162316	0.820359	0.788116	28.1160	26.7886	9.3040	11.6376
442.6812	0.127322	0.156343	0.821879	0.789713	28.1360	26.8070	8.8060	11.1983
442.1759	0.120089	0.150442	0.823378	0.791261	28.1570	26.8262	8.2980	10.7651
441.6706	0.112836	0.144547	0.824794	0.792761	28.1770	26.8453	7.7900	10.3334
441.1652	0.105498	0.138630	0.826174	0.794212	28.1980	26.8641	7.2770	9.9013
440.6596	0.098116	0.132663	0.827492	0.795610	28.2190	26.8823	6.7620	9.4666
440.1540	0.090590	0.126646	0.828776	0.796955	28.2410	26.8998	6.2380	9.0295
