# lams, desv_psi, desv_delta
999.792500 0.974110 0.351553
999.408900 1.025349 0.351553
999.025300 1.076599 0.351553
998.641500 1.127885 0.351553
998.257800 1.158430 0.351553
997.873900 1.164770 0.351553
997.490000 1.131919 0.351553
997.106000 1.047214 0.351553
996.721900 0.894594 0.351553
996.337700 0.639289 0.351553
995.953500 0.255735 0.351553
995.569200 0.308953 0.351553
995.184800 1.129037 0.351553
994.800300 49.493399 0.351553
994.415800 46.969226 0.351553
994.031100 34.278134 36.644422
993.646400 28.664773 71.375277
993.261700 30.563886 71.367772
992.876800 25.603170 93.411635
992.491900 17.357698 99.728645
992.106900 9.359588 44.478597
991.721800 2.271005 50.676868
991.336700 3.255144 62.235968
990.951400 5.717327 3.762939
990.566100 0.315875 6.163476
990.180700 0.984549 13.180986
989.795300 0.799053 30.967396
989.409700 1.158278 7.805665
989.024100 0.809192 2.781237
988.638400 0.633354 0.501593
988.252600 0.540476 2.159655
987.866800 0.514168 2.000627
987.480900 0.106566 1.880899
987.094900 0.237551 3.377641
986.708800 0.224519 1.687033
986.322600 0.090556 20.212527
985.936400 0.304635 1.049217
985.550100 0.391676 2.794642
985.163800 0.410880 2.857330
984.777300 0.255942 2.225763
984.390700 0.136475 1.962034
984.004100 0.398698 4.130194
983.617400 0.632218 8.423199
983.230700 0.920166 7.011313
982.843800 0.822763 4.367708
982.456900 0.931749 5.926288
982.069900 0.392430 32.321419
981.682800 1.596641 3.304758
981.295700 1.665655 2.400253
980.908400 1.989924 2.963676
980.521100 2.752528 6.598664
980.133700 2.558444 8.242831
979.746300 5.010302 11.646282
979.358700 1.582844 16.664241
978.971100 2.909503 10.400743
978.583400 3.210991 7.352294
978.195600 7.398231 8.776830
977.807700 2.122487 38.429340
977.419900 0.120387 26.117686
977.031900 0.980258 7.606561
976.643700 0.720711 3.718582
976.255600 0.548359 1.734077
975.867400 0.341603 5.962249
975.479000 0.325861 1.134805
975.090600 0.132500 1.809632
974.702100 0.227487 3.352841
974.313600 0.167888 4.570204
973.925000 0.271681 3.774528
973.536300 0.415498 2.551520
973.147500 1.458979 1.908209
972.758600 13.046439 20.667870
972.369700 1.760571 23.888049
971.980700 2.006985 10.502863
971.591600 3.405761 3.727354
971.202400 3.653529 1.063438
970.813100 4.719759 0.842676
970.423800 5.160811 1.886500
970.034400 4.429506 1.688396
969.644900 1.872440 3.843283
969.255300 1.284074 4.747178
968.865700 0.701498 5.676682
968.476000 0.967182 2.787249
968.086100 0.262645 2.315604
967.696200 0.197703 4.876003
967.306300 0.221308 2.920087
966.916300 0.349532 1.420335
966.526100 0.131594 0.651938
966.135900 0.149754 1.524688
965.745700 0.167435 2.489804
965.355300 0.430658 2.274363
964.964900 0.397506 7.308534
964.574300 1.893629 5.905117
964.183800 2.092825 4.343791
963.793100 1.375840 4.872925
963.402300 6.364017 8.916234
963.011500 4.323494 6.785272
962.620700 0.234359 5.167592
962.229700 1.258026 1.154540
961.838600 1.106325 1.071051
961.447400 0.823583 1.366356
961.056200 0.053314 1.787911
960.664900 0.320354 2.003306
960.273600 0.609894 2.821668
959.882100 0.575490 2.925803
959.490500 0.484432 3.578713
959.098900 1.270390 16.925684
958.707300 0.758027 7.941865
958.315500 1.091913 2.933121
957.923600 1.267503 2.572969
957.531700 0.767878 3.588068
957.139600 0.375411 3.403070
956.747600 0.244709 3.753821
956.355400 0.105133 7.140844
955.963200 0.226677 3.796473
955.570900 0.093831 7.841328
955.178400 0.238823 7.753180
954.785900 0.652767 5.880412
954.393400 2.926311 4.894646
954.000700 3.837348 4.002040
953.608000 1.501283 3.654567
953.215200 5.226207 1.479513
952.822300 4.811141 12.020243
952.429300 28.617115 97.430228
952.036300 16.202075 100.780112
951.643200 14.129720 101.084269
951.249900 9.716627 102.001092
950.856700 2.277075 5.903717
950.463300 1.690979 9.673889
950.069900 0.699424 4.612776
949.676300 0.562018 4.346914
949.282700 1.025727 5.968488
948.889000 1.147045 8.080174
948.495300 1.035096 4.654415
948.101400 1.110500 2.986497
947.707500 0.755554 2.551241
947.313500 0.301027 0.503663
946.919400 0.616549 22.816924
946.525300 0.271508 0.523389
946.131000 0.666509 0.600564
945.736700 1.111930 10.484671
945.342300 34.844006 103.889564
944.947800 0.740541 0.256848
944.553200 0.654438 0.473215
944.158600 34.761851 103.058812
943.763900 0.394473 1.149622
943.369100 0.453478 1.088398
942.974200 0.872423 1.956002
942.579200 2.998888 3.590232
942.184100 0.745432 2.163506
941.789000 0.926075 8.859197
941.393800 0.263439 8.213613
940.998500 3.182753 4.202637
940.603100 0.671924 5.179203
940.207700 0.953434 2.117163
939.812200 0.689538 1.039716
939.416600 0.669100 1.530007
939.020900 0.648822 1.323517
938.625100 0.499610 1.438484
938.229200 0.694798 2.337722
937.833300 0.603155 1.886882
937.437300 0.530619 1.944266
937.041200 2.367970 4.246013
936.645000 0.435045 6.920360
936.248700 0.509033 5.926444
935.852400 0.421699 7.237130
935.456000 0.436153 7.067629
935.059400 0.533203 4.976660
934.662900 0.458451 1.870103
934.266200 0.449916 6.692312
933.869400 4.185583 4.324022
933.472700 0.615695 4.208830
933.075700 0.357527 3.697386
932.678700 0.280611 6.855400
932.281700 1.614575 10.537985
931.884500 1.508685 5.620662
931.487300 2.123488 6.042707
931.090000 5.750057 4.831277
930.692600 1.249265 3.200921
930.295100 1.534018 4.180948
929.897500 0.436756 1.867668
929.499900 0.431593 3.528804
929.102200 0.436569 5.158788
928.704300 0.386790 1.384403
928.306500 0.367514 15.824111
927.908500 0.588455 7.610040
927.510400 0.749473 4.972696
927.112300 0.947180 3.445340
926.714100 0.968826 1.344233
926.315800 0.825387 13.310921
925.917400 0.763352 9.655902
925.519000 0.814138 19.835883
925.120400 1.521238 65.590368
924.721800 1.801697 37.182673
924.323100 1.477912 21.581998
923.924300 0.623859 11.400148
923.525500 0.197216 2.283210
923.126500 2.065810 1.728080
922.727500 0.484731 6.516499
922.328300 1.426689 1.749309
921.929100 1.542755 1.756403
921.529800 1.454497 0.912506
921.130500 1.601442 1.194588
920.731100 1.772547 0.549401
920.331500 1.945574 0.978814
919.931900 1.740414 5.496778
919.532200 0.493693 7.696975
919.132400 1.750654 1.176025
918.732600 0.526143 3.202140
918.332600 0.608284 3.114120
917.932600 0.690678 27.014076
917.532500 2.663100 2.225735
917.132300 4.179120 103.220931
916.732100 3.766197 102.996984
916.331700 11.156544 1.359177
915.931300 11.791876 2.253615
915.530800 10.271529 3.324432
915.130200 5.148071 5.761271
914.729500 47.640363 92.833013
914.328700 43.009059 100.588076
913.927900 51.341047 13.236252
913.527000 0.442247 9.045977
913.125900 0.112067 1.635225
912.724900 0.128697 10.195327
912.323700 0.073528 2.824228
911.922400 0.815252 6.230054
911.521100 6.922201 29.683470
911.119600 0.904976 55.672835
910.718100 2.734975 16.459477
910.316500 0.899502 13.041983
909.914900 2.957960 25.450038
909.513100 2.654877 5.026723
909.111300 2.932009 6.693440
908.709300 2.441229 10.245745
908.307300 2.813143 17.120308
907.905200 0.303385 13.305127
907.503100 4.269995 8.455216
907.100800 1.576659 7.606735
906.698400 0.903899 2.879386
906.296000 5.230786 1.868121
905.893500 33.590261 90.757178
905.490900 33.102727 102.416463
905.088300 33.838149 102.657553
904.685500 38.066308 174.083329
904.282600 35.668316 91.556264
903.879700 8.958280 88.711843
903.476700 2.683207 11.496968
903.073600 6.986284 14.989779
902.670400 4.634196 13.737505
902.267200 3.427573 12.671535
901.863800 2.114123 5.193577
901.460400 1.518285 0.333204
901.056900 13.494180 85.413866
900.653300 24.069979 61.273916
900.249600 34.665833 47.062020
899.845800 2.113076 3.050059
899.442000 1.009540 4.959810
899.038000 1.958508 4.888459
898.634000 2.520695 5.370852
898.229900 2.313200 3.640046
897.825700 1.097547 6.186239
897.421400 1.141626 1.949575
897.017100 2.565023 2.870081
896.612700 4.241400 1.545639
896.208100 3.078081 2.649934
895.803500 2.272173 2.441973
895.398900 0.375938 1.948604
894.994100 0.679552 2.802704
894.589200 0.864672 10.673276
894.184300 3.210806 78.745368
893.779200 1.047893 12.181770
893.374100 0.217785 24.595956
892.968900 0.048508 4.642725
892.563700 1.052655 2.773923
892.158300 0.173984 0.502535
891.752800 0.133882 0.292575
891.347300 0.155030 0.699372
890.941700 0.234250 3.804638
890.535900 0.122000 8.942403
890.130200 0.381690 5.189422
889.724300 0.449429 2.087204
889.318400 0.271102 2.895356
888.912300 0.467894 1.936198
888.506200 0.747508 0.194744
888.100000 0.244933 2.275434
887.693700 0.207502 1.529884
887.287300 0.225753 0.989863
886.880800 0.189980 1.017338
886.474300 0.183053 0.977631
886.067600 0.117645 1.693561
885.660900 0.064257 2.010807
885.254100 0.100301 2.238406
884.847200 0.046487 2.440568
884.440200 0.052144 2.301073
884.033200 0.062308 1.759734
883.626000 0.094236 2.136894
883.218800 0.124532 2.077871
882.811500 0.170392 2.303149
882.404100 0.136873 7.038992
881.996600 0.548616 4.859064
881.589000 0.780383 1.866216
881.181300 0.912399 3.236764
880.773600 0.826538 1.885091
880.365800 0.428066 3.924042
879.957900 0.214510 1.877117
879.549900 0.429384 3.695593
879.141800 0.113271 1.073266
878.733600 0.145286 0.502070
878.325300 0.202841 0.552449
877.917000 0.244083 0.450436
877.508500 0.237025 0.290216
877.100000 0.296507 0.154846
876.691500 0.427488 0.319705
876.282800 0.613529 1.082869
875.874000 0.254213 0.334121
875.465100 0.592414 2.354032
875.056200 2.705669 2.837583
874.647200 4.755587 3.337308
874.238000 1.711274 3.402214
873.828900 1.399516 3.365364
873.419600 1.329723 3.671782
873.010200 1.321916 3.807770
872.600700 1.400984 4.019929
872.191200 15.255547 99.120003
871.781600 0.637539 13.329089
871.371800 0.577827 2.067877
870.962000 0.271667 5.519844
870.552100 0.166135 2.033678
870.142200 0.154991 3.631996
869.732100 0.135390 3.432261
869.321900 0.092652 2.087189
868.911700 0.116818 1.735238
868.501300 0.120615 1.749994
868.090900 0.094177 2.089162
867.680500 0.073119 2.156862
867.269900 0.074144 2.113032
866.859200 0.109427 2.280241
866.448500 0.080019 2.440349
866.037600 0.122541 2.733376
865.626700 0.094585 2.560802
865.215700 0.110268 2.213204
864.804600 0.062378 1.830832
864.393400 0.076622 1.726487
863.982100 0.047791 1.648303
863.570700 0.034034 1.566128
863.159300 0.032332 1.408485
862.747700 0.021455 2.051081
862.336100 0.034699 2.585245
861.924400 0.061262 2.749125
861.512600 0.056722 2.482255
861.100800 0.062051 2.723916
860.688800 0.067263 2.353938
860.276700 0.052166 2.580265
859.864600 0.076794 2.547184
859.452300 0.040513 2.447636
859.040000 0.040037 2.273032
858.627600 0.050269 2.228037
858.215100 0.038553 2.195822
857.802600 0.045133 2.170573
857.389900 0.077253 2.156460
856.977100 0.029143 2.187482
856.564300 0.052558 2.186744
856.151400 0.073899 2.181097
855.738300 0.292235 2.737329
855.325300 0.413188 2.926842
854.912000 0.363800 2.963335
854.498800 0.399945 2.937569
854.085400 0.296989 2.496496
853.671900 0.220014 2.236952
853.258400 0.242184 2.198505
852.844800 0.244516 2.199593
852.431100 0.404007 2.375651
852.017300 0.167506 2.075714
851.603400 0.152214 2.058523
851.189400 0.159026 1.601216
850.775300 0.322112 2.080837
850.361200 0.199613 2.309065
849.947000 0.379482 2.620768
849.532600 0.349451 2.610693
849.118200 0.241581 2.456787
848.703700 0.213570 2.378467
848.289100 0.148665 2.304875
847.874400 0.159215 2.350704
847.459700 0.145548 2.250091
847.044800 0.110666 2.234843
846.629800 0.119176 2.216771
846.214800 0.090002 2.144673
845.799700 0.073433 2.080563
845.384500 0.097746 2.107729
844.969200 0.071582 2.055050
844.553800 0.091555 2.076344
844.138300 0.121550 2.127361
843.722700 0.098138 2.108214
843.307100 0.082456 2.067368
842.891400 0.075009 2.060292
842.475500 0.066010 2.031447
842.059600 0.085114 2.032484
841.643600 0.067174 2.011062
841.227500 0.127775 2.030157
840.811300 0.161878 2.037673
840.395100 0.169977 2.065275
839.978700 0.167248 2.051992
839.562300 0.165968 2.045920
839.145700 0.156617 2.049848
838.729100 0.130600 2.043565
838.312400 0.092652 2.024319
837.895600 0.076429 1.999518
837.478700 0.090515 2.013700
837.061700 0.071808 1.982525
836.644700 0.067796 2.003058
836.227500 0.055570 1.990957
835.810200 0.062746 1.984120
835.392900 0.066905 1.983688
834.975500 0.057663 1.968222
834.557900 0.059573 1.983476
834.140300 0.057472 1.993912
833.722700 0.060119 1.991239
833.304900 0.070465 1.979058
832.887000 0.063129 1.973499
832.469100 0.064694 1.976278
832.051000 0.066425 1.977705
831.632900 0.077091 2.002855
831.214600 0.073901 2.001586
830.796300 0.082863 2.003588
830.377900 0.084583 2.015852
829.959400 0.089690 2.005217
829.540800 0.097429 1.994624
829.122100 0.097700 1.986964
828.703400 0.091243 1.991048
828.284500 0.098774 1.992243
827.865600 0.099606 2.000095
827.446500 0.104424 2.011601
827.027500 0.100002 2.019451
826.608200 0.123322 2.024972
826.188900 0.122741 2.038418
825.769500 0.129793 2.041404
825.350000 0.129268 2.034134
824.930500 0.133422 2.034062
824.510800 0.134998 2.030906
824.091100 0.138944 2.036069
823.671300 0.141096 2.037147
823.251300 0.141019 2.034078
822.831300 0.151579 2.038760
822.411200 0.148769 2.041764
821.991000 0.154971 2.057250
821.570700 0.155502 2.048953
821.150300 0.157595 2.051861
820.729900 0.157086 2.054651
820.309300 0.157306 2.056802
819.888600 0.158004 2.063353
819.467900 0.159067 2.059880
819.047100 0.156107 2.057698
818.626200 0.159205 2.066965
818.205100 0.159205 2.067743
817.784100 0.164366 2.058879
817.362900 0.164228 2.056229
816.941600 0.160176 2.058268
816.520200 0.158786 2.060151
816.098800 0.160818 2.063550
815.677200 0.162174 2.052971
815.255600 0.158576 2.044786
814.833800 0.161233 2.041829
814.412000 0.160782 2.024082
813.990100 0.160550 2.025246
813.568100 0.163918 2.019168
813.146000 0.164912 2.018263
812.723800 0.165968 2.020203
812.301500 0.165968 2.022040
811.879200 0.171292 2.015119
811.456700 0.168669 2.008096
811.034100 0.171467 1.999500
810.611500 0.171709 1.991375
810.188800 0.176270 1.992057
809.765900 0.184611 2.007387
809.343000 0.188553 2.006268
808.920000 0.189642 1.994686
808.496900 0.186130 1.987361
808.073700 0.189217 1.994711
807.650500 0.189217 1.994012
807.227100 0.188429 1.991446
806.803600 0.188150 1.983652
806.380100 0.190284 1.980420
805.956400 0.192682 1.974611
805.532700 0.194548 1.963232
805.108900 0.195510 1.951197
804.685000 0.196021 1.942583
804.261000 0.201510 1.942736
803.836900 0.202001 1.935930
803.412700 0.206003 1.939142
802.988400 0.209572 1.938280
802.564000 0.214621 1.932942
802.139600 0.216640 1.930698
801.715000 0.212113 1.916328
801.290300 0.218306 1.917949
800.865700 0.226460 1.923658
800.440800 0.229012 1.923917
800.015900 0.231525 1.918938
799.590900 0.235771 1.918361
799.165800 0.239953 1.912650
798.740600 0.241421 1.917589
798.315300 0.247500 1.916758
797.889900 0.252953 1.918946
797.464400 0.255942 1.919664
797.038900 0.260308 1.915088
796.613200 0.260354 1.913915
796.187500 0.261781 1.904903
795.761700 0.261826 1.907597
795.335700 0.265385 1.904962
794.909700 0.266335 1.903323
794.483600 0.270415 1.903500
794.057400 0.273551 1.904670
793.631000 0.275457 1.907083
793.204700 0.275703 1.906840
792.778200 0.277506 1.907479
792.351600 0.280431 1.907070
791.924900 0.282420 1.904672
791.498200 0.285932 1.900407
791.071400 0.292428 1.895901
790.644400 0.295358 1.891096
790.217300 0.301737 1.892030
789.790200 0.305248 1.889571
789.363000 0.309165 1.890332
788.935700 0.312149 1.893378
788.508300 0.314023 1.895967
788.080700 0.317831 1.904106
787.653200 0.321404 1.902747
787.225500 0.325199 1.899867
786.797700 0.328242 1.896935
786.369900 0.330891 1.893533
785.941900 0.334823 1.892736
785.513900 0.340178 1.894514
785.085700 0.342220 1.893518
784.657500 0.343939 1.889588
784.229100 0.347846 1.886866
783.800700 0.353793 1.885500
783.372200 0.358302 1.884571
782.943500 0.361738 1.877749
782.514800 0.361374 1.875386
782.086100 0.361934 1.871520
781.657200 0.365287 1.870202
781.228200 0.368397 1.862535
780.799100 0.371792 1.856316
780.369900 0.374748 1.854040
779.940700 0.379222 1.851432
779.511300 0.384765 1.850935
779.081800 0.388042 1.851725
778.652300 0.393519 1.849462
778.222700 0.396917 1.853583
777.793000 0.399401 1.850503
777.363200 0.404858 1.847692
776.933200 0.411415 1.846560
776.503200 0.415898 1.846649
776.073100 0.421892 1.847725
775.642900 0.429449 1.851236
775.212600 0.434470 1.851236
774.782200 0.439978 1.849676
774.351700 0.440807 1.836583
773.921200 0.442874 1.831093
773.490500 0.445971 1.831217
773.059800 0.451355 1.832117
772.628900 0.452799 1.827663
772.198000 0.460794 1.825102
771.766900 0.464666 1.816561
771.335800 0.471712 1.813004
770.904600 0.478184 1.812664
770.473300 0.483761 1.807320
770.041900 0.490306 1.801426
769.610400 0.495834 1.800089
769.178700 0.504318 1.799864
768.747100 0.511313 1.794571
768.315200 0.517762 1.795311
767.883400 0.523759 1.792364
767.451400 0.527674 1.786249
767.019300 0.531166 1.780832
766.587200 0.535702 1.774217
766.154900 0.542700 1.770892
765.722500 0.548668 1.766669
765.290100 0.549627 1.758095
764.857500 0.554146 1.750774
764.424900 0.558251 1.754286
763.992200 0.564232 1.754238
763.559300 0.568247 1.747688
763.126400 0.575211 1.741807
762.693400 0.577688 1.741284
762.260300 0.579687 1.738477
761.827100 0.585138 1.733077
761.393800 0.590597 1.733025
760.960400 0.594607 1.721494
760.526900 0.599111 1.719974
760.093300 0.604146 1.710701
759.659700 0.609185 1.708391
759.225900 0.617227 1.710487
758.792100 0.623195 1.707079
758.358100 0.627701 1.703202
757.924000 0.634658 1.698694
757.489900 0.640632 1.694838
757.055600 0.646655 1.689281
756.621300 0.651641 1.683778
756.186800 0.659158 1.677561
755.752300 0.663133 1.674746
755.317700 0.669143 1.672360
754.883000 0.674625 1.666145
754.448200 0.678584 1.661581
754.013200 0.683141 1.660304
753.578200 0.691189 1.656461
753.143100 0.699137 1.652286
752.707900 0.707104 1.647297
752.272600 0.713084 1.636179
751.837300 0.719059 1.630211
751.401800 0.725066 1.621371
750.966200 0.731562 1.613354
750.530600 0.744081 1.613589
750.094800 0.752553 1.609552
749.658900 0.758560 1.599955
749.223000 0.770552 1.595096
748.786900 0.778545 1.591233
748.350800 0.786533 1.588380
747.914600 0.792515 1.579836
747.478200 0.801503 1.573122
747.041700 0.811010 1.569892
746.605200 0.823506 1.571071
746.168600 0.833001 1.566351
745.731900 0.844010 1.562186
745.295000 0.854001 1.558061
744.858200 0.863002 1.554149
744.421100 0.874500 1.552291
743.984100 0.884500 1.549571
743.546800 0.895500 1.545531
743.109600 0.906001 1.542153
742.672200 0.917504 1.536259
742.234700 0.928004 1.527387
741.797100 0.940500 1.523155
741.359400 0.951500 1.516598
740.921600 0.962504 1.509461
740.483800 0.973507 1.506161
740.045800 0.984020 1.499036
739.607700 0.993014 1.493258
739.169600 1.004530 1.484613
738.731300 1.015047 1.478566
738.293000 1.029562 1.473148
737.854500 1.041612 1.467421
737.416000 1.054172 1.462309
736.977300 1.065132 1.449042
736.538600 1.077644 1.440275
736.099700 1.088727 1.431735
735.660800 1.101680 1.425944
735.221800 1.115264 1.418620
734.782700 1.128273 1.410538
734.343400 1.141365 1.401083
733.904100 1.153406 1.391251
733.464700 1.166448 1.383246
733.025200 1.177053 1.373201
732.585600 1.187630 1.367826
732.145900 1.201661 1.359825
731.706100 1.216730 1.352278
731.266200 1.229722 1.342464
730.826200 1.243795 1.337315
730.386100 1.258316 1.330793
729.945900 1.272859 1.323782
729.505700 1.288424 1.319039
729.065300 1.305035 1.313554
728.624800 1.321579 1.308035
728.184300 1.337685 1.300942
727.743600 1.351796 1.289976
727.302800 1.367044 1.285652
726.861900 1.382138 1.282600
726.421000 1.397291 1.273959
725.979900 1.414357 1.267253
725.538800 1.429941 1.260527
725.097500 1.446040 1.253151
724.656100 1.461657 1.247217
724.214700 1.481754 1.243627
723.773200 1.500918 1.241455
723.331500 1.517641 1.233286
722.889800 1.536297 1.227702
722.447900 1.554511 1.222575
722.006000 1.572139 1.216377
721.564000 1.588883 1.204077
721.121800 1.608550 1.195365
720.679600 1.627105 1.188361
720.237300 1.646813 1.182897
719.794900 1.666964 1.175896
719.352400 1.685600 1.168095
718.909700 1.705632 1.160393
718.467000 1.728537 1.156420
718.024200 1.748169 1.151325
717.581300 1.771395 1.140575
717.138300 1.794105 1.133132
716.695200 1.814697 1.121901
716.252000 1.834770 1.113918
715.808700 1.857399 1.107462
715.365300 1.880590 1.099036
714.921800 1.905344 1.093180
714.478200 1.930967 1.087916
714.034500 1.954119 1.080116
713.590700 1.976885 1.072018
713.146900 2.003120 1.066432
712.702800 2.026230 1.057812
712.258800 2.051946 1.052901
711.814600 2.079045 1.043627
711.370300 2.107615 1.037735
710.925900 2.134531 1.032716
710.481400 2.161063 1.026390
710.036900 2.188116 1.019520
709.592200 2.217253 1.013856
709.147400 2.243581 1.005715
708.702600 2.273762 1.000500
708.257600 2.304326 0.995289
707.812500 2.335121 0.988912
707.367400 2.366113 0.979801
706.922100 2.397338 0.973145
706.476700 2.427948 0.963931
706.031300 2.459174 0.957902
705.585700 2.492869 0.950908
705.140100 2.524523 0.943211
704.694300 2.554611 0.933455
704.248400 2.590252 0.928592
703.802500 2.624896 0.923177
703.356400 2.660015 0.916791
702.910300 2.695373 0.910264
702.464100 2.729544 0.905548
702.017700 2.764759 0.896815
701.571200 2.802539 0.892960
701.124700 2.837854 0.885648
700.678000 2.875962 0.876680
700.231300 2.912798 0.871587
699.784400 2.952524 0.865583
699.337500 2.993246 0.859823
698.890400 3.031706 0.852122
698.443300 3.070961 0.847337
697.996100 3.109898 0.841566
697.548800 3.154394 0.839888
697.101300 3.197008 0.838237
696.653700 3.238944 0.833613
696.206100 3.281299 0.831265
695.758400 3.326063 0.825927
695.310500 3.369053 0.819640
694.862600 3.412986 0.814893
694.414600 3.461125 0.814514
693.966400 3.507054 0.810556
693.518200 3.552741 0.809084
693.069900 3.599727 0.807640
692.621500 3.648235 0.805490
692.172900 3.695809 0.801216
691.724300 3.746838 0.799391
691.275600 3.796703 0.799544
690.826700 3.848446 0.799789
690.377800 3.899544 0.799076
689.928800 3.953812 0.800682
689.479700 4.007432 0.798793
689.030400 4.061583 0.797347
688.581100 4.116544 0.798941
688.131700 4.174737 0.799635
687.682100 4.232997 0.799649
687.232500 4.289864 0.798927
686.782800 4.348932 0.797486
686.332900 4.407535 0.797781
685.883000 4.467198 0.795787
685.433000 4.526733 0.797584
684.982800 4.587327 0.796025
684.532700 4.651830 0.801804
684.082300 4.716268 0.806986
683.631900 4.778916 0.809838
683.181300 4.844015 0.812522
682.730700 4.908322 0.815279
682.280000 4.973623 0.818245
681.829200 5.041173 0.819183
681.378200 5.108325 0.823601
680.927200 5.176405 0.826888
680.476100 5.247930 0.833927
680.024800 5.318726 0.840143
679.573500 5.388794 0.849292
679.122100 5.461776 0.856998
678.670500 5.537208 0.867626
678.218900 5.611050 0.878246
677.767200 5.686814 0.890088
677.315400 5.762114 0.899887
676.863400 5.837149 0.914012
676.411400 5.915628 0.925227
675.959200 5.994439 0.938208
675.507000 6.074375 0.954075
675.054700 6.155108 0.968216
674.602200 6.236039 0.987564
674.149700 6.315910 1.010375
673.697100 6.398233 1.031457
673.244300 6.480817 1.058598
672.791500 6.562342 1.082304
672.338600 6.643542 1.110006
671.885500 6.727390 1.137131
671.432400 6.810579 1.166290
670.979100 6.892776 1.199500
670.525800 6.974190 1.229815
670.072300 7.055332 1.264454
669.618800 7.136753 1.297078
669.165100 7.225046 1.338636
668.711400 7.309516 1.382505
668.257500 7.393182 1.428400
667.803500 7.475607 1.473711
667.349500 7.556611 1.522771
666.895300 7.643978 1.583962
666.441100 7.731162 1.645737
665.986800 7.815831 1.714153
665.532300 7.899264 1.786610
665.077700 7.985397 1.867441
664.623000 8.072227 1.955200
664.168300 8.155669 2.045274
663.713400 8.239582 2.142852
663.258400 8.323089 2.247365
662.803400 8.405661 2.367463
662.348200 8.485250 2.492175
661.892900 8.559230 2.618368
661.437600 8.637896 2.765943
660.982100 8.719013 2.929378
660.526500 8.796693 3.104965
660.070800 8.873025 3.292950
659.615100 8.951463 3.508381
659.159200 9.026225 3.752102
658.703200 9.100082 4.011132
658.247100 9.175687 4.314071
657.790900 9.251839 4.653309
657.334600 9.325730 5.035543
656.878200 9.395224 5.473808
656.421800 9.466336 5.977390
655.965100 9.533837 6.564571
655.508400 9.596419 7.246459
655.051600 9.655915 8.057114
654.594700 9.718508 9.063422
654.137700 9.772209 10.331040
653.680600 9.822435 11.902642
653.223400 9.862628 13.954844
652.766100 9.891984 16.704459
652.308700 9.906142 20.557052
651.851100 9.893729 26.134461
651.393600 9.832326 34.327563
650.935800 9.697008 45.448952
650.478000 9.448296 58.009145
650.020100 9.093986 68.903447
649.562000 8.674230 76.871476
649.103900 8.221311 82.336440
648.645700 7.757042 86.104875
648.187300 7.294966 88.829491
647.728900 6.846170 90.855800
647.270300 6.419420 92.442177
646.811700 6.019447 93.731798
646.353000 5.659574 94.748637
645.894100 5.347725 95.605265
645.435100 5.097192 96.340953
644.976100 4.914654 96.977861
644.516900 4.808817 97.543423
644.057700 4.790505 98.084014
643.598300 4.858084 98.601044
643.138900 5.006553 99.068395
642.679300 5.235442 99.579325
642.219600 5.530308 100.191928
641.759800 5.880674 101.143285
641.299900 6.274855 104.186306
640.840000 6.454129 111.452235
640.379900 6.295968 106.334310
639.919700 6.191121 105.814517
639.459400 6.154058 105.812356
638.999000 6.183027 102.059982
638.538500 6.278591 101.714234
638.077900 6.434756 101.257058
637.617200 6.653880 100.671664
637.156400 6.925722 99.993549
636.695400 7.242379 99.134494
636.234400 7.597507 98.017655
635.773300 7.986921 96.567123
635.312100 8.404841 94.594101
634.850800 8.845097 91.685857
634.389300 9.288181 87.365197
633.927800 9.724419 80.266993
633.466200 10.108728 68.538763
633.004400 10.394805 51.858076
632.542500 10.546621 36.063520
632.080600 10.603529 26.215484
631.618600 10.617152 20.333382
631.156400 10.599430 16.665003
630.694200 10.564077 14.229852
630.231800 10.538555 12.545635
629.769300 10.492399 11.265658
629.306800 10.451172 10.307986
628.844100 10.404258 9.526341
628.381300 10.352922 8.903121
627.918400 10.288069 8.370275
627.455400 10.238365 7.925468
626.992300 10.174684 7.541398
626.529100 10.110780 7.221564
626.065800 10.045412 6.917055
625.602400 9.966834 6.656952
625.138900 9.902470 6.409804
624.675300 9.811252 6.195115
624.211500 9.738965 5.993378
623.747700 9.680864 5.810004
623.283800 9.653053 5.650802
622.819800 9.599442 5.496761
622.355700 9.554401 5.390940
621.891400 9.475686 5.281134
621.427100 9.386347 5.183419
620.962600 9.264865 5.088794
620.498000 9.151519 5.010920
620.033400 9.061315 4.932679
619.568700 8.954294 4.859237
619.103800 8.869211 4.788666
618.638800 8.791774 4.711269
618.173700 8.725055 4.635841
617.708600 8.653505 4.565231
617.243300 8.574392 4.498498
616.777900 8.495379 4.427547
616.312400 8.414314 4.357920
615.846800 8.337233 4.287824
615.381000 8.251190 4.220251
614.915300 8.170154 4.154722
614.449300 8.086630 4.086422
613.983300 8.003105 4.022080
613.517200 7.917084 3.953679
613.051000 7.830060 3.887452
612.584700 7.744048 3.821191
612.118200 7.657534 3.755414
611.651700 7.571024 3.688125
611.185000 7.485513 3.625962
610.718300 7.400007 3.564151
610.251400 7.313503 3.504502
609.784400 7.228501 3.444242
609.317300 7.141500 3.383112
608.850200 7.052500 3.322886
608.382900 6.967001 3.264176
607.915500 6.882002 3.203109
607.448000 6.795504 3.143009
606.980400 6.709506 3.085391
606.512700 6.621008 3.024324
606.044900 6.534512 2.969372
605.577000 6.446518 2.913782
605.108900 6.359521 2.862311
604.640800 6.273525 2.808813
604.172600 6.185026 2.752320
603.704200 6.096525 2.696794
603.235800 6.009022 2.643365
602.767300 5.923025 2.591419
602.298600 5.839528 2.541437
601.829800 5.753026 2.491010
601.361000 5.668026 2.441654
600.892000 5.586025 2.392196
600.422900 5.502525 2.344292
599.953700 5.418529 2.295913
599.484400 5.336034 2.248017
599.015000 5.254032 2.202281
598.545500 5.173033 2.154481
598.075900 5.092028 2.108642
597.606200 5.010527 2.065413
597.136400 4.929527 2.021542
596.666400 4.850029 1.976434
596.196400 4.770535 1.933295
595.726300 4.693030 1.892965
595.256000 4.615028 1.852744
594.785700 4.541530 1.812065
594.315200 4.470027 1.772924
593.844700 4.396022 1.732336
593.374000 4.323523 1.692884
592.903200 4.249518 1.654337
592.432300 4.175515 1.614757
591.961300 4.103016 1.579439
591.490200 4.032015 1.541438
591.019000 3.959511 1.503998
590.547700 3.891508 1.465910
590.076300 3.819509 1.428836
589.604800 3.753511 1.394160
589.133100 3.688010 1.356402
588.661400 3.625009 1.316543
588.189600 3.561506 1.280678
587.717600 3.496504 1.245932
587.245500 3.435502 1.208814
586.773400 3.373501 1.174071
586.301100 3.315000 1.133913
585.828700 3.257500 1.098079
585.356300 3.198000 1.060216
584.883700 3.139000 1.022548
584.410900 3.087501 0.975157
583.938200 3.040003 0.929535
583.465200 2.993506 0.887248
582.992200 2.943512 0.846110
582.519100 2.898512 0.806389
582.045800 2.852019 0.768617
581.572500 2.803520 0.736033
581.099100 2.759531 0.699743
580.625500 2.717537 0.667486
580.151900 2.676039 0.632652
579.678000 2.633555 0.596286
579.204200 2.593062 0.562414
578.730200 2.551067 0.530606
578.256100 2.509579 0.498093
577.781900 2.471585 0.467129
577.307600 2.434089 0.435185
576.833200 2.396095 0.403855
576.358600 2.359599 0.374016
575.884000 2.321109 0.347739
575.409300 2.283614 0.322857
574.934400 2.249125 0.298420
574.459500 2.214133 0.277954
573.984400 2.180155 0.260467
573.509200 2.146150 0.247245
573.033900 2.111671 0.239078
572.558600 2.079170 0.238003
572.083100 2.047180 0.239053
571.607500 2.015207 0.247088
571.131800 1.983740 0.260097
570.655900 1.952754 0.276594
570.180100 1.920767 0.296855
569.704000 1.891802 0.319447
569.227800 1.861355 0.344749
568.751600 1.832878 0.369606
568.275300 1.804402 0.396234
567.798800 1.775915 0.425338
567.322200 1.748441 0.453520
566.845500 1.720968 0.483171
566.368700 1.694003 0.511823
565.891800 1.668532 0.541549
565.414900 1.641556 0.571117
564.937700 1.617088 0.601126
564.460500 1.593128 0.630701
563.983200 1.569630 0.663043
563.505700 1.544165 0.693571
563.028200 1.520228 0.726645
562.550500 1.496731 0.757777
562.072800 1.472761 0.787890
561.594800 1.449792 0.821509
561.116900 1.426805 0.851635
560.638800 1.403858 0.883728
560.160600 1.381892 0.916110
559.682300 1.359907 0.950323
559.203900 1.337433 0.979986
558.725300 1.314960 1.009634
558.246700 1.294464 1.039716
557.767900 1.274502 1.069269
557.289100 1.254518 1.097974
556.810200 1.234606 1.125647
556.331100 1.215112 1.154886
555.851900 1.195617 1.185271
555.372600 1.176123 1.214449
554.893200 1.156168 1.242530
554.413700 1.137136 1.271054
553.934100 1.119154 1.299527
553.454300 1.100201 1.328654
552.974500 1.081763 1.358161
552.494600 1.064326 1.386293
552.014500 1.046291 1.414261
551.534400 1.028314 1.440722
551.054100 1.010851 1.469725
550.573700 0.994843 1.498623
550.093300 0.978381 1.529053
549.612700 0.962404 1.558737
549.132000 0.946911 1.583851
548.651100 0.930452 1.613665
548.170200 0.915991 1.642840
547.689100 0.900983 1.669414
547.208000 0.887040 1.698072
546.726700 0.872032 1.724180
546.245400 0.856543 1.751867
545.763900 0.843531 1.779661
545.282300 0.830520 1.807878
544.800700 0.818061 1.834894
544.318800 0.804017 1.862004
543.836900 0.790008 1.888207
543.354900 0.777069 1.915762
542.872800 0.763061 1.942072
542.390500 0.750531 1.968661
541.908200 0.737041 1.995434
541.425700 0.725029 2.021226
540.943100 0.713497 2.048915
540.460400 0.700967 2.076329
539.977700 0.688437 2.099001
539.494800 0.675427 2.125969
539.011800 0.663377 2.150878
538.528600 0.651845 2.175091
538.045400 0.640906 2.203032
537.562100 0.629452 2.228708
537.078600 0.618518 2.255174
536.595000 0.607067 2.280176
536.111400 0.595576 2.305705
535.627600 0.585083 2.332466
535.143700 0.573593 2.355799
534.659700 0.563101 2.381961
534.175600 0.552610 2.406369
533.691300 0.542595 2.430100
533.207000 0.533489 2.453303
532.722600 0.523474 2.478498
532.238000 0.513027 2.502174
531.753400 0.502491 2.525927
531.268600 0.492953 2.547699
530.783700 0.483414 2.570264
530.298700 0.474486 2.591651
529.813600 0.464948 2.614696
529.328400 0.454323 2.637211
528.843000 0.443744 2.658539
528.357600 0.434249 2.678218
527.872000 0.425231 2.698751
527.386400 0.415693 2.719029
526.900600 0.404637 2.737663
526.414700 0.396139 2.760528
525.928700 0.386081 2.781346
525.442600 0.377627 2.801478
524.956400 0.368522 2.821649
524.470000 0.359071 2.841539
523.983600 0.350099 2.861778
523.497100 0.341128 2.882081
523.010400 0.332681 2.899637
522.523600 0.323815 2.918655
522.036700 0.316792 2.939957
521.549700 0.307829 2.959330
521.062600 0.299395 2.981450
520.575400 0.292898 3.001293
520.088100 0.285522 3.019434
519.600600 0.278094 3.035938
519.113100 0.270205 3.053267
518.625400 0.263649 3.072589
518.137700 0.256100 3.090226
517.649800 0.248486 3.109527
517.161800 0.239942 3.127333
516.673700 0.232921 3.145831
516.185500 0.226959 3.162919
515.697100 0.219409 3.183408
515.208700 0.211859 3.202432
514.720200 0.205832 3.220406
514.231400 0.198879 3.239321
513.742700 0.192001 3.259088
513.253800 0.185444 3.275125
512.764800 0.178500 3.291000
512.275700 0.171869 3.308142
511.786400 0.163936 3.325646
511.297100 0.156465 3.345922
510.807600 0.150978 3.361382
510.318100 0.145946 3.373020
509.828400 0.140915 3.388951
509.338600 0.134526 3.402945
508.848800 0.127163 3.416361
508.358700 0.120801 3.428888
507.868600 0.114692 3.441468
507.378400 0.107699 3.455409
506.888000 0.100165 3.467412
506.397600 0.094707 3.483609
505.907000 0.088274 3.496608
505.416300 0.081733 3.510295
504.925500 0.076173 3.522248
504.434600 0.070316 3.536988
503.943600 0.065317 3.549589
503.452500 0.060468 3.557363
502.961200 0.053529 3.568032
502.469800 0.048280 3.574485
501.978400 0.041633 3.581838
501.486800 0.037072 3.591187
500.995100 0.031182 3.601439
500.503300 0.024786 3.609553
500.011400 0.018824 3.617433
499.519300 0.013077 3.625882
499.027200 0.009018 3.628977
498.534900 0.008083 3.639330
498.042600 0.009609 3.643091
497.550100 0.014434 3.644906
497.057500 0.018148 3.651364
496.564800 0.022745 3.654782
496.072000 0.028160 3.658343
495.579000 0.033322 3.661982
495.086000 0.037749 3.664411
494.592800 0.042618 3.668626
494.099500 0.046058 3.666942
493.606200 0.050521 3.668253
493.112700 0.054507 3.666573
492.619000 0.058506 3.668966
492.125300 0.062506 3.667728
491.631500 0.066000 3.666014
491.137500 0.069515 3.662709
490.643500 0.074009 3.660675
490.149300 0.078526 3.655841
489.655000 0.083540 3.650947
489.160600 0.087031 3.642699
488.666100 0.090030 3.634199
488.171400 0.092522 3.626216
487.676700 0.096043 3.618969
487.181800 0.099534 3.610727
486.686900 0.102041 3.604486
486.191800 0.104058 3.600012
485.696600 0.106077 3.592100
485.201300 0.108565 3.585888
484.705800 0.111038 3.575318
484.210300 0.113024 3.570664
483.714600 0.114544 3.558325
483.218900 0.115544 3.548712
482.723000 0.116092 3.539328
482.227000 0.117580 3.528948
481.730900 0.118090 3.517973
481.234600 0.118627 3.506519
480.738300 0.118141 3.496502
480.241900 0.117656 3.483338
479.745300 0.117205 3.468968
479.248600 0.117721 3.457915
478.751800 0.116760 3.438609
478.254900 0.116367 3.422895
477.757900 0.114945 3.404265
477.260800 0.114057 3.391217
476.763500 0.112481 3.378320
476.266200 0.110546 3.365527
475.768700 0.108616 3.354070
475.271100 0.107621 3.336513
474.773400 0.104577 3.323983
474.275600 0.101129 3.308497
473.777600 0.098216 3.292836
473.279600 0.095771 3.278234
472.781400 0.091882 3.266740
472.283100 0.088912 3.256878
471.784800 0.085407 3.249510
471.286300 0.081365 3.241452
470.787600 0.076961 3.236755
470.288900 0.072028 3.234872
469.790000 0.069072 3.233730
469.291100 0.065033 3.222751
468.792000 0.060995 3.218170
468.292800 0.057726 3.217761
467.793500 0.054369 3.222198
467.294100 0.050764 3.231827
466.794500 0.046608 3.232586
466.294900 0.043004 3.235729
465.795100 0.038837 3.236278
465.295200 0.035949 3.247645
464.795200 0.032347 3.253668
464.295100 0.027791 3.259472
463.794900 0.024786 3.274683
463.294600 0.022368 3.280190
462.794100 0.019079 3.290070
462.293500 0.018193 3.290070
461.792800 0.016653 3.299255
461.292100 0.016258 3.301769
460.791100 0.014526 3.308359
460.290100 0.014572 3.315537
459.788900 0.012342 3.326347
459.287700 0.012490 3.342149
458.786300 0.012662 3.351767
458.284800 0.012662 3.360908
457.783200 0.013650 3.371759
457.281500 0.013317 3.387881
456.779600 0.012503 3.397297
456.277700 0.012662 3.408513
455.775600 0.012342 3.417491
455.273400 0.013650 3.425990
454.771100 0.013051 3.434408
454.268700 0.013503 3.444863
453.766200 0.015395 3.455398
453.263500 0.017786 3.464895
452.760800 0.020785 3.474392
452.257900 0.024664 3.483889
451.754900 0.029103 3.492428
451.251800 0.034269 3.500409
450.748500 0.039400 3.508869
450.245200 0.045177 3.516371
449.741700 0.051468 3.523394
449.238200 0.058813 3.530856
448.734500 0.066204 3.536842
448.230700 0.073664 3.542828
447.726700 0.081586 3.547816
447.222700 0.090046 3.552765
446.718600 0.099510 3.557274
446.214300 0.108500 3.561265
445.709900 0.118001 3.564258
445.205400 0.128516 3.567251
444.700800 0.139030 3.569726
444.196000 0.150071 3.571682
443.691200 0.161103 3.572680
443.186200 0.172676 3.573639
442.681200 0.184232 3.574118
442.175900 0.197274 3.573600
441.670600 0.209386 3.572563
441.165200 0.222949 3.571565
440.659600 0.236553 3.569531
440.154000 0.249642 3.566979
439.648200 0.249642 3.566979
