# lams, desv_psi, desv_delta
999.792500 0.224554 1.358317
999.408900 0.224554 1.358317
999.025300 0.224554 1.358317
998.641500 0.224554 1.358317
998.257800 0.224554 1.358317
997.873900 0.224554 1.358317
997.490000 0.224554 1.358317
997.106000 0.224554 1.358317
996.721900 0.224554 1.358317
996.337700 0.224554 1.358317
995.953500 0.224554 1.358317
995.569200 0.224554 1.358317
995.184800 0.224554 1.358317
994.800300 0.224554 1.358317
994.415800 0.224554 1.358317
994.031100 5.520495 97.936467
993.646400 2.267792 95.499621
993.261700 17.092971 41.963287
992.876800 17.098918 104.808300
992.491900 25.192554 95.752710
992.106900 8.425739 61.145143
991.721800 4.999692 46.778446
991.336700 6.365361 22.860419
990.951400 33.697356 27.144771
990.566100 3.038834 31.600551
990.180700 1.054950 42.351588
989.795300 0.512478 57.878843
989.409700 0.369016 28.506204
989.024100 0.499089 19.702444
988.638400 0.651120 17.900852
988.252600 0.906225 18.636379
987.866800 1.268157 18.752488
987.480900 0.439411 15.850640
987.094900 0.389169 16.787075
986.708800 0.309167 20.150204
986.322600 0.443235 36.113117
985.936400 0.112010 17.754290
985.550100 0.061098 14.128716
985.163800 0.401152 14.617204
984.777300 0.897549 14.821441
984.390700 1.525346 15.932152
984.004100 0.789662 13.733571
983.617400 0.826503 10.048677
983.230700 0.194320 18.755081
982.843800 2.623751 42.220207
982.456900 1.470810 120.743348
982.069900 1.971506 19.920568
981.682800 1.536928 11.638687
981.295700 5.009322 7.867167
980.908400 0.432014 10.442252
980.521100 2.819983 70.973133
980.133700 3.905507 60.426360
979.746300 6.942428 77.291313
979.358700 29.145350 87.768346
978.971100 36.755708 75.262894
978.583400 8.844265 73.778605
978.195600 12.895295 84.381591
977.807700 15.974780 41.154459
977.419900 12.428350 27.991670
977.031900 2.256551 19.542276
976.643700 3.524520 84.590055
976.255600 1.336566 8.408653
975.867400 0.871880 7.667541
975.479000 1.958811 11.291556
975.090600 0.298138 5.962294
974.702100 0.308046 7.576908
974.313600 0.617262 10.514870
973.925000 0.639163 11.809035
973.536300 2.762044 32.721311
973.147500 0.334515 29.879119
972.758600 30.176775 66.255863
972.369700 1.135875 33.892263
971.980700 5.924668 12.980335
971.591600 5.651260 14.825844
971.202400 6.833311 18.102686
970.813100 9.224763 19.687789
970.423800 9.412207 21.214145
970.034400 10.084031 28.071390
969.644900 3.209824 23.080002
969.255300 0.776434 17.408519
968.865700 4.557671 17.734618
968.476000 2.213236 13.679562
968.086100 1.738179 11.681730
967.696200 9.843905 13.015221
967.306300 5.043787 13.950699
966.916300 38.001330 12.473170
966.526100 24.907195 81.081117
966.135900 17.695325 46.027432
965.745700 4.836716 16.145179
965.355300 4.736063 12.842528
964.964900 4.500155 10.320553
964.574300 4.074346 8.602989
964.183800 4.083178 8.305899
963.793100 4.293457 10.912250
963.402300 5.162443 15.283887
963.011500 5.806602 65.156847
962.620700 25.181730 84.066712
962.229700 40.236790 9.507652
961.838600 38.329715 10.763705
961.447400 8.923806 2.206033
961.056200 4.664883 3.070756
960.664900 1.440709 4.466363
960.273600 1.089265 7.026840
959.882100 0.775098 3.379252
959.490500 1.501886 17.355526
959.098900 4.665619 7.166657
958.707300 2.061736 28.912285
958.315500 0.309815 21.877268
957.923600 0.526476 20.087519
957.531700 0.488292 18.886227
957.139600 0.469198 17.427425
956.747600 0.304619 16.006899
956.355400 0.261982 6.649989
955.963200 0.273984 10.830444
955.570900 0.461307 15.572199
955.178400 0.364560 11.251571
954.785900 0.494727 10.475342
954.393400 0.796503 12.089466
954.000700 0.966382 9.077744
953.608000 1.083075 11.437019
953.215200 1.684257 7.996784
952.822300 1.242736 3.117287
952.429300 1.267884 5.160335
952.036300 2.502795 11.811493
951.643200 0.614175 6.939830
951.249900 0.675771 4.653195
950.856700 3.540115 13.611564
950.463300 1.172554 2.854396
950.069900 1.698161 13.249183
949.676300 1.039183 16.758150
949.282700 1.145465 14.870347
948.889000 0.802729 14.071843
948.495300 1.039481 15.534666
948.101400 36.103174 98.142696
947.707500 35.096811 71.714586
947.313500 0.937057 5.596502
946.919400 0.908426 2.683119
946.525300 0.863660 5.672232
946.131000 2.267454 1.852049
945.736700 1.085809 0.463419
945.342300 13.691926 103.344808
944.947800 9.503830 103.484407
944.553200 0.786643 0.318877
944.158600 0.733248 0.296565
943.763900 0.720848 0.249417
943.369100 0.880538 0.243675
942.974200 1.128431 0.304668
942.579200 1.157451 0.629686
942.184100 1.435742 0.109037
941.789000 1.569319 3.928945
941.393800 7.651015 10.801377
940.998500 0.871675 8.734054
940.603100 1.799132 24.765067
940.207700 2.638131 1.841049
939.812200 1.060003 4.241148
939.416600 0.401052 6.375403
939.020900 0.801707 6.117083
938.625100 0.861412 7.334178
938.229200 0.458451 6.565543
937.833300 0.259928 11.221581
937.437300 1.161877 11.323784
937.041200 0.768163 3.215726
936.645000 1.657844 11.277279
936.248700 2.325753 12.385033
935.852400 2.618630 9.943515
935.456000 3.286139 8.217376
935.059400 3.264971 6.631236
934.662900 0.755174 5.174781
934.266200 1.447078 15.389590
933.869400 8.463876 3.579855
933.472700 0.707952 4.065643
933.075700 0.445355 6.850663
932.678700 0.712843 5.679976
932.281700 35.014795 98.647295
931.884500 36.367300 99.282654
931.487300 1.338264 9.201408
931.090000 7.942494 6.888676
930.692600 4.580728 9.784768
930.295100 3.345207 2.922895
929.897500 1.774548 8.673028
929.499900 1.542284 15.836276
929.102200 1.549360 24.960879
928.704300 1.297955 12.515268
928.306500 1.046031 16.951889
927.908500 0.983439 9.130051
927.510400 0.851970 9.804586
927.112300 0.722791 14.729646
926.714100 1.757324 19.362943
926.315800 1.130190 1.527819
925.917400 2.771933 61.811626
925.519000 2.225027 174.605551
925.120400 4.976875 7.873805
924.721800 6.621507 17.569057
924.323100 5.753772 42.097035
923.924300 0.406055 29.775874
923.525500 0.832461 14.280657
923.126500 2.825812 7.678641
922.727500 1.387787 16.043986
922.328300 2.657716 12.491489
921.929100 3.161104 12.791209
921.529800 3.383794 11.152889
921.130500 3.437182 11.774834
920.731100 3.629172 10.596637
920.331500 3.589591 11.939196
919.931900 3.220513 15.129277
919.532200 1.861633 15.328402
919.132400 2.294826 8.842820
918.732600 1.535545 13.422085
918.332600 0.413777 12.304745
917.932600 2.238725 11.852664
917.532500 2.056786 2.211570
917.132300 31.576634 11.573295
916.732100 8.146914 6.316181
916.331700 13.005715 3.528905
915.931300 37.225523 169.381040
915.530800 40.277556 108.078880
915.130200 39.714284 85.572512
914.729500 4.773822 39.342964
914.328700 9.448091 39.107857
913.927900 5.781064 22.652986
913.527000 1.339903 16.594751
913.125900 17.905453 33.982621
912.724900 1.967896 26.206990
912.323700 1.983940 5.447282
911.922400 1.687685 5.779739
911.521100 0.906179 3.861814
911.119600 5.988108 3.111990
910.718100 2.737875 5.874212
910.316500 4.031849 25.234681
909.914900 1.040689 36.665032
909.513100 2.198645 9.130863
909.111300 2.456326 3.104969
908.709300 0.722129 0.780147
908.307300 1.973126 1.832429
907.905200 3.647294 0.668582
907.503100 6.902194 5.189481
907.100800 4.476094 6.160063
906.698400 3.035874 9.535319
906.296000 1.424588 3.915600
905.893500 1.863387 24.070080
905.490900 2.047410 8.151478
905.088300 2.013808 8.931355
904.685500 1.687650 14.949449
904.282600 0.576599 17.994678
903.879700 5.052154 21.881764
903.476700 8.916525 18.230703
903.073600 2.053059 16.057110
902.670400 1.539311 19.871746
902.267200 1.154869 18.963696
901.863800 3.666220 22.389794
901.460400 8.202564 4.346525
901.056900 22.442585 24.363550
900.653300 5.044602 32.629623
900.249600 10.005030 50.231429
899.845800 2.368667 4.584033
899.442000 20.267465 100.613747
899.038000 20.633815 100.062057
898.634000 21.610911 99.488580
898.229900 31.434438 101.092341
897.825700 20.999970 98.087063
897.421400 1.738027 2.295684
897.017100 3.045462 1.336002
896.612700 4.247356 3.970521
896.208100 2.604495 1.037702
895.803500 2.200712 1.700938
895.398900 1.839732 4.994103
894.994100 1.531999 9.433260
894.589200 3.445146 10.547302
894.184300 1.810432 8.870715
893.779200 4.316916 5.764233
893.374100 3.830967 13.175526
892.968900 0.164795 11.806968
892.563700 1.190410 5.461415
892.158300 0.190122 11.717676
891.752800 0.369042 0.467618
891.347300 1.103227 2.933105
890.941700 1.479533 8.076534
890.535900 1.371878 10.911219
890.130200 1.602584 14.900111
889.724300 0.339240 20.769155
889.318400 2.822922 7.556838
888.912300 2.983829 10.107745
888.506200 3.022222 8.748233
888.100000 1.322590 17.232264
887.693700 1.245852 16.401696
887.287300 1.131992 16.462948
886.880800 1.024614 16.586679
886.474300 0.648822 16.505363
886.067600 0.702004 18.624889
885.660900 0.425820 21.011974
885.254100 0.618427 19.847301
884.847200 0.650207 20.386525
884.440200 0.681632 20.564338
884.033200 2.777445 20.004315
883.626000 2.989341 19.700520
883.218800 4.264689 19.636416
882.811500 8.428016 17.512286
882.404100 3.291046 18.696533
881.996600 2.741120 20.347917
881.589000 0.388568 20.262629
881.181300 2.946746 9.873332
880.773600 2.766639 4.392114
880.365800 3.580395 1.911919
879.957900 5.794413 1.185161
879.549900 4.150265 0.992556
879.141800 1.692505 3.712385
878.733600 1.307864 1.488929
878.325300 2.187379 0.831632
877.917000 2.951427 0.949158
877.508500 3.593741 1.213828
877.100000 3.524438 0.958669
876.691500 2.536000 0.786309
876.282800 1.166326 0.500046
875.874000 2.746872 0.439569
875.465100 1.532688 1.014007
875.056200 0.896889 2.189312
874.647200 6.935720 2.715720
874.238000 5.956774 4.251886
873.828900 8.546249 3.109550
873.419600 7.125439 3.878243
873.010200 6.612241 3.871479
872.600700 6.113672 3.677973
872.191200 2.668650 3.616604
871.781600 0.968197 15.187211
871.371800 1.077220 23.291300
870.962000 0.495300 21.821425
870.552100 0.554686 40.292548
870.142200 0.913297 17.470951
869.732100 0.511830 27.233893
869.321900 1.107768 21.369515
868.911700 1.484494 19.671504
868.501300 1.655314 19.061416
868.090900 1.772793 18.859829
867.680500 1.782610 19.061592
867.269900 1.667442 18.945323
866.859200 1.650188 18.956177
866.448500 1.486193 18.936812
866.037600 1.440640 18.804605
865.626700 1.656202 18.977303
865.215700 1.808348 18.735185
864.804600 1.932683 18.220803
864.393400 1.910215 17.996528
863.982100 1.926807 18.134924
863.570700 1.768831 17.944960
863.159300 1.531133 17.082260
862.747700 1.382700 17.603736
862.336100 1.223313 17.500537
861.924400 1.215867 17.472159
861.512600 1.334070 17.664438
861.100800 1.061309 16.970337
860.688800 1.113478 15.858990
860.276700 1.123026 16.388153
859.864600 1.564357 18.312120
859.452300 0.737956 16.659498
859.040000 0.834031 16.427330
858.627600 0.821336 14.401463
858.215100 1.068808 15.192411
857.802600 1.725715 18.785437
857.389900 1.838552 19.620506
856.977100 1.775526 18.882492
856.564300 1.610434 18.783995
856.151400 1.649656 18.979303
855.738300 1.620840 19.134849
855.325300 1.820649 18.788650
854.912000 2.012379 17.849677
854.498800 1.654196 17.454536
854.085400 1.536079 18.032824
853.671900 1.775365 17.777103
853.258400 1.517488 17.756877
852.844800 1.529922 17.050605
852.431100 1.515771 16.499253
852.017300 1.530590 17.080536
851.603400 1.513586 16.416844
851.189400 1.515659 16.705379
850.775300 1.395845 17.368912
850.361200 1.448036 16.161653
849.947000 1.348692 16.468296
849.532600 1.186380 17.360641
849.118200 1.125769 17.870135
848.703700 1.131800 17.715990
848.289100 1.146041 17.496643
847.874400 1.135033 17.217565
847.459700 1.245470 17.194605
847.044800 1.289876 17.043669
846.629800 1.348999 16.911022
846.214800 1.417662 16.916943
845.799700 1.433504 16.740120
845.384500 1.388640 16.857514
844.969200 1.382514 16.838574
844.553800 1.338649 16.928144
844.138300 1.334020 17.015378
843.722700 1.281011 17.116699
843.307100 1.284621 17.166873
842.891400 1.222506 17.249712
842.475500 1.125864 17.247321
842.059600 1.092330 17.433787
841.643600 1.053429 17.395017
841.227500 0.991953 17.551076
840.811300 0.962140 17.629638
840.395100 0.988049 17.796289
839.978700 0.948797 17.863422
839.562300 0.897662 17.864798
839.145700 0.959965 17.868809
838.729100 0.988123 17.972082
838.312400 0.949656 18.021073
837.895600 0.951384 18.011744
837.478700 0.927908 18.028975
837.061700 0.940314 18.003179
836.644700 0.930196 17.964152
836.227500 0.915857 17.936902
835.810200 0.899747 17.971657
835.392900 0.872079 18.032664
834.975500 0.858381 18.108697
834.557900 0.839851 18.092570
834.140300 0.825695 18.168211
833.722700 0.804506 18.111180
833.304900 0.786760 18.055252
832.887000 0.767417 18.003582
832.469100 0.753292 18.143420
832.051000 0.743660 18.090065
831.632900 0.724310 18.095449
831.214600 0.710612 18.179164
830.796300 0.697310 18.116527
830.377900 0.683890 18.033960
829.959400 0.665307 18.070196
829.540800 0.653951 18.096880
829.122100 0.634794 18.141295
828.703400 0.617249 18.163745
828.284500 0.601645 18.221000
827.865600 0.588248 18.236831
827.446500 0.566233 18.248806
827.027500 0.553672 18.287782
826.608200 0.548000 18.316914
826.188900 0.538176 18.342378
825.769500 0.521358 18.353270
825.350000 0.502677 18.376601
824.930500 0.485544 18.399133
824.510800 0.471892 18.404753
824.091100 0.455942 18.421699
823.671300 0.441000 18.444117
823.251300 0.432276 18.472751
822.831300 0.415652 18.486738
822.411200 0.400632 18.518595
821.991000 0.390304 18.539365
821.570700 0.375066 18.545500
821.150300 0.361807 18.567567
820.729900 0.346555 18.576144
820.309300 0.333708 18.583199
819.888600 0.323399 18.578427
819.467900 0.316057 18.581728
819.047100 0.299451 18.592852
818.626200 0.291349 18.604281
818.205100 0.283339 18.620847
817.784100 0.273518 18.626656
817.362900 0.256513 18.636480
816.941600 0.244461 18.646255
816.520200 0.236306 18.661257
816.098800 0.225105 18.671038
815.677200 0.217304 18.697123
815.255600 0.207760 18.708698
814.833800 0.204500 18.717280
814.412000 0.200577 18.718354
813.990100 0.194590 18.724499
813.568100 0.195070 18.725917
813.146000 0.191162 18.725042
812.723800 0.195839 18.738203
812.301500 0.189170 18.740793
811.879200 0.188889 18.747200
811.456700 0.190316 18.754513
811.034100 0.195055 18.772503
810.611500 0.191087 18.788865
810.188800 0.193996 18.785201
809.765900 0.194962 18.787699
809.343000 0.197186 18.782119
808.920000 0.202920 18.777419
808.496900 0.209967 18.776185
808.073700 0.216363 18.761752
807.650500 0.220239 18.758662
807.227100 0.224331 18.756080
806.803600 0.226677 18.751308
806.380100 0.237622 18.747107
805.956400 0.247710 18.746324
805.532700 0.254671 18.743605
805.108900 0.258233 18.737371
804.685000 0.266160 18.735982
804.261000 0.273555 18.735745
803.836900 0.281782 18.732877
803.412700 0.290104 18.716385
802.988400 0.298639 18.711908
802.564000 0.307204 18.708660
802.139600 0.319660 18.687450
801.715000 0.329753 18.664769
801.290300 0.337049 18.649993
800.865700 0.348019 18.629408
800.440800 0.357415 18.611328
800.015900 0.364103 18.597174
799.590900 0.371879 18.579836
799.165800 0.378632 18.552596
798.740600 0.387239 18.535985
798.315300 0.394495 18.515291
797.889900 0.399635 18.492853
797.464400 0.406881 18.468749
797.038900 0.414232 18.427197
796.613200 0.421583 18.392060
796.187500 0.427010 18.367885
795.761700 0.434502 18.338946
795.335700 0.442527 18.300712
794.909700 0.451107 18.271360
794.483600 0.460774 18.233154
794.057400 0.467437 18.208892
793.631000 0.474776 18.183478
793.204700 0.482565 18.147785
792.778200 0.488965 18.116214
792.351600 0.495053 18.073538
791.924900 0.502575 18.048244
791.498200 0.509813 18.021610
791.071400 0.516385 17.984918
790.644400 0.522461 17.957175
790.217300 0.528035 17.921051
789.790200 0.534298 17.890023
789.363000 0.541805 17.852076
788.935700 0.547168 17.815826
788.508300 0.551852 17.774827
788.080700 0.558535 17.727646
787.653200 0.564256 17.692514
787.225500 0.570000 17.659522
786.797700 0.574356 17.621379
786.369900 0.581551 17.572710
785.941900 0.589631 17.529236
785.513900 0.593891 17.484337
785.085700 0.601118 17.448659
784.657500 0.605932 17.406711
784.229100 0.614586 17.358077
783.800700 0.619767 17.327128
783.372200 0.622882 17.294299
782.943500 0.625412 17.245861
782.514800 0.630083 17.215072
782.086100 0.632132 17.182052
781.657200 0.634322 17.156024
781.228200 0.638615 17.123348
780.799100 0.643317 17.086497
780.369900 0.646364 17.044873
779.940700 0.650668 17.003713
779.511300 0.653872 16.963459
779.081800 0.656529 16.930685
778.652300 0.660571 16.892969
778.222700 0.664914 16.859345
777.793000 0.665814 16.823812
777.363200 0.669931 16.782759
776.933200 0.672571 16.741650
776.503200 0.675119 16.707252
776.073100 0.677343 16.671882
775.642900 0.679106 16.643451
775.212600 0.680385 16.601304
774.782200 0.680545 16.564540
774.351700 0.682147 16.519080
773.921200 0.683918 16.482168
773.490500 0.686030 16.447207
773.059800 0.688612 16.406855
772.628900 0.688892 16.366314
772.198000 0.689574 16.319847
771.766900 0.691044 16.277674
771.335800 0.691390 16.240046
770.904600 0.693779 16.206208
770.473300 0.693888 16.165965
770.041900 0.693474 16.131004
769.610400 0.693835 16.085721
769.178700 0.694378 16.043722
768.747100 0.694177 15.998371
768.315200 0.694177 15.948836
767.883400 0.694530 15.900514
767.451400 0.694520 15.860007
767.019300 0.694706 15.818656
766.587200 0.694510 15.779637
766.154900 0.694889 15.743779
765.722500 0.696592 15.698412
765.290100 0.696223 15.659124
764.857500 0.698699 15.619826
764.424900 0.697937 15.573640
763.992200 0.696443 15.533131
763.559300 0.696265 15.493002
763.126400 0.694778 15.452544
762.693400 0.694604 15.412345
762.260300 0.694092 15.371622
761.827100 0.690948 15.322176
761.393800 0.689892 15.283502
760.960400 0.690714 15.254343
760.526900 0.691182 15.209843
760.093300 0.690973 15.163386
759.659700 0.691659 15.127797
759.225900 0.691934 15.085923
758.792100 0.691857 15.043784
758.358100 0.690787 14.997604
757.924000 0.691079 14.958312
757.489900 0.689662 14.919066
757.055600 0.688337 14.875759
756.621300 0.689574 14.836182
756.186800 0.689544 14.789703
755.752300 0.688030 14.753039
755.317700 0.687564 14.705704
754.883000 0.687218 14.659815
754.448200 0.688137 14.620841
754.013200 0.686418 14.575258
753.578200 0.686985 14.533371
753.143100 0.688822 14.491803
752.707900 0.689858 14.450235
752.272600 0.691470 14.412416
751.837300 0.693785 14.369959
751.401800 0.696685 14.333022
750.966200 0.698546 14.293173
750.530600 0.700411 14.255088
750.094800 0.702854 14.218404
749.658900 0.704727 14.175436
749.223000 0.705609 14.136163
748.786900 0.709219 14.101224
748.350800 0.711191 14.063461
747.914600 0.713081 14.024786
747.478200 0.715799 13.978899
747.041700 0.721077 13.934152
746.605200 0.727842 13.894354
746.168600 0.734870 13.852509
745.731900 0.741528 13.817316
745.295000 0.747735 13.776660
744.858200 0.752540 13.735696
744.421100 0.761383 13.692396
743.984100 0.768763 13.656016
743.546800 0.776989 13.620551
743.109600 0.785588 13.576087
742.672200 0.793830 13.535702
742.234700 0.804081 13.497021
741.797100 0.814156 13.454896
741.359400 0.823885 13.409571
740.921600 0.835964 13.366017
740.483800 0.847131 13.319264
740.045800 0.857822 13.276846
739.607700 0.871640 13.233284
739.169600 0.884800 13.187707
738.731300 0.899504 13.142719
738.293000 0.917050 13.099442
737.854500 0.933212 13.053291
737.416000 0.952240 13.012042
736.977300 0.971549 12.968779
736.538600 0.992314 12.924350
736.099700 1.014827 12.878767
735.660800 1.037903 12.834929
735.221800 1.062404 12.789322
734.782700 1.087500 12.736248
734.343400 1.113754 12.691796
733.904100 1.143467 12.651064
733.464700 1.174346 12.606279
733.025200 1.208404 12.559825
732.585600 1.234089 12.530664
732.145900 1.270459 12.489073
731.706100 1.315205 12.448649
731.266200 1.348116 12.421246
730.826200 1.384489 12.395588
730.386100 1.429815 12.367288
729.945900 1.472833 12.328044
729.505700 1.529703 12.284733
729.065300 1.585429 12.230211
728.624800 1.628444 12.207736
728.184300 1.686490 12.190149
727.743600 1.748850 12.161016
727.302800 1.813812 12.140318
726.861900 1.885428 12.122155
726.421000 1.963660 12.116411
725.979900 2.045366 12.106064
725.538800 2.139763 12.099418
725.097500 2.237340 12.100868
724.656100 2.338940 12.114708
724.214700 2.462497 12.140376
723.773200 2.588062 12.168100
723.331500 2.726606 12.209739
722.889800 2.875851 12.261148
722.447900 3.040100 12.330156
722.006000 3.215903 12.418184
721.564000 3.404688 12.504526
721.121800 3.605874 12.624365
720.679600 3.814288 12.779966
720.237300 4.034251 12.932946
719.794900 4.263461 13.111328
719.352400 4.473313 13.283374
718.909700 4.693280 13.499916
718.467000 4.915277 13.766061
718.024200 5.144205 14.004777
717.581300 5.390445 14.238271
717.138300 5.665268 14.489717
716.695200 5.930285 14.818522
716.252000 6.202223 15.155086
715.808700 6.475613 15.555167
715.365300 6.747282 15.978073
714.921800 7.020105 16.402711
714.478200 7.275038 16.815778
714.034500 7.538064 17.148319
713.590700 7.784645 17.494138
713.146900 8.022814 17.836163
712.702800 8.240542 18.229901
712.258800 8.448784 18.668445
711.814600 8.627574 19.136408
711.370300 8.788782 19.734560
710.925900 8.936685 20.319412
710.481400 9.075694 20.977290
710.036900 9.189566 21.722964
709.592200 9.282976 22.466962
709.147400 9.353798 23.248734
708.702600 9.373948 24.098381
708.257600 9.408211 25.006619
707.812500 9.414201 26.050005
707.367400 9.390019 27.227940
706.922100 9.334008 28.545834
706.476700 9.254144 29.885782
706.031300 9.147339 31.347595
705.585700 8.991843 32.915610
705.140100 8.798209 34.554636
704.694300 8.567745 36.253658
704.248400 8.281246 37.993359
703.802500 7.965081 39.668088
703.356400 7.598413 41.483786
702.910300 7.199946 43.193915
702.464100 6.754013 44.871779
702.017700 6.263318 46.423469
701.571200 5.684336 47.922470
701.124700 5.102504 49.224577
700.678000 4.512874 50.351273
700.231300 3.891788 51.335435
699.784400 3.246528 52.208057
699.337500 2.645643 52.890075
698.890400 2.041571 53.511999
698.443300 1.512936 54.065340
697.996100 1.152662 54.562504
697.548800 1.193994 55.019039
697.101300 1.631868 55.382708
696.653700 2.252878 55.602461
696.206100 2.946179 55.831920
695.758400 3.677615 55.985035
695.310500 4.437932 56.049287
694.862600 5.217295 56.061183
694.414600 6.052357 55.994360
693.966400 6.822143 56.019614
693.518200 7.591645 55.914343
693.069900 8.362631 55.815665
692.621500 9.150393 55.539946
692.172900 9.966588 55.188518
691.724300 10.773854 54.825769
691.275600 11.597347 54.212501
690.826700 12.411180 53.496447
690.377800 13.208837 52.659787
689.928800 14.005233 51.569816
689.479700 14.763794 50.383934
689.030400 15.514880 48.969732
688.581100 16.217605 47.362958
688.131700 16.879426 45.467288
687.682100 17.481769 43.295331
687.232500 17.991173 40.923188
686.782800 18.393110 38.357998
686.332900 18.663562 35.757932
685.883000 18.816828 33.069423
685.433000 18.857930 30.359866
684.982800 18.822153 27.816418
684.532700 18.688327 25.505741
684.082300 18.492866 23.430090
683.631900 18.224504 21.624772
683.181300 17.834501 20.103666
682.730700 17.389653 18.871035
682.280000 16.916507 17.934469
681.829200 16.417679 17.161776
681.378200 15.918685 16.574822
680.927200 15.427224 16.120583
680.476100 14.881963 15.780004
680.024800 14.312540 15.540005
679.573500 13.791873 15.401424
679.122100 13.276279 15.368013
678.670500 12.770188 15.369599
678.218900 12.270904 15.432439
677.767200 11.783446 15.515596
677.315400 11.312988 15.625504
676.863400 10.819870 15.805882
676.411400 10.309862 15.979030
675.959200 9.880649 16.124624
675.507000 9.453788 16.306588
675.054700 9.044654 16.493316
674.602200 8.652047 16.694075
674.149700 8.286274 16.867371
673.697100 7.939022 17.045465
673.244300 7.615655 17.206893
672.791500 7.293910 17.418164
672.338600 7.011816 17.578544
671.885500 6.729775 17.742296
671.432400 6.472091 17.892803
670.979100 6.226114 18.036039
670.525800 6.005478 18.166499
670.072300 5.786343 18.326518
669.618800 5.587191 18.475685
669.165100 5.395633 18.642807
668.711400 5.200862 18.827844
668.257500 5.011364 19.050274
667.803500 4.848016 19.253679
667.349500 4.685359 19.465255
666.895300 4.534061 19.678110
666.441100 4.401240 19.882666
665.986800 4.268204 20.099653
665.532300 4.146212 20.333377
665.077700 4.032370 20.569190
664.623000 3.918962 20.808380
664.168300 3.820961 21.046549
663.713400 3.715644 21.296740
663.258400 3.611397 21.547993
662.803400 3.514984 21.790550
662.348200 3.421567 22.039409
661.892900 3.336628 22.281123
661.437600 3.245681 22.530870
660.982100 3.165675 22.775026
660.526500 3.080920 23.019403
660.070800 3.005073 23.262273
659.615100 2.925210 23.505188
659.159200 2.851017 23.736212
658.703200 2.773882 23.974424
658.247100 2.707371 24.205806
657.790900 2.633703 24.435237
657.334600 2.566708 24.656102
656.878200 2.496148 24.876702
656.421800 2.423162 25.091580
655.965100 2.357302 25.302019
655.508400 2.285244 25.507532
655.051600 2.215878 25.708039
654.594700 2.144739 25.902329
654.137700 2.076443 26.094048
653.680600 2.010991 26.280702
653.223400 1.947844 26.460310
652.766100 1.881288 26.631889
652.308700 1.813983 26.800135
651.851100 1.747604 26.962209
651.393600 1.685050 27.115241
650.935800 1.623616 27.262990
650.478000 1.564615 27.404972
650.020100 1.505347 27.544958
649.562000 1.443531 27.679708
649.103900 1.387128 27.806243
648.645700 1.328971 27.928741
648.187300 1.270825 28.043602
647.728900 1.212076 28.152617
647.270300 1.154811 28.256396
646.811700 1.096425 28.354672
646.353000 1.040102 28.446292
645.894100 0.985537 28.528373
645.435100 0.931577 28.605264
644.976100 0.877373 28.677307
644.516900 0.823159 28.741728
644.057700 0.768989 28.800117
643.598300 0.714585 28.855887
643.138900 0.663699 28.906467
642.679300 0.610836 28.945684
642.219600 0.559457 28.979227
641.759800 0.508738 29.011259
641.299900 0.458799 29.037072
640.840000 0.409507 29.053877
640.379900 0.361000 29.064962
639.919700 0.313938 29.068550
639.459400 0.268457 29.066416
638.999000 0.223406 29.059221
638.538500 0.180959 29.048391
638.077900 0.141500 29.028288
637.617200 0.106226 29.002639
637.156400 0.083072 28.975350
636.695400 0.080914 28.939586
636.234400 0.098333 28.905287
635.773300 0.127767 28.862780
635.312100 0.162103 28.811756
634.850800 0.199922 28.754610
634.389300 0.236526 28.699240
633.927800 0.272794 28.638324
633.466200 0.309516 28.565209
633.004400 0.345167 28.491166
632.542500 0.380978 28.411623
632.080600 0.415386 28.328751
631.618600 0.447970 28.246147
631.156400 0.481035 28.151249
630.694200 0.514516 28.056983
630.231800 0.546756 27.956810
629.769300 0.576209 27.852432
629.306800 0.605885 27.745482
628.844100 0.633500 27.638535
628.381300 0.661524 27.528210
627.918400 0.687864 27.411151
627.455400 0.711374 27.295021
626.992300 0.732455 27.181588
626.529100 0.752931 27.066883
626.065800 0.775748 26.936991
625.602400 0.797651 26.808254
625.138900 0.817286 26.674168
624.675300 0.835003 26.547085
624.211500 0.852946 26.409428
623.747700 0.871691 26.263002
623.283800 0.889655 26.121615
622.819800 0.908425 25.974693
622.355700 0.926635 25.832580
621.891400 0.943709 25.687352
621.427100 0.956206 25.550817
620.962600 0.968709 25.417438
620.498000 0.978349 25.290480
620.033400 0.991669 25.147676
619.568700 1.005339 25.006529
619.103800 1.015804 24.853266
618.638800 1.025702 24.702386
618.173700 1.035031 24.554930
617.708600 1.049778 24.416707
617.243300 1.063145 24.275528
616.777900 1.071344 24.120574
616.312400 1.088749 23.990773
615.846800 1.107559 23.863587
615.381000 1.120873 23.718407
614.915300 1.141184 23.588608
614.449300 1.149913 23.436035
613.983300 1.166786 23.292659
613.517200 1.180140 23.142936
613.051000 1.192351 22.991824
612.584700 1.210909 22.844751
612.118200 1.223778 22.692284
611.651700 1.247223 22.548708
611.185000 1.261258 22.395865
610.718300 1.281898 22.247131
610.251400 1.296152 22.088788
609.784400 1.315392 21.931976
609.317300 1.326204 21.765320
608.850200 1.341107 21.598123
608.382900 1.359433 21.430007
607.915500 1.374617 21.252965
607.448000 1.386077 21.075687
606.980400 1.379655 20.892063
606.512700 1.380431 20.711018
606.044900 1.408059 20.510049
605.577000 1.377138 20.294150
605.108900 1.315330 20.079569
604.640800 1.261327 19.875825
604.172600 1.078618 19.691626
603.704200 1.046542 19.557390
603.235800 0.888694 19.446846
602.767300 0.928732 19.321805
602.298600 1.234239 19.120839
601.829800 1.516459 18.909831
601.361000 1.742142 18.716477
600.892000 1.846907 18.546278
600.422900 1.805311 18.461699
599.953700 1.755930 18.413813
599.484400 1.652300 18.392046
599.015000 1.618772 18.380507
598.545500 1.817939 18.139886
598.075900 1.947833 18.015308
597.606200 2.143521 17.829001
597.136400 2.290152 17.594736
596.666400 2.491062 17.366324
596.196400 2.551682 17.110414
595.726300 2.520776 16.866380
595.256000 2.601025 16.644870
594.785700 2.714177 16.621111
594.315200 2.835121 16.585095
593.844700 2.915383 16.421659
593.374000 3.058849 16.361088
592.903200 3.295250 16.278392
592.432300 3.553905 16.187824
591.961300 3.802749 16.103215
591.490200 3.931490 16.110357
591.019000 4.204594 16.046392
590.547700 4.462672 16.089561
590.076300 4.758603 16.096433
589.604800 5.079635 16.072694
589.133100 5.426100 16.065426
588.661400 5.798773 16.038519
588.189600 6.195724 16.088771
587.717600 6.641698 16.241658
587.245500 7.081617 16.574963
586.773400 7.584481 17.003782
586.301100 8.138757 17.422211
585.828700 8.727977 17.922153
585.356300 9.344321 18.529256
584.883700 10.028499 19.209906
584.410900 10.735513 20.005578
583.938200 11.452586 20.896376
583.465200 12.180947 21.935265
582.992200 12.918562 23.189891
582.519100 13.632530 24.691502
582.045800 14.315368 26.520113
581.572500 14.949115 28.718752
581.099100 15.492866 31.346290
580.625500 15.870625 34.331265
580.151900 16.040885 37.670603
579.678000 15.949087 41.263203
579.204200 15.596812 44.867012
578.730200 14.997537 48.315642
578.256100 14.160726 51.498346
577.781900 13.162729 54.232968
577.307600 12.044298 56.546498
576.833200 10.877868 58.493577
576.358600 9.667714 60.115759
575.884000 8.427705 61.530382
575.409300 7.158463 62.761623
574.934400 5.906628 63.792455
574.459500 4.680388 64.669633
573.984400 3.477021 65.432492
573.509200 2.320548 66.059939
573.033900 1.282440 66.566851
572.558600 0.927905 66.976106
572.083100 1.698244 67.263251
571.607500 2.792478 67.410065
571.131800 3.947711 67.447485
570.655900 5.128826 67.380704
570.180100 6.327984 67.143127
569.704000 7.568363 66.717052
569.227800 8.833762 66.114823
568.751600 10.109022 65.337882
568.275300 11.381066 64.356071
567.798800 12.636468 63.092547
567.322200 13.836734 61.549256
566.845500 14.998737 59.621923
566.368700 16.040956 57.329331
565.891800 16.923804 54.702159
565.414900 17.590909 51.735797
564.937700 18.052303 48.540970
564.460500 18.258036 45.254201
563.983200 18.183471 41.998311
563.505700 17.868795 38.876489
563.028200 17.356266 36.014161
562.550500 16.673728 33.486966
562.072800 15.869511 31.316859
561.594800 14.988326 29.501757
561.116900 14.090717 28.021775
560.638800 13.204920 26.872680
560.160600 12.356030 25.987977
559.682300 11.505327 25.324060
559.203900 10.676479 24.850561
558.725300 9.912588 24.552042
558.246700 9.186873 24.376781
557.767900 8.507781 24.328390
557.289100 7.884337 24.365601
556.810200 7.314815 24.458837
556.331100 6.796500 24.637221
555.851900 6.330588 24.845583
555.372600 5.888370 25.094490
554.893200 5.482948 25.393011
554.413700 5.102169 25.652334
553.934100 4.766386 25.961576
553.454300 4.442032 26.285585
552.974500 4.143019 26.623197
552.494600 3.855452 26.960848
552.014500 3.584658 27.291390
551.534400 3.339491 27.635686
551.054100 3.105379 27.975791
550.573700 2.879318 28.292789
550.093300 2.682329 28.610580
549.612700 2.471172 28.913923
549.132000 2.289732 29.200185
548.651100 2.117815 29.467749
548.170200 1.954622 29.739809
547.689100 1.799350 29.981846
547.208000 1.636722 30.218767
546.726700 1.490992 30.423694
546.245400 1.357898 30.634703
545.763900 1.223097 30.805934
545.282300 1.081244 30.959901
544.800700 0.961999 31.100285
544.318800 0.837292 31.216061
543.836900 0.724868 31.315305
543.354900 0.602172 31.401980
542.872800 0.491095 31.494889
542.390500 0.390715 31.546927
541.908200 0.298327 31.582149
541.425700 0.207808 31.603482
540.943100 0.131857 31.588026
540.460400 0.083032 31.525856
539.977700 0.104505 31.473439
539.494800 0.157272 31.439545
539.011800 0.219163 31.376926
538.528600 0.288365 31.292884
538.045400 0.348245 31.203461
537.562100 0.396274 31.097087
537.078600 0.454446 30.993786
536.595000 0.517780 30.883130
536.111400 0.573468 30.765678
535.627600 0.628824 30.624925
535.143700 0.673746 30.495392
534.659700 0.715172 30.352620
534.175600 0.762529 30.200857
533.691300 0.804899 30.043745
533.207000 0.847863 29.868686
532.722600 0.890082 29.688039
532.238000 0.926500 29.499661
531.753400 0.962748 29.309842
531.268600 0.995964 29.101923
530.783700 1.027875 28.917363
530.298700 1.055283 28.701133
529.813600 1.081029 28.496490
529.328400 1.099624 28.263606
528.843000 1.120525 28.038774
528.357600 1.138208 27.797806
527.872000 1.155177 27.568172
527.386400 1.166311 27.316696
526.900600 1.178251 27.071308
526.414700 1.187935 26.798390
525.928700 1.189286 26.538749
525.442600 1.193654 26.288727
524.956400 1.195394 26.029478
524.470000 1.200232 25.778619
523.983600 1.195579 25.539070
523.497100 1.187630 25.291271
523.010400 1.178768 25.033380
522.523600 1.171690 24.800556
522.036700 1.156995 24.559703
521.549700 1.137351 24.320383
521.062600 1.119902 24.104284
520.575400 1.085369 23.856276
520.088100 1.062884 23.634076
519.600600 1.036960 23.422763
519.113100 1.013683 23.204172
518.625400 0.996647 23.015683
518.137700 0.983166 22.813554
517.649800 0.968607 22.640069
517.161800 0.959444 22.459740
516.673700 0.955655 22.312495
516.185500 0.951093 22.156211
515.697100 0.950489 22.010557
515.208700 0.946067 21.871021
514.720200 0.941996 21.754319
514.231400 0.941941 21.627233
513.742700 0.934475 21.513049
513.253800 0.937927 21.390422
512.764800 0.922757 21.303566
512.275700 0.907335 21.238234
511.786400 0.889003 21.193041
511.297100 0.869868 21.161685
510.807600 0.875291 21.122650
510.318100 0.872963 21.111795
509.828400 0.863209 21.083959
509.338600 0.865875 21.083788
508.848800 0.834504 21.053554
508.358700 0.817402 21.028008
507.868600 0.809598 21.019011
507.378400 0.809016 21.036441
506.888000 0.806785 21.087732
506.397600 0.796544 21.150077
505.907000 0.773005 21.257962
505.416300 0.753817 21.375308
504.925500 0.717327 21.527930
504.434600 0.675706 21.778781
503.943600 0.614874 22.083964
503.452500 0.563273 22.382500
502.961200 0.502327 22.764594
502.469800 0.429402 23.256557
501.978400 0.327222 23.803083
501.486800 0.222353 24.433508
500.995100 0.099136 25.150298
500.503300 0.063269 25.978153
500.011400 0.187646 27.048041
499.519300 0.340168 28.109772
499.027200 0.541673 29.283840
498.534900 0.732418 30.592865
498.042600 0.931140 32.000215
497.550100 1.161998 33.482430
497.057500 1.396078 35.020352
496.564800 1.633179 36.522090
496.072000 1.866833 38.115016
495.579000 2.095512 39.671044
495.086000 2.320750 41.245718
494.592800 2.534051 42.905636
494.099500 2.703465 44.656413
493.606200 2.867330 46.265149
493.112700 3.004391 47.695707
492.619000 3.116752 49.052090
492.125300 3.208191 50.258484
491.631500 3.239572 51.393923
491.137500 3.215588 52.329436
490.643500 3.192576 53.028221
490.149300 3.134552 53.465867
489.655000 3.055189 53.942570
489.160600 2.982874 54.108311
488.666100 2.933498 54.264268
488.171400 2.914019 54.521372
487.676700 2.912844 55.029107
487.181800 2.928990 55.636559
486.686900 2.943108 56.357609
486.191800 2.945971 57.386600
485.696600 2.949512 58.899298
485.201300 2.924577 60.490988
484.705800 2.841846 62.188843
484.210300 2.709826 64.139698
483.714600 2.502324 66.177289
483.218900 2.240200 68.052752
482.723000 1.897726 69.656466
482.227000 1.526778 71.025151
481.730900 1.101829 72.235971
481.234600 0.652843 73.149279
480.738300 0.211599 73.786271
480.241900 0.356177 74.110745
479.745300 0.829978 74.169564
479.248600 1.337558 73.715411
478.751800 1.846817 72.813686
478.254900 2.318460 71.341697
477.757900 2.770417 69.118891
477.260800 3.196635 66.120995
476.763500 3.563658 62.287861
476.266200 3.875044 57.765813
475.768700 4.103984 52.769084
475.271100 4.245248 47.754193
474.773400 4.311037 43.032875
474.275600 4.325893 39.149518
473.777600 4.277838 36.080405
473.279600 4.197053 33.655969
472.781400 4.093013 31.666586
472.283100 3.964073 30.243786
471.784800 3.823672 29.301701
471.286300 3.709512 28.517545
470.787600 3.597607 27.924261
470.288900 3.495676 27.427444
469.790000 3.400009 27.024709
469.291100 3.283007 26.724709
468.792000 3.138219 26.542421
468.292800 2.959436 26.364795
467.793500 2.745664 26.251110
467.294100 2.457135 26.242021
466.794500 2.182137 26.246046
466.294900 1.873046 26.365255
465.795100 1.521970 26.672172
465.295200 1.177493 27.156240
464.795200 0.867635 27.787350
464.295100 0.652167 28.439397
463.794900 0.446220 29.212770
463.294600 0.328247 29.675021
462.794100 0.227645 30.372233
462.293500 0.188343 31.120482
461.792800 0.192595 31.859873
461.292100 0.216174 32.591591
460.791100 0.232502 33.325440
460.290100 0.173179 33.627762
459.788900 0.113447 33.976554
459.287700 0.068017 34.099910
458.786300 0.063647 34.426953
458.284800 0.086095 34.725104
457.783200 0.149216 35.076894
457.281500 0.257793 35.390324
456.779600 0.415511 35.713842
456.277700 0.626194 36.051868
455.775600 0.891700 36.442244
455.273400 1.212170 36.961852
454.771100 1.565856 37.633642
454.268700 1.949525 38.430221
453.766200 2.255666 38.996406
453.263500 2.560666 39.618890
452.760800 2.863484 40.292037
452.257900 3.140678 41.000237
451.754900 3.384015 41.713923
451.251800 3.582943 42.412012
450.748500 3.723924 43.144758
450.245200 3.777021 43.788045
449.741700 3.767935 44.381751
449.238200 3.701850 44.779456
448.734500 3.602434 45.021430
448.230700 3.502120 45.027170
447.726700 3.418277 44.879829
447.222700 3.366381 44.859511
446.718600 3.325840 44.870845
446.214300 3.292472 44.906893
445.709900 3.237098 45.156452
445.205400 3.159344 45.446181
444.700800 3.047268 45.739548
444.196000 2.902424 46.103352
443.691200 2.700387 46.535102
443.186200 2.465805 46.967907
442.681200 2.220339 47.262767
442.175900 1.941358 47.540947
441.670600 1.664645 47.667034
441.165200 1.379124 47.729476
440.659600 1.090232 47.740554
440.154000 0.811976 47.702151
439.648200 0.811976 47.702151
