2.157773  
53.299232 
1.103905  
1.901969  
0.712599  
0.713126  
1.118162  
0.915802  
0.772457  
0.999291  
0.929508  
1.107336  
0.921125  
0.847674  
0.820983  
0.940820  
0.884888  
0.866391  
0.831462  
0.778281  
0.881361  
0.794435  
0.823838  
0.817918  
0.790527  
0.787667  
0.808882  
0.780656  
0.787626  
0.808495  
0.797647  
0.800961  
0.793443  
0.794495  
0.805381  
0.757930  
0.781041  
0.773331  
0.760450  
0.741972  
0.718506  
0.736281  
0.728890  
0.730280  
0.710730  
0.713912  
0.723659  
0.717389  
0.723536  
0.705603  
0.727510  
0.721394  
0.717721  
0.724083  
0.716437  
0.737584  
0.731894  
0.737228  
0.738831  
0.754950  
0.757908  
0.740456  
0.751890  
0.763809  
0.763357  
0.771746  
0.772805  
0.760399  
0.776170  
0.765974  
0.769722  
0.794336  
0.768343  
0.785785  
0.792827  
0.792089  
0.788377  
0.814364  
0.797539  
0.798836  
0.787525  
0.816285  
0.777810  
0.776756  
0.834335  
0.771545  
0.762188  
0.814613  
0.819737  
0.741697  
0.782602  
0.725021  
0.849837  
0.758551  
0.752180  
0.727056  
0.752455  
0.708063  
0.731895  
0.698559  
0.731561  
0.728401  
0.684637  
0.743538  
0.709303  
0.632842  
0.613149  
0.689808  
0.669534  
0.652290  
0.611226  
0.684291  
0.633814  
0.634086  
0.593439  
0.592234  
0.621486  
0.622886  
0.612569  
0.598688  
0.626208  
0.592331  
0.654788  
0.588518  
0.596257  
0.616920  
0.633061  
0.630655  
0.575723  
0.564878  
0.562869  
0.626054  
0.642863  
0.641780  
0.549984  
0.665446  
0.563217  
0.577923  
0.626085  
0.596119  
0.605339  
0.595484  
0.591381  
0.610447  
0.622832  
0.613833  
0.599279  
0.582887  
0.618441  
0.579580  
0.602916  
0.600108  
0.600863  
0.606853  
0.601000  
0.605704  
0.615673  
0.653821  
0.682982  
0.636817  
0.839650  
0.687382  
0.676968  
0.547065  
0.275439  
0.561135  
0.521106  
0.518042  
0.585192  
0.515665  
0.537970  
0.521597  
0.521488  
0.618964  
0.619258  
0.610962  
0.601360  
0.600362  
0.597787  
0.592346  
0.586181  
0.585848  
0.575885  
0.571347  
0.568278  
0.566814  
0.556423  
0.558961  
0.555970  
0.548626  
0.543860  
0.546070  
0.540638  
0.542000  
0.531668  
0.531307  
0.531560  
0.525217  
0.525067  
0.521430  
0.521545  
0.521503  
0.518223  
0.514351  
0.514898  
0.512795  
0.504802  
0.505897  
0.503603  
0.501081  
0.496619  
0.496199  
0.497361  
0.494054  
0.492226  
0.491721  
0.487651  
0.488990  
0.485774  
0.483433  
0.480643  
0.479889  
0.479875  
0.479765  
0.473557  
0.471477  
0.471824  
0.469657  
0.467922  
0.468636  
0.466071  
0.464477  
0.465692  
0.460636  
0.461320  
0.459844  
0.459483  
0.457599  
0.459271  
0.456342  
0.457552  
0.453415  
0.453667  
0.452348  
0.451353  
0.452069  
0.448457  
0.449256  
0.445496  
0.445269  
0.445670  
0.445304  
0.445915  
0.443369  
0.443097  
0.441346  
0.440077  
0.436724  
0.438248  
0.438194  
0.435056  
0.435516  
0.433978  
0.435052  
0.433681  
0.431642  
0.428968  
0.431971  
0.430769  
0.430890  
0.428664  
0.429029  
0.426614  
0.427498  
0.424003  
0.425322  
0.425833  
0.425104  
0.424867  
0.421975  
0.420290  
0.421892  
0.420529  
0.419767  
0.418712  
0.419220  
0.418945  
0.420249  
0.417490  
0.416286  
0.415905  
0.413505  
0.414999  
0.412695  
0.414693  
0.414057  
0.413314  
0.413194  
0.413054  
0.411353  
0.409470  
0.409176  
0.408635  
0.407691  
0.407350  
0.408975  
0.406188  
0.407329  
0.406349  
0.406164  
0.404365  
0.405404  
0.401969  
0.403860  
0.404493  
0.401822  
0.404225  
0.401888  
0.402850  
0.401612  
0.400158  
0.401336  
0.400164  
0.398433  
0.401991  
0.400163  
0.399004  
0.399612  
0.398806  
0.397146  
0.397286  
0.396436  
0.397435  
0.395723  
0.396996  
0.397221  
0.398210  
0.396188  
0.394999  
0.394567  
0.395901  
0.393530  
0.393754  
0.393946  
0.392227  
0.392123  
0.391091  
0.389920  
0.389929  
0.388713  
0.389896  
0.388313  
0.388998  
0.388381  
0.389435  
0.388865  
0.389036  
0.388268  
0.388446  
0.387753  
0.387751  
0.387452  
0.386167  
0.387764  
0.385677  
0.385377  
0.384114  
0.384510  
0.384290  
0.382609  
0.383181  
0.381777  
0.380931  
0.381135  
0.381268  
0.380667  
0.380205  
0.380236  
0.378815  
0.379221  
0.378428  
0.377994  
0.378575  
0.378154  
0.378181  
0.377319  
0.376832  
0.377838  
0.377142  
0.376843  
0.377049  
0.376927  
0.376735  
0.375875  
0.376061  
0.376280  
0.376817  
0.375156  
0.375622  
0.374628  
0.375412  
0.373967  
0.374210  
0.374318  
0.374262  
0.373565  
0.372469  
0.373886  
0.373007  
0.373728  
0.373769  
0.372425  
0.371529  
0.371895  
0.371433  
0.370758  
0.370047  
0.372537  
0.372146  
0.370638  
0.369894  
0.370117  
0.370375  
0.369049  
0.369984  
0.369061  
0.368392  
0.369357  
0.367010  
0.369856  
0.370106  
0.368610  
0.368984  
0.368450  
0.368446  
0.367262  
0.367462  
0.367710  
0.366484  
0.368317  
0.368164  
0.367097  
0.368177  
0.366938  
0.366307  
0.365060  
0.365764  
0.365784  
0.365749  
0.366220  
0.363531  
0.364532  
0.363743  
0.364918  
0.365301  
0.364833  
0.364473  
0.363916  
0.363173  
0.361975  
0.364341  
0.364785  
0.362821  
0.362771  
0.361582  
0.361270  
0.362058  
0.362338  
0.361214  
0.361175  
0.361763  
0.361136  
0.359984  
0.362098  
0.360393  
0.361394  
0.359957  
0.361756  
0.358054  
0.360623  
0.357740  
0.355459  
0.358713  
0.359902  
0.357136  
0.359836  
0.360175  
0.357590  
0.357337  
0.355877  
0.356791  
0.356487  
0.359518  
0.356450  
0.356103  
0.356820  
0.357208  
0.356497  
0.355235  
0.357273  
0.354678  
0.355177  
0.359396  
0.357886  
0.355187  
0.355264  
0.354588  
0.355601  
0.352340  
0.354625  
0.355793  
0.353022  
0.356803  
0.356151  
0.355234  
0.352473  
0.354556  
0.356404  
0.351797  
0.356107  
0.353076  
0.354339  
0.353795  
0.354903  
0.351540  
0.352392  
0.352669  
0.350782  
0.353023  
0.353382  
0.353512  
0.354807  
0.352433  
0.351743  
0.352428  
0.354317  
0.350657  
0.347744  
0.346998  
0.354160  
0.352462  
0.353472  
0.351544  
0.350002  
0.353839  
0.352472  
0.347086  
0.352096  
0.351564  
0.354709  
0.352587  
0.344578  
0.345138  
0.346612  
0.347709  
0.347155  
0.352275  
0.353356  
0.349497  
0.350439  
0.345524  
0.353367  
0.349404  
0.349448  
0.350396  
0.354295  
0.357125  
0.359899  
0.357980  
0.372046  
0.348365  
0.347490  
0.345778  
0.351704  
0.354719  
0.355385  
0.291582  
0.313719  
0.352765  
0.360596  
0.358043  
0.364885  
0.368364  
0.378042  
0.377035  
0.361776  
0.347502  
0.346229  
0.346057  
0.346016  
0.344385  
0.351966  
0.352045  
0.350526  
0.348050  
0.358378  
0.358048  
0.346166  
0.349685  
0.350241  
0.349817  
0.348602  
0.348950  
0.345105  
0.342823  
0.347490  
0.350161  
0.346901  
0.339302  
0.347402  
0.351959  
0.346783  
0.344284  
0.342367  
0.341271  
0.347659  
0.340632  
0.345066  
0.347772  
0.340461  
0.348222  
0.348730  
0.354503  
0.352516  
0.340913  
0.351576  
0.341717  
0.338637  
0.346640  
0.350449  
0.338830  
0.351080  
0.350203  
0.337980  
0.328655  
0.344283  
0.353119  
0.349275  
0.339373  
0.340662  
0.336233  
0.353097  
0.335060  
0.347501  
0.344004  
0.329006  
0.320191  
0.330497  
0.330296  
0.341704  
0.333606  
0.377143  
0.354471  
0.388966  
0.420589  
0.393626  
0.324375  
0.370939  
0.289562  
0.400492  
0.397016  
0.281139  
0.435032  
0.269981  
0.219079  
0.240954  
0.240617  
