Resultados del Stack: Ajuste_muestra2
Fecha: 2026-06-08 17:00:20
ID: 5

información del stack
=====================

Material: air
Modelo de Dispersión: None

Material: T1_porosa
Modelo de Dispersión: bruggeman
Espesor: 1.69 nm
Parámetros del Modelo: {'f_air': 0.035041542960543424, 'linked_to': 'T1_porosa', 'f_optimized': 1.0}

Material: T1_porosa
Modelo de Dispersión: cauchy
Espesor: 10.83 nm
Parámetros del Modelo: {'A': 2.975719374984167, 'B': 18.388771643570294, 'C': 10.78486032740824}

Material: Si
Modelo de Dispersión: None

=====================

wl,best_Ic,best_Is,Ic_exp,Is_exp
829.9594,-0.31537452135361327,0.06999989117278223,-0.2807454991781968,0.05607300894799631
829.5408,-0.3154077037570977,0.07001396589804317,-0.28308836910058655,0.05680302861487205
829.1221,-0.31544088625040484,0.07002796795982613,-0.28234964000345175,0.05691628926182361
828.7034,-0.3154740609780416,0.07004189368123634,-0.2845952762084471,0.057105396698166
828.2845,-0.3155072438539852,0.07005574935251656,-0.2825571723495568,0.05690167459400593
827.8656,-0.31554041910338915,0.07006952799523967,-0.2832153060893489,0.057188531617551906
827.4465,-0.315573602634121,0.07008323582300094,-0.28318031876374106,0.05736152732207653
827.0275,-0.3156067707646665,0.07009686268488209,-0.28284705382838843,0.05765899328915313
826.6082,-0.3156672787693883,0.0700972077059594,-0.2836102325893945,0.05776301448643853
826.1889,-0.3157297006762328,0.07009657076085596,-0.28346817856642353,0.057790763997844975
825.7695,-0.31580284710495593,0.07009070968233504,-0.28251956524132565,0.057592234021244394
825.35,-0.3158847903187516,0.07008056902603813,-0.28064197326748086,0.057428888259978675
824.9305,-0.3159667318876657,0.0700703945860888,-0.28011869356690106,0.057316713741887335
824.5108,-0.31604871315491334,0.07006019191005093,-0.2805934662028768,0.05733222731474679
824.0911,-0.31613069238599806,0.07004995228335054,-0.28049548430603916,0.057643781134245946
823.6713,-0.3162126866357834,0.07003966051270713,-0.280431932107818,0.057952167119172025
823.2513,-0.3162947173837008,0.07002932288635519,-0.2801425842930116,0.05803003769067261
822.8313,-0.31637674636461394,0.07001894751427948,-0.2798992882506631,0.05771985420716402
822.4112,-0.31645879319585407,0.07000853166279841,-0.28016080114223907,0.0579420254399756
821.991,-0.31654085803362114,0.06999807539579096,-0.28086841493849285,0.057822610492352516
821.5707,-0.31662294406879565,0.06998759372312766,-0.27999454721603095,0.05775478226431225
821.1503,-0.3167050482031603,0.06997707073536219,-0.27967537017978916,0.057480329378217634
820.7299,-0.3167871489204134,0.0699664984026338,-0.2805065459481356,0.057589928805119914
820.3093,-0.31686928629921224,0.0699558759624091,-0.28122364556746765,0.057588829860471646
819.8886,-0.3169514445066945,0.0699452129718498,-0.2812594183808215,0.05758081129501157
819.4679,-0.3170336084512284,0.06993451457349412,-0.2813168886492617,0.0576335035920261
819.0471,-0.3171157909516638,0.0699237734589947,-0.28188376668690995,0.057698379024035455
818.6262,-0.31719798389219317,0.06991298389886498,-0.28227272432131983,0.05779852648978784
818.2051,-0.31728021407119883,0.06990214777156911,-0.282506687051739,0.058154743284308225
817.7841,-0.3173624256683725,0.06989128140801758,-0.2831236507961697,0.05847235314726441
817.3629,-0.31744467726893577,0.06988037637694094,-0.2829363000557625,0.058222590839199145
816.9416,-0.3175269474432505,0.0698694249458743,-0.2837984389538613,0.058343211307987294
816.5202,-0.3176092339987418,0.06985841524616124,-0.28429845156401456,0.05839946041898504
816.0988,-0.31769152024522723,0.06984736339601277,-0.2849824472359819,0.05855551554058193
815.6772,-0.31775826829679493,0.06985322902024112,-0.2855127137769258,0.058960560750823135
815.2556,-0.31782023890947625,0.06986422514924423,-0.28529932599452307,0.05867252301488834
814.8338,-0.31787878273615655,0.06987889744942116,-0.28561203283237563,0.058809575351989204
814.412,-0.31793201406782956,0.06989924388402961,-0.2859184804491068,0.058976718467807825
813.9901,-0.3179852428778798,0.06991952092544784,-0.2862263244244866,0.058805889259873956
813.5681,-0.318038478019011,0.06993973408289259,-0.28650433960192495,0.05877962867053771
813.146,-0.3180917105472015,0.06995987694546121,-0.28646529246677443,0.058969632602779806
812.7238,-0.3181449405282818,0.06997994912838489,-0.28644699636932613,0.05889291182518977
812.3015,-0.31819816802874595,0.0699999502450895,-0.2871824281486388,0.05912770629243695
811.8792,-0.31825138051689145,0.07001987519803529,-0.28667911718994143,0.05875813346866913
811.4567,-0.3183046032618105,0.07003973303347824,-0.2867975911147104,0.05884500882967274
811.0341,-0.3183578237296042,0.07005951863214469,-0.2868833423336998,0.05892522011268133
810.6115,-0.3184110294011351,0.07007922694573752,-0.28710227614356176,0.05852121061393375
810.1888,-0.3184642329415673,0.07009886226976586,-0.28700824460207686,0.05864814455080275
809.7659,-0.3185174419046647,0.07011842538104285,-0.28740765385005,0.05886041439743236
809.343,-0.31857063218730275,0.0701379072883873,-0.2875749814423466,0.05904112736984239
808.92,-0.3186238222981809,0.07015731617877527,-0.28784229853249804,0.05923214649505672
808.4969,-0.3186770180312288,0.0701766555265123,-0.28802129072016347,0.05952053265915937
808.0738,-0.3187301994250633,0.07019591533649074,-0.2879226653139966,0.05966784444911202
807.6505,-0.3187833916926534,0.07021510430615659,-0.2880144196049863,0.059718315997109
807.2271,-0.31883658233762735,0.07023421746534214,-0.2881047491817825,0.059611186954181286
806.8036,-0.31888977143549696,0.07025325440344111,-0.28841712872037595,0.05991207914558457
806.3802,-0.3189429339536107,0.07027220577513053,-0.288761706969483,0.06005726355955974
805.9564,-0.31899627274458764,0.07029132883673882,-0.28906197717085125,0.06025130923784019
805.5327,-0.3190508044944139,0.07031241738483669,-0.2893979159351124,0.060273899457652554
805.1089,-0.3191053332848446,0.07033342927388112,-0.2897021110322385,0.06061163758026519
804.685,-0.3191689645174805,0.07036969730098931,-0.2901051428245702,0.06080166637202202
804.261,-0.31923572739202327,0.07041119782021454,-0.29016084369204315,0.06086092242794832
803.8369,-0.31930247170256715,0.07045263013458797,-0.2904597897471541,0.06089716397601568
803.4127,-0.31936919748144416,0.07049399383768531,-0.2908501955392927,0.06098431504868015
802.9884,-0.31943590451053394,0.070535288349203,-0.2910256579772531,0.061121862959877
802.564,-0.31950258414422245,0.07057650731042624,-0.2912897763800127,0.0611614092274979
802.1396,-0.3195692296528474,0.0706176467382472,-0.29120639318120706,0.06123411893994027
801.715,-0.31963587863864706,0.07065872983440168,-0.2912379361685459,0.061246059552778065
801.2903,-0.3197025122824015,0.07069974432801335,-0.2915447573822877,0.06140623108051778
800.8657,-0.3197690982106661,0.07074066537031658,-0.2915271453121526,0.06132813178340485
800.4408,-0.3198357014760181,0.0707815274884246,-0.291332561032465,0.06128188766160938
800.0159,-0.31990227083388495,0.07082230808914912,-0.29152928589019117,0.061317955528954304
799.5909,-0.31996881600967775,0.07086302581431166,-0.29164512108129453,0.06157623280843221
799.1658,-0.3200353427941741,0.07090367116001146,-0.2919299074575171,0.061678940319033725
798.7406,-0.3201018514593389,0.07094424333082824,-0.2921984575899962,0.06185822196104239
798.3153,-0.3201683420450242,0.07098474189627273,-0.2927002529101196,0.06190040414994074
797.8899,-0.32023481459174447,0.07102516642375971,-0.293221669047963,0.06217108829524749
797.4644,-0.320301269140682,0.0710655164785977,-0.29344747721858844,0.06239024603053901
797.0389,-0.3203676901275315,0.07110578217077655,-0.29392180996981526,0.06256080120330611
796.6132,-0.32043410881502193,0.07114598198773375,-0.29423758780151044,0.06267632828757488
796.1875,-0.3205004940418877,0.07118609660214474,-0.2942788960450546,0.06264217526582944
795.7617,-0.32056685633719584,0.07122613146693427,-0.29453094040163563,0.06305593898825687
795.3357,-0.3206332124137109,0.0712660962608165,-0.29468541345672733,0.06328805934537711
794.9097,-0.3206993032930013,0.07130348260777411,-0.294995708004436,0.06358634033028517
794.4836,-0.3207645197099792,0.07133152572604631,-0.295033223054004,0.06388546745463274
794.0574,-0.320829727477738,0.07135949010035458,-0.29520364766433815,0.0638846146144185
793.631,-0.3208946909028181,0.071384827714129,-0.2954493083865155,0.06400795592606476
793.2047,-0.3209595784569959,0.0714096764241357,-0.29568146714767046,0.06419333579334131
792.7782,-0.3210244798529726,0.07143445394823647,-0.2957711570733301,0.06425064720271023
792.3516,-0.3210893795754323,0.07145915374025684,-0.29596285021704943,0.0643085169206013
791.9249,-0.321154273315947,0.0714837722765458,-0.2960133073294839,0.06423292051989896
791.4982,-0.3212191459537774,0.0715083033567028,-0.2963920556910151,0.06452638482337131
791.0714,-0.32128401278060637,0.07153275229685906,-0.2965958631291843,0.06468462444227877
790.6444,-0.3213488890692741,0.07155712432851717,-0.29677613598791147,0.0647944827707187
790.2173,-0.32141375970161123,0.07158141324451649,-0.2967156735723607,0.06475958040669506
789.7902,-0.3214786095798418,0.07160561291860282,-0.29691367538143854,0.06494396249086942
789.363,-0.3215434539794137,0.07162972857545354,-0.2969759423094245,0.0651259688999116
788.9357,-0.3216082916132411,0.07165375877292766,-0.2972648543641217,0.06520563994818085
788.5083,-0.3216731161947767,0.07167769853576754,-0.29727797072322953,0.06530097118624006
788.0807,-0.3217379507219607,0.07170155841104014,-0.2972369265309769,0.06517776475999552
787.6532,-0.3218027571946801,0.07172532643296431,-0.2973667660439627,0.06551635976699957
787.2256,-0.3218675603543444,0.0717490092975961,-0.29724944950157023,0.06543067695050166
786.7977,-0.32193238886587655,0.07177261631580811,-0.2970879568394225,0.06569963311018347
786.3699,-0.3219971822183897,0.07179612493094219,-0.29730144075954923,0.0658121589591167
785.9419,-0.32206198594765006,0.07181955116993874,-0.2973571722078567,0.06586805072576163
785.5139,-0.32212676986405314,0.07184288359240444,-0.2974709042647157,0.06596950017754732
785.0857,-0.32219156433394713,0.07186613260524295,-0.29753830066443276,0.06612611975143498
784.6575,-0.32225913623639724,0.07189943062189802,-0.2976693617223074,0.06645516693717309
784.2291,-0.32232741032341,0.07193518815360808,-0.2976473507968981,0.06640117005052726
783.8007,-0.32239634254136207,0.07197338138623766,-0.29771224244664424,0.06641564651557261
783.3722,-0.32246604874758694,0.07201439782039179,-0.2978037026521261,0.06661613213371936
782.9435,-0.32253575430201753,0.07205533592078024,-0.29802359199786466,0.06685104415943069
782.5148,-0.32260543814331505,0.07209617369310099,-0.29822840951565094,0.06700086790516245
782.0861,-0.3226750869161059,0.07213691352658763,-0.29810944824935426,0.0667719436690157
781.6573,-0.3227447118291953,0.07217757222699721,-0.29810944824935426,0.0667719436690157
781.2282,-0.3228143492149397,0.0722181623451974,-0.29825061144680487,0.06690196793732496
780.7991,-0.3228839504690199,0.072258645389762,-0.2982857452720787,0.06659277556259685
780.3698,-0.3229535479352286,0.07229903867343167,-0.29845497511380675,0.06644464703080716
779.9407,-0.32302307953583653,0.07233931364829752,-0.2984630906314063,0.06640818338112021
779.5113,-0.32309263293435714,0.07237952147703904,-0.29845496612031785,0.06629158008593314
779.0818,-0.323162167955132,0.0724196372200261,-0.2987736006292462,0.06638971362715665
778.6523,-0.32323166328688757,0.07245965891388151,-0.2990839443152982,0.0666778180513143
778.2227,-0.32330113916306263,0.07249958935363789,-0.2993779170342327,0.0668859764266958
777.793,-0.3233705956086005,0.07253941831833528,-0.29943926153666867,0.06691614319507885
777.3632,-0.32344003260735416,0.07257914467386707,-0.2996881111913272,0.06702118153401644
776.9332,-0.3235094681486133,0.07261878804190904,-0.2998904326785166,0.0671818502772538
776.5032,-0.3235788718067272,0.07265834065527078,-0.29999778083189266,0.06731038196012971
776.0731,-0.3236482575889285,0.07269779745953167,-0.3001173209356999,0.06723267808388843
775.6429,-0.3237176309270833,0.07273714984540085,-0.3002069965538255,0.06743987902429421
775.2126,-0.3237869876419145,0.07277640367741386,-0.3003483868195601,0.0674165776391591
774.7822,-0.32385153001387984,0.07280538644885104,-0.3005404573891196,0.06747070952732825
774.3517,-0.3239113851400561,0.07282433320404455,-0.30059169180146084,0.06739404546500147
773.9212,-0.32397103252314713,0.0728427588501941,-0.30071895346281835,0.0674336029389599
773.4905,-0.3240298300111451,0.07285925029962516,-0.30085496199591394,0.06728213189099405
773.0598,-0.32408861592462224,0.07287562905318695,-0.3011111453798363,0.06720148179159853
772.6289,-0.3241474254833222,0.07289190781484531,-0.30136846906888654,0.06711535706371728
772.198,-0.3242062249938083,0.07290807368564091,-0.30172258068780794,0.06720527296806858
771.7669,-0.32426504063131717,0.07292413266466478,-0.30174324805523206,0.06726515546936891
771.3358,-0.324323845249638,0.07294007670985707,-0.30180145767552147,0.06715649990069299
770.9046,-0.3243826506367395,0.0729559075013268,-0.30189983959980565,0.06717286170447845
770.4733,-0.3244414519038541,0.07297162074741774,-0.3020883825399328,0.06724248042116111
770.0419,-0.3245002562302185,0.07298722099705508,-0.3022031799335927,0.06718500163170024
769.6104,-0.32455907190863303,0.07300271363379458,-0.3024534268556129,0.06712985018645501
769.1787,-0.3246179054356325,0.07301809626602666,-0.302635340507153,0.0670760151561372
768.7471,-0.32467671520090857,0.07303335699221761,-0.3025720366940706,0.06690133391072516
768.3152,-0.32473555585759023,0.07304850934336132,-0.30295183847505763,0.06687439980543192
767.8834,-0.32479437062744865,0.07306353687564042,-0.30328721215664317,0.06704836127443652
767.4514,-0.3248531963853752,0.07307844638842148,-0.3034670699591675,0.06731037136005923
767.0193,-0.32491202624671023,0.07309323861878259,-0.3036825490956366,0.06725807424552806
766.5872,-0.32497085535928927,0.07310791592816608,-0.3038975193757824,0.06736132872881172
766.1549,-0.3250297028977781,0.0731224784205894,-0.30406532695137545,0.06737068674939606
765.7224,-0.3250876130360209,0.07313922996828441,-0.30426836759836096,0.06722070862034683
765.2901,-0.32514495236926905,0.07315713448575807,-0.30446078997959286,0.06711833093171429
764.8575,-0.32520118206996335,0.07317768302937849,-0.3047132726036678,0.06705131351138355
764.4249,-0.32525507967048484,0.0732037154417972,-0.3050301152795163,0.0671545240070091
763.9922,-0.32530897252537944,0.07322962189580075,-0.3054121179733518,0.0671156811719754
763.5593,-0.3253628732239593,0.07325540766674574,-0.3056746898387553,0.067156604701145
763.1264,-0.3254167570056815,0.07328106017241293,-0.30592595802146444,0.06709427778647181
762.6934,-0.32547063646654834,0.07330658471231802,-0.306083866586088,0.06730250308068982
762.2603,-0.3255245117509215,0.07333198061081321,-0.30617981390140225,0.06732920245509286
761.8271,-0.3255783803702779,0.07335725104044774,-0.30628280883478026,0.06732383096924248
761.3938,-0.32563224113424205,0.07338239726242025,-0.3063522543178604,0.06731667530096906
760.9604,-0.32568609793882236,0.07340741129392891,-0.30653174867130245,0.06758048344299368
760.5269,-0.32573994900399933,0.0734322790595517,-0.3067393973412925,0.06771609018988649
760.0933,-0.32579379664213437,0.07345701474691951,-0.3070613528458574,0.06764104921533372
759.6597,-0.32584763563433844,0.07348161729542124,-0.307347853577035,0.06772665954835763
759.2259,-0.32590148585107914,0.07350609351970763,-0.3074220212598887,0.06769799588280971
758.7921,-0.32595532068957145,0.0735304299826759,-0.30765983594937024,0.06754208249801229
758.3581,-0.32600916512735545,0.07355463719843353,-0.30786931034767845,0.06751485313934753
757.924,-0.32606300574861524,0.07357871051771078,-0.3078563427526315,0.06757395855917489
757.49,-0.3261168135989891,0.07360264448829835,-0.30806109596147335,0.06756818176157744
757.0556,-0.3261706563029637,0.07362645796803648,-0.30816405927247753,0.06756257951873322
756.6213,-0.3262244778485979,0.07365011438496515,-0.3084370462696125,0.0675547289181226
756.1868,-0.3262783106379826,0.07367363657593548,-0.3086722460566626,0.06771916732400744
755.7523,-0.32634266463213946,0.07369600942494456,-0.3087128663380834,0.0676885482768086
755.3177,-0.3264149629531482,0.07371749849638976,-0.3088915775545009,0.06780119088765332
754.883,-0.3264872596572336,0.07373886475307562,-0.30893811739818827,0.06774358817452147
754.4482,-0.32655955490536953,0.07376010751160725,-0.3089945285296926,0.06779552498433283
754.0132,-0.32663186548114065,0.07378123092622679,-0.30916808066992907,0.06777704807201675
753.5782,-0.3267041669705207,0.07380223120154948,-0.3094031226478159,0.06794177612065239
753.1432,-0.32677645114525367,0.07382310134025165,-0.3095754840900427,0.06792865386598373
752.7079,-0.32684876174975436,0.07384385020647626,-0.30974191168662024,0.06794250740977151
752.2726,-0.326921052172214,0.07386446508021646,-0.3098748122446497,0.06795465392979262
751.8373,-0.3269933255360879,0.07388494759239131,-0.309978932643967,0.06794346601138739
751.4018,-0.3270656152195492,0.0739053064460516,-0.3102463642224907,0.06826885503050027
750.9662,-0.3271379047911247,0.07392553620919182,-0.3104391158988159,0.06831695006345435
750.5306,-0.32721017783631967,0.07394563156904907,-0.31054204487107073,0.06831118940560442
750.0948,-0.32728246771519115,0.07396560103368492,-0.3107276180881074,0.0683918112599212
749.6589,-0.3273547580127761,0.07398543925217599,-0.31095623127483807,0.06843074933523254
749.223,-0.3274270323306202,0.07400514099459353,-0.3110962446769398,0.06841032977966957
748.7869,-0.3274993283654719,0.07402471792815514,-0.3112158675011399,0.06832844920770434
748.3508,-0.32757161334230156,0.07404416050465765,-0.3114134112263505,0.06850856559881131
747.9146,-0.3276438977253581,0.07406346763544579,-0.3116335744174185,0.06843156062405815
747.4782,-0.3277161928530043,0.07408263876620148,-0.3117363769992836,0.0682716555892559
747.0417,-0.3277884895060107,0.07410167424086594,-0.31184642738756096,0.06823301798341314
746.6052,-0.3278641524325261,0.07413673402587634,-0.31198521532421836,0.06821773978397687
746.1686,-0.32794015828363393,0.07417336710601467,-0.31224621366808364,0.06841757953372747
745.7319,-0.3280163997725131,0.07421108829539828,-0.31253339039615047,0.06849765410241881
745.295,-0.32809280005414604,0.07424945200399635,-0.3127451459707346,0.06845825986552566
744.8582,-0.32816915397199264,0.07428766115774617,-0.3130142524710925,0.06877483046345056
744.4211,-0.3282455370898579,0.07432574906148884,-0.31311473774615384,0.06877972295695231
743.9841,-0.32832186850807665,0.07436368197788976,-0.31328220861804046,0.06878785247203978
743.5468,-0.3283982037126345,0.07440149628650762,-0.31339816012745686,0.06887638371378423
743.1096,-0.32847448812638175,0.07443915407717412,-0.3135152866940142,0.0689594888046383
742.6722,-0.3285507809053727,0.07447668565801449,-0.31366969743520084,0.0688729339827549
742.2347,-0.32862706032125566,0.07451407815855682,-0.31363380256448115,0.06888226624012955
741.7971,-0.3287033233564417,0.07455132140478,-0.3137150244122717,0.0689747215097501
741.3594,-0.328779570031266,0.07458841340210542,-0.31375693853887526,0.06893801187770277
740.9215,-0.3288558177947058,0.07462537232919814,-0.3138168757093964,0.06881913709502854
740.4838,-0.3289319928030476,0.07466216983830788,-0.3139736395689831,0.06872142820323408
740.0458,-0.32900818784604424,0.07469883937694594,-0.3140801485309615,0.06854371526552955
739.6077,-0.3290843823191478,0.07473536099580108,-0.3141816743291819,0.06823275461129766
739.1696,-0.329160546602701,0.07477172763339503,-0.31429286183265465,0.0681879749893087
738.7313,-0.3292367043783774,0.0748079568986329,-0.3144482313707736,0.06809527130235338
738.293,-0.329312824610834,0.07484403084941978,-0.31457981340364466,0.06811227024161073
737.8545,-0.32938544732428404,0.07487162038471402,-0.3146743348265431,0.06814423508916148
737.416,-0.32945100740224803,0.07488224692814509,-0.3148980389112755,0.06820418686414131
736.9773,-0.32951659430057983,0.07489271519860177,-0.3149362862917651,0.06818369878866795
736.5386,-0.3295821783725444,0.07490301956633132,-0.3150199105266495,0.06810971548612137
736.0996,-0.32964780472232097,0.07491316615957111,-0.31503654346537935,0.06803273956856937
735.6608,-0.3297133988637164,0.07492314261229943,-0.3151678444410275,0.06789415242853873
735.2218,-0.3297790208528643,0.07493295726176882,-0.3153124511140906,0.06785044541305914
734.7827,-0.3298446560036895,0.07494260694087453,-0.3152675405569393,0.06758750436430638
734.3434,-0.3299103195283288,0.07495209291070652,-0.3153562012708936,0.06764681138322771
733.9041,-0.3299759817994894,0.07496140996893542,-0.3154901469468203,0.06765250546306509
733.4647,-0.3300416580342257,0.07497055940609502,-0.3154755403319645,0.0675629890344623
733.0252,-0.3301073485044479,0.07497954032972957,-0.3155038133731933,0.06743083702571881
732.5856,-0.3301730534844138,0.07498835184286962,-0.3157721913909429,0.06759770085934041
732.1459,-0.3302387732507444,0.0749969930440073,-0.31581039413390916,0.06757705688419678
731.7061,-0.3303045080824434,0.07500546302707184,-0.31571937237913134,0.06752876736853916
731.2662,-0.33037025826091765,0.07501376088140661,-0.315758213788349,0.06734691487349773
730.8261,-0.3304360390168681,0.07502188751834425,-0.3157076873678608,0.06726701175666217
730.3861,-0.3305018057959374,0.07502983653817244,-0.315650596803017,0.06705905803328498
729.9459,-0.33056812482095727,0.0750386873983615,-0.315703520651993,0.06712789124791296
729.5057,-0.33063815860755025,0.07505503351576771,-0.31564708516626366,0.06707558536795465
729.0653,-0.33070821584744053,0.07507121116633209,-0.3158128420728716,0.06724908241016063
728.6248,-0.3307867093256317,0.07510462984236065,-0.31580814643163063,0.06727113014191788
728.1843,-0.3308666396707774,0.07514090616568106,-0.3157534014294886,0.0670521007839585
727.7436,-0.33094656556206786,0.07517702663733113,-0.3157327806663715,0.06699013321479476
727.3028,-0.3310264716331176,0.07521298168081379,-0.3156903348705426,0.06687173540246266
726.8619,-0.3311063668622421,0.0752487664247076,-0.315768606940889,0.06698045688440947
726.421,-0.33118623596369406,0.07528436835333377,-0.3157549780753168,0.0668854285783624
725.9799,-0.3312661102728149,0.07531980959862984,-0.315837123067006,0.06681643775351523
725.5388,-0.3313459474351705,0.0753550817227313,-0.3158577774412939,0.06687840419472445
725.0975,-0.331425790536903,0.07539019075066762,-0.3159360436652344,0.06698716275006794
724.6562,-0.33150561587861516,0.07542511803996893,-0.315997562640958,0.06685614135243347
724.2147,-0.33158545107327486,0.07545987974683944,-0.315962056932126,0.06670460701126389
723.7732,-0.331665248614762,0.0754944608268593,-0.3159367156368374,0.06666469842248796
723.3315,-0.3317450453114641,0.07552887590000397,-0.3159346062575192,0.06651451786409654
722.8898,-0.33182481467240416,0.07556310495330151,-0.3160397165090852,0.06649632507892504
722.4479,-0.3319045965744902,0.07559715778892169,-0.31605595519172913,0.06641910002392924
722.006,-0.3319843498779253,0.0756310250824187,-0.31605247706254314,0.06643564858399187
721.564,-0.3320640859382147,0.07566472285236879,-0.3162348400108324,0.06653161637170618
721.1218,-0.33214382986289787,0.07569824850057327,-0.31624528687125975,0.06648194149860023
720.6796,-0.3322179988246755,0.075716607231966,-0.31627645325687254,0.06649425741877532
720.2373,-0.332290068568889,0.07572908302551949,-0.3163283312053645,0.06656858189961498
719.7949,-0.33236126592465515,0.0757389740575253,-0.3162948447485981,0.06656729984343107
719.3524,-0.33243145620500375,0.07574590153169075,-0.31641832803416076,0.06662212438628541
718.9097,-0.33250168002858077,0.07575263461727295,-0.31639065507227015,0.06659323071968787
718.467,-0.33257190086805666,0.07575916494777461,-0.3163985469243679,0.06671600466023114
718.0242,-0.3326421418575409,0.07576549876520583,-0.3166431080857887,0.06683684225079767
717.5813,-0.332712411556792,0.07577164186150089,-0.31668672216770094,0.06694997798117194
717.1383,-0.33278270257134124,0.07577758673974691,-0.31674901007976564,0.06697469698598274
716.6952,-0.3328530147803395,0.07578333194127293,-0.31682605301482203,0.06708920039829788
716.252,-0.332923348540895,0.07578887639730104,-0.3168777815290892,0.0671637207527814
715.8087,-0.3329937004706327,0.07579421589913232,-0.31703285614847804,0.06738741383934721
715.3653,-0.33306406975108643,0.07579934836469947,-0.3171097419668249,0.06750210192356612
714.9218,-0.3331344632098095,0.07580427811798121,-0.3171285797450339,0.06741354554734116
714.4782,-0.333204886821709,0.07580900878421717,-0.3172360646612156,0.06738431276616579
714.0345,-0.33327533381729557,0.07581353327795576,-0.3174039403673228,0.06754735487174678
713.5907,-0.3333457965900521,0.07581784377103325,-0.3175559677904717,0.06762605675476775
713.1469,-0.33341626695742277,0.0758219444043558,-0.3175669958265588,0.06773270338075625
712.7028,-0.3334964846118131,0.07584165063726288,-0.31754214916433937,0.06784909321180023
712.2588,-0.3335814563732198,0.07586896411231703,-0.31772163431445044,0.06795702832516706
711.8146,-0.33367046932490996,0.07590266274123297,-0.31795709506742165,0.06796096588594956
711.3703,-0.33376508520813963,0.07594534980778134,-0.3181175028247252,0.06815783278443117
710.9259,-0.3338596790931447,0.07598784942985869,-0.3183112424131732,0.06835624441132732
710.4814,-0.3339542464535659,0.07603016673832635,-0.31842240210680733,0.06846732763373088
710.0369,-0.3340487722470521,0.07607228340889251,-0.31860881381569384,0.06854231795976785
709.5922,-0.3341432979367446,0.07611420201527985,-0.31880238317655046,0.0685839605387041
709.1474,-0.33423780373493966,0.07615592585525155,-0.31896248262508825,0.06862422734575357
708.7026,-0.3343322697463473,0.07619745703213136,-0.3191368380433591,0.06875499028289152
708.2576,-0.3344267382158968,0.07623880748572455,-0.31928729407335094,0.06883988776393579
707.8125,-0.33452118769353095,0.07627996121218285,-0.3194425326592745,0.06890253098129466
707.3674,-0.3346155972442164,0.07632090790902732,-0.31964779010227556,0.06904606447080681
706.9221,-0.33471000932038697,0.07636166192634466,-0.31987917031013274,0.0692246104684954
706.4767,-0.3348044020895238,0.07640220206296917,-0.320052024745182,0.06936143268779392
706.0313,-0.33489875580823153,0.07644253190030807,-0.32020782088113176,0.0695766041317063
705.5857,-0.33499311439690105,0.07648268390222353,-0.3204607651439038,0.06965499432858152
705.1401,-0.33508743459964124,0.07652262455968513,-0.320748329165325,0.06972922420573587
704.6943,-0.3351785017982476,0.07655963368075822,-0.3209045529291229,0.06978664906030216
704.2484,-0.3352680640172939,0.07659517872866531,-0.321078338734407,0.06991835004605332
703.8025,-0.3353554906255027,0.07662873852162568,-0.3212545069263112,0.07003893660494347
703.3564,-0.3354402822480713,0.0766598679051215,-0.3214395403484609,0.07027323706212396
702.9103,-0.33552505004827,0.07669077069499662,-0.32173451079871285,0.0704671761174013
702.4641,-0.33560981337634743,0.07672145266997833,-0.32196002854020855,0.07066969428584512
702.0177,-0.33569459156488546,0.07675191939807424,-0.3221705263692137,0.07078662762619593
701.5712,-0.33577936596181474,0.07678216273884203,-0.3223772571476106,0.0709205277379947
701.1247,-0.33586411793891063,0.07681217475144186,-0.32266562753880945,0.07098987116528845
700.678,-0.3359488858130805,0.07684196762744562,-0.3228327041396229,0.07099709421467755
700.2313,-0.33603363198887115,0.07687152676973781,-0.32302203044678257,0.07105646230027994
699.7844,-0.33611839477061506,0.07690086414767627,-0.32320637164191274,0.07113841152372179
699.3375,-0.3362031365891994,0.07692996536045768,-0.3234834501985455,0.07125859302199374
698.8904,-0.33628789573716494,0.07695884215299537,-0.32365152361338945,0.071414084110398
698.4433,-0.33637263467119166,0.07698748032273488,-0.32390255270407975,0.07149911654791286
697.9961,-0.33645737272643456,0.0770158850631149,-0.3241556798733778,0.07172707638099622
697.5488,-0.3365421102818964,0.07704405507536743,-0.3243535768597242,0.07174711326161863
697.1013,-0.3366268666581599,0.07707199527020842,-0.3244992666491915,0.07185063155962046
696.6537,-0.33671660341833076,0.07709651386203097,-0.3246871020082205,0.07191600118292711
696.2061,-0.336807780227109,0.07711986437740388,-0.32496755725673676,0.07201977129562666
695.7584,-0.33690243661541625,0.07714076693276509,-0.32516288394373827,0.07205115215628616
695.3105,-0.33700008686639665,0.07715955645299241,-0.3253626265056992,0.07221457068835249
694.8626,-0.33709772608650374,0.0771781184514526,-0.3255440394138502,0.07230849277140666
694.4146,-0.33719537976705444,0.07719645877473916,-0.32574489557329445,0.07246646483068125
693.9664,-0.337293063602454,0.07721457436905632,-0.32599298313556496,0.07256345511079516
693.5182,-0.3373907272306282,0.07723244944022951,-0.32637835062707216,0.07264923486102837
693.0699,-0.3374884007194145,0.07725009371123638,-0.32666565701273814,0.07256958726052626
692.6215,-0.3375860845012247,0.07726750586659403,-0.3270112486316076,0.0726822966982947
692.1729,-0.33768380079380683,0.07728468838742622,-0.32724105950865867,0.07270940105357976
691.7243,-0.3377815116656828,0.07730163693022554,-0.3274552476936842,0.07265504363388144
691.2756,-0.3378792374002838,0.07731835229056755,-0.3277225740413535,0.0728163883409434
690.8267,-0.3379769937046039,0.07733483093208052,-0.3279332547128503,0.07292926892059579
690.3778,-0.33807473556166356,0.07735106242808583,-0.3282055126625161,0.07306797091960139
689.9288,-0.3381724903924199,0.07736705376449986,-0.3284275705054741,0.07312943996043587
689.4797,-0.3382702586582877,0.07738280357528896,-0.3287048228712047,0.07324536913284238
689.0304,-0.3383680625921933,0.0773983139116256,-0.3288806635141944,0.07336288152214517
688.5811,-0.3384668321956459,0.07741445540628492,-0.32913726500626944,0.07342012120495398
688.1317,-0.33856568590837743,0.07743041623969764,-0.32931430599505707,0.07353202024917248
687.6821,-0.33866475390313744,0.07744629629023302,-0.3294977254923336,0.07361523962173222
687.2325,-0.3387638878493153,0.07746199275900072,-0.3297644310415548,0.073777559772465
686.7828,-0.33886303632435083,0.07747744092367037,-0.3299516332639357,0.07384363050985245
686.3329,-0.33896222185985536,0.07749264272069117,-0.33020550247666136,0.07391255055152064
685.883,-0.3390614008544028,0.07750758997004965,-0.3304324541031034,0.07395123887668402
685.433,-0.33916059585017994,0.07752228464923554,-0.3307335605077884,0.07410955490867925
684.9828,-0.33925982938859445,0.07753672850050393,-0.3310245453244682,0.07416262269475402
684.5327,-0.33935903584959304,0.0775509105397405,-0.3311756848492466,0.07423897672372134
684.0823,-0.3394583039064422,0.07756484191697413,-0.33138438526394637,0.07435865676496405
683.6319,-0.3395575679516553,0.07757851180516083,-0.3316635906554134,0.0744638688013365
683.1813,-0.33965687258229943,0.07759192480489978,-0.33184926423659733,0.0745359752147294
682.7307,-0.3397561742452861,0.07760507348569733,-0.3320924482312308,0.07465148378314793
682.28,-0.3398554955075608,0.07761795936860758,-0.3322806683008481,0.0747120715514238
681.8292,-0.3399551293699416,0.07763248468811812,-0.33253681798297385,0.0747696658540858
681.3782,-0.3400552811914541,0.0776498695260445,-0.33276223348889283,0.07481424830087302
680.9272,-0.34015591216967495,0.07767022673133757,-0.332821036598643,0.07485187904618028
680.4761,-0.34025907180378046,0.07770716629373368,-0.33304903953153486,0.07488483696284143
680.0248,-0.3403622446507545,0.07774384491987713,-0.3331718479228621,0.07493688605711998
679.5735,-0.34046540041810314,0.07778024356275441,-0.3333867333932309,0.07502801059272007
679.1221,-0.3405685483362087,0.07781637002522249,-0.33352391658837877,0.07501607320824512
678.6705,-0.3406717047826365,0.0778522250867027,-0.3337159333197841,0.07505926153886815
678.2189,-0.34077482837463285,0.07788779484124582,-0.33388641810110103,0.0750486306925073
677.7672,-0.34087794507802466,0.07792309641279614,-0.3340267471666261,0.07517204439898778
677.3154,-0.34098105533961687,0.07795812769833661,-0.3341840997248772,0.07521971240013843
676.8634,-0.3410841818671645,0.07799288156499018,-0.3343839380814551,0.0752279031606039
676.4114,-0.34118727924698855,0.07802733439715262,-0.3344426688370348,0.07526564673035696
675.9592,-0.34129039486746116,0.07806151223205858,-0.3346267213037516,0.07534388502149904
675.507,-0.3413934904063888,0.07809540470225568,-0.3348067968177443,0.07543968992520679
675.0547,-0.34149658164360247,0.07812901070500752,-0.3349574908604552,0.07551664639758261
674.6022,-0.3415996779520422,0.07816233699231027,-0.3350122229381592,0.07557199684921766
674.1497,-0.3417027462979667,0.07819536625037755,-0.33513354069706597,0.07563009842637551
673.6971,-0.3418134620474822,0.07823564461711702,-0.3352014554937102,0.07562698013666498
673.2443,-0.3419279671194412,0.07827937767152159,-0.33536793809874266,0.0756337858510796
672.7915,-0.3420437385996922,0.07832412143007528,-0.3354786621475574,0.07573875011319205
672.3386,-0.34216102423766065,0.07837010998305549,-0.33553467172153445,0.07578832390274423
671.8855,-0.3422783123487865,0.07841582699396007,-0.33564269192717255,0.07590508236911779
671.4324,-0.3423955516418566,0.07846125063046563,-0.3356973481668149,0.07596055469561597
670.9791,-0.34251279435218,0.07850639928027091,-0.3358771924314728,0.0760567120856026
670.5258,-0.3426299892416988,0.07855125135197509,-0.3359824478950297,0.07618535299078699
670.0723,-0.3427471885136761,0.07859582495338795,-0.33606102165149365,0.07628334442008772
669.6188,-0.34286433408893563,0.0786400921422968,-0.3361275949053755,0.0762861185298261
669.1651,-0.3429814837360568,0.07868407607666526,-0.33622079398275595,0.07631961154715466
668.7114,-0.34309859284289396,0.07872776190524693,-0.3363472718877627,0.07635449395393862
668.2575,-0.3432157113104214,0.07877116503498321,-0.33634993695748405,0.07634275317277413
667.8035,-0.3433328141732664,0.07881426735789945,-0.3364590702113751,0.07645397622309688
667.3495,-0.3434498772144764,0.07885705655443598,-0.3365735070695155,0.07654175859324054
666.8953,-0.3435671681359154,0.07889981579556338,-0.3366693420526162,0.0765635528758778
666.4411,-0.34368514890739127,0.07894313538109846,-0.3367518015500451,0.07664412176295078
665.9868,-0.34380312969293386,0.07898617399865274,-0.3368462872188973,0.07667181017932392
665.5323,-0.3439217393437315,0.07902964593158995,-0.3369619937176298,0.07675382101806277
665.0777,-0.3440403302631941,0.07907281213483813,-0.3370417178364036,0.07684623664367844
664.623,-0.3441589093788521,0.07911566345570424,-0.33713349566667655,0.07688573232950281
664.1683,-0.34427744613162536,0.07915819462557562,-0.3372467350172641,0.07683106293582115
663.7134,-0.3443959919109514,0.07920042405585728,-0.3373065776796495,0.07686327440318265
663.2584,-0.3445145212131292,0.07924234053324161,-0.33738357693464216,0.07696754441963558
662.8034,-0.34463300524757584,0.07928393694196843,-0.33747264392274684,0.07701884667934639
662.3482,-0.3447514956237333,0.07932523091485044,-0.3375963167569993,0.07706566901494248
661.8929,-0.3448699730768425,0.07936620430598502,-0.33769074645094077,0.07709342616726973
661.4376,-0.3449884162850243,0.07940684168473441,-0.3377797866779867,0.07714476745947013
660.9821,-0.3451068716729447,0.07944716614035242,-0.337806321863066,0.07717564162603771
660.5265,-0.3452253067016072,0.07948717495460357,-0.33793535208929093,0.07719891412034072
660.0708,-0.3453437294067071,0.07952685773753014,-0.3380284145273842,0.07723258885129802
659.6151,-0.34546330953851145,0.0795575841173109,-0.33814799260021616,0.0772971702110375
659.1592,-0.34558313686333647,0.07958640539436328,-0.33829676684759946,0.07738088339851223
658.7032,-0.34570390240849713,0.07960827286349761,-0.3384054906860208,0.07749277173378448
658.2471,-0.3458251842419279,0.07962625991544496,-0.33845577629325707,0.07756645860111809
657.7909,-0.3459464835787102,0.07964392013534928,-0.33850875478266673,0.0776283488658825
657.3346,-0.34606780114943575,0.07966125159924474,-0.33866963329430677,0.0776590205212593
656.8782,-0.3461891376917278,0.07967825237231098,-0.3388467665210582,0.0776187180211649
656.4218,-0.3463104673669365,0.07969491689448498,-0.3389302746248205,0.07769388160796281
655.9651,-0.34643187006372084,0.0797112534389772,-0.33904701947989396,0.07777047242695284
655.5084,-0.3465532600004886,0.07972724239402844,-0.33912233471510844,0.07788120710654634
655.0516,-0.34667467194526336,0.07974289279845748,-0.3391902022123617,0.07787809681046934
654.5947,-0.3467961137729701,0.07975820979351415,-0.33928588428003975,0.07790006542065046
654.1377,-0.34691758005421675,0.07977318516470021,-0.3394052919783022,0.07796489843847378
653.6806,-0.3470390706726598,0.07978781599202166,-0.3395023241379185,0.07798094965225992
653.2234,-0.3471605864244876,0.07980210025152026,-0.33959935323811286,0.0779969966476358
652.7661,-0.34728271962012697,0.07982413800889586,-0.33977240610134407,0.07797431519713464
652.3087,-0.3474054273810654,0.07985356302976136,-0.33988905997440444,0.07805104451773415
651.8511,-0.3475284093899115,0.0798860791605638,-0.3399833512831316,0.07807894403741736
651.3936,-0.3476518361547871,0.07992535158490961,-0.34016782851116056,0.0781525617058783
650.9358,-0.34777530919159655,0.0799642820904746,-0.3403631996785392,0.07817868583082797
650.478,-0.3478987540180554,0.08000284875188693,-0.3405626539097168,0.07818695457050204
650.0201,-0.3480221914973849,0.0800410510320393,-0.34079943242827465,0.07817870127722906
649.562,-0.3481456492493135,0.08007887895260335,-0.34093375407375975,0.07817819727874954
649.1039,-0.3482690742113874,0.08011632916110856,-0.3410653424555956,0.07818957438233248
648.6457,-0.34839249413481316,0.0801534215055131,-0.3411377388441779,0.07831271577757933
648.1873,-0.348515936663008,0.08019015259885273,-0.3413512394544685,0.07840563061012167
647.7289,-0.34863934868299973,0.08022649048627302,-0.34146911418732884,0.07847662603355961
647.2703,-0.3487627848437507,0.08026245188723533,-0.34158559904186114,0.07855361170368226
646.8117,-0.3488861921171851,0.08029803265269701,-0.3417034347047374,0.07862466606148523
646.353,-0.34900959820240046,0.08033324143443678,-0.3418904556833713,0.07868654822325219
645.8941,-0.349135521232843,0.08037071582070208,-0.34195553863593514,0.07869524279145469
645.4351,-0.34926973392066435,0.08041662023962487,-0.34204285488378716,0.07875305368950393
644.9761,-0.34940403773745043,0.08046228975913428,-0.3422463349589493,0.0787432958001712
644.5169,-0.34954090730874315,0.0805103286296886,-0.34233088518206045,0.07881307920574818
644.0577,-0.3496777229846963,0.08055798076937996,-0.3424694692844875,0.07893940090345242
643.5983,-0.34981454518641847,0.08060525000250982,-0.3425553521930239,0.07900327280023751
643.1389,-0.3499513150756394,0.08065212605556804,-0.3427450206970944,0.07905331613651417
642.6793,-0.3500880928868344,0.08069864087639868,-0.3428281134153669,0.07912919944115547
642.2196,-0.3502248496491127,0.0807447752823122,-0.3428834979256165,0.07917980341457119
641.7598,-0.35036158625273384,0.0807905131260865,-0.34307450623850455,0.0792239116926205
641.2999,-0.35049830351117445,0.0808358528425075,-0.3432073656333639,0.07937448217104595
640.84,-0.35063497241036845,0.08088079622388622,-0.34338862633390355,0.07946060083361182
640.3799,-0.3507716531383506,0.0809253655696745,-0.34350482283477635,0.0795380210372061
639.9197,-0.3509083847473808,0.08096962126769353,-0.3436818572847855,0.0796422154639401
639.4594,-0.3510454207426713,0.08101387284120654,-0.34379521946069863,0.07973171348057626
638.999,-0.3511824482271257,0.08105773262126185,-0.34387395461245457,0.07982587157596803
638.5385,-0.35132298698690295,0.08110562740703259,-0.3439942342877629,0.07988543040132627
638.0779,-0.35146350285245354,0.08115312017571881,-0.3440134912378518,0.07994685627336463
637.6172,-0.3516039835754382,0.08120020872416572,-0.3440963516750368,0.0800230843139277
637.1564,-0.3517444404394952,0.08124689043065099,-0.34419316760682034,0.08003926765877928
636.6954,-0.3518849178419509,0.08129317264802154,-0.34430920441536234,0.08011692700337496
636.2344,-0.352025350638124,0.08133903293359625,-0.34444581803786545,0.08025011746837074
635.7733,-0.35216575709805054,0.08138447908235531,-0.3445229908648308,0.0803505147427697
635.3121,-0.3523061378513464,0.08142950859112695,-0.3445379489652654,0.08043009185765367
634.8508,-0.3524465068923094,0.08147411878975708,-0.3446454513609279,0.0805439946563353
634.3893,-0.3525869010977113,0.08151831664552074,-0.34478329082722825,0.0806714076386721
633.9278,-0.3527272474264764,0.08156208062553708,-0.34503334167902006,0.08074896898165923
633.4662,-0.3528675664220714,0.08160541789667027,-0.3453271519558275,0.08092581011855166
633.0044,-0.3530079026826646,0.08164833500325931,-0.34545142774866827,0.08096765443284142
632.5425,-0.35312735317219734,0.08170031699373578,-0.3455149756467398,0.08098254892693721
632.0806,-0.3532465620365922,0.0817519071502364,-0.34563499541442694,0.08104249938290801
631.6186,-0.3533541432536394,0.08180826133426067,-0.34553543725929176,0.08103824266426181
631.1564,-0.3534592768261231,0.08186523530480964,-0.34563782412075006,0.08103043439617623
630.6942,-0.35356437221208514,0.08192170327789887,-0.3455516430909446,0.0811120367482974
630.2318,-0.3536694759933685,0.08197768136395717,-0.34555365803613985,0.08124615167059628
629.7693,-0.3537745667933669,0.08203314033666194,-0.3453545428314747,0.08123750158718285
629.3068,-0.35387962292968006,0.08208806540262037,-0.34552669679273024,0.08136073713372859
628.8441,-0.35398469047005476,0.08214249140660232,-0.3453868554300908,0.08138507232227987
628.3813,-0.3540897475552687,0.08219640890646068,-0.345698797444941,0.08148405140876723
627.9184,-0.35419479562583894,0.0822498008439306,-0.34588365935402243,0.08155311411722257
627.4554,-0.35429983607632964,0.08230265336404931,-0.34625147778610393,0.08155691401627271
626.9923,-0.35440508317242486,0.08235494335141548,-0.34628649061706385,0.08169275458045172
626.5291,-0.3545229574880304,0.0824047077722288,-0.3461045258197223,0.08161156694616592
626.0658,-0.35464082426224863,0.08245395921214645,-0.3460859998339292,0.08169009347070731
625.6024,-0.3548027731224927,0.08249578120848217,-0.34617982929882557,0.08171861959695355
625.1389,-0.35497199872766516,0.0825360246626075,-0.34637092881498244,0.08147658533361757
624.6753,-0.3551412038424786,0.08257583760646867,-0.34651358843371555,0.08143993932817548
624.2115,-0.35531042599844415,0.08261522578943052,-0.3463395281214226,0.08118218618360094
623.7477,-0.35547959328623246,0.08265416951455269,-0.3463085571393446,0.08102828508516047
623.2838,-0.35564874327154344,0.08269267459427458,-0.34680273975870823,0.08092049690884143
622.8198,-0.3558178770393466,0.08273073828443203,-0.3470102711516448,0.08089229001688754
622.3557,-0.35598699568600095,0.08276835782437823,-0.3468467612065668,0.08144797893493913
621.8914,-0.35615613674327634,0.08280553839556708,-0.34669809835301507,0.0819367903441322
621.4271,-0.35632522847233,0.08284226118786599,-0.3465055035008842,0.08246617776515312
620.9626,-0.35649434484217263,0.08287853920793009,-0.3460654248373771,0.08304463004468733
620.498,-0.3566634505726872,0.08291436166780479,-0.3453925303552849,0.083469917598859
620.0334,-0.35683251043621783,0.08294971816146626,-0.345224887436442,0.08402271730949265
619.5687,-0.3569730998246842,0.08300032489388111,-0.3452678466280941,0.08467174719467811
619.1038,-0.3571114988626491,0.08305163636223607,-0.3449938688311522,0.08510263003045496
618.6388,-0.35724723543451276,0.08310387870550844,-0.3445851999687988,0.0855315588798686
618.1737,-0.35738219637882956,0.08315600285509829,-0.3444729442333375,0.08598254644504016
617.7086,-0.35751711984059636,0.08320756924123081,-0.3440405560019099,0.08636594847454102
617.2433,-0.3576520629778539,0.08325859891258668,-0.3437358215588407,0.0867742929338499
616.7779,-0.35778699100360284,0.08330908446124866,-0.34353007342407677,0.08718808445579487
616.3124,-0.35792190477541946,0.08335902299336465,-0.34328195813055057,0.0875014739138165
615.8468,-0.3580568098487166,0.08340840695011176,-0.3428545129457438,0.087723978280999
615.381,-0.3581917364529368,0.08345724346089667,-0.3427154630778096,0.08813465720313234
614.9153,-0.35832660182268716,0.08350549801480893,-0.3423161101406466,0.0883760027183674
614.4492,-0.3584615619875605,0.08355321917017906,-0.3419766946131213,0.08864498632561578
613.9833,-0.3585972340678725,0.0836004550964785,-0.3417281869372141,0.08882248261338781
613.5172,-0.3587545116769988,0.08365019807301553,-0.3415319107958929,0.08905788526933334
613.051,-0.3589117696339304,0.08369940595312159,-0.34141113180553595,0.08926189559810684
612.5847,-0.3590739971177638,0.08374880596743672,-0.34126956239643663,0.08941581119952423
612.1182,-0.35923685024444646,0.08379777394618407,-0.34119579630634544,0.08956832745004495
611.6516,-0.35939968250923393,0.08384620678528856,-0.34107627672575297,0.0897660627568405
611.185,-0.3595624603385059,0.0838940909993023,-0.3410101990631512,0.08988869441233666
610.7183,-0.3597252205591222,0.0839414236550595,-0.34094093490750255,0.09002318958859816
610.2514,-0.359887999178746,0.08398821485811618,-0.3409126364641007,0.09013029489801135
609.7844,-0.360050761801175,0.0840344653854949,-0.34085272745264467,0.09022903240841756
609.3173,-0.3602135096913655,0.08408017314776398,-0.34092539355352997,0.09033741527372903
608.8502,-0.3603762099471601,0.08412531617287723,-0.34104695331224394,0.09038873706884559
608.3829,-0.3605389336260971,0.0841699103865292,-0.3411274462781673,0.09033998185875644
607.9156,-0.36070222837811383,0.08421033997101464,-0.341258464482858,0.09035555795009705
607.448,-0.3608683992922077,0.08423391945679451,-0.3414920741728493,0.09036638911489576
606.9804,-0.3610345963648543,0.0842567317985543,-0.34174144173037857,0.09031750765390134
606.5127,-0.36120165119021236,0.0842742342597415,-0.3420065991156812,0.09033649839692771
606.0449,-0.36136874300269534,0.08429117946414333,-0.34228435444910216,0.09030761878137415
605.577,-0.3615358734153037,0.08430756396413551,-0.3425478526715763,0.09020450254802291
605.1089,-0.36170307977834537,0.08432338761098758,-0.3429234156468074,0.09018820731921048
604.6408,-0.3618702922978069,0.0843386401543198,-0.34326424077925505,0.09017536347763383
604.1726,-0.36203754835632135,0.08435332152542473,-0.34375488704843665,0.09010545966068172
603.7042,-0.3622048853601859,0.08436743114381501,-0.3442454759241173,0.09003502980261563
603.2358,-0.3623722335563019,0.0843809594323216,-0.3447422867006392,0.08994000662934007
602.7673,-0.3625396303832144,0.08439390589184945,-0.34522470931585963,0.0897698990327678
602.2986,-0.3627071133079735,0.08440626950268601,-0.34564701189492536,0.08957063059569963
601.8298,-0.36287001191909257,0.08443287489761175,-0.34608513182557155,0.0894392604778827
601.361,-0.36302475200997963,0.08448487015724412,-0.34657031532015103,0.08925498101158601
600.892,-0.36317918566100077,0.08453728544214843,-0.3471184923993148,0.08908613526093548
600.4229,-0.36333250419494095,0.08459255754560173,-0.3476680861250084,0.08891034130516845
599.9537,-0.3634858101451172,0.08464717752975164,-0.34828531543614244,0.08873149938668468
599.4844,-0.36363911189201314,0.0847011351455403,-0.34894013081382613,0.088535230073993
599.015,-0.3637924034785333,0.08475443354102126,-0.3496340311391372,0.08831519584335047
598.5455,-0.36394568655495857,0.08480706873068644,-0.350289986535889,0.08811026278605803
598.0759,-0.3640989627898836,0.0848590367044646,-0.35093960361251225,0.08792857762849707
597.6062,-0.3642522267870218,0.08491033999340866,-0.3515743170903032,0.08767035760158685
597.1364,-0.3644054859624888,0.08496096921923539,-0.352273430692662,0.08742031957525757
596.6664,-0.36455788953029905,0.08501217150422635,-0.3530563245179875,0.08723529254661469
596.1964,-0.36470989628277145,0.08506318427186038,-0.3537446002945248,0.08688800751205869
595.7263,-0.36485528921512805,0.08512273658865917,-0.3545211216350067,0.08658683266241164
595.256,-0.36499595080395075,0.08518820892294428,-0.3551649546720649,0.08627785272474152
594.7857,-0.3651365607778812,0.08525294236433135,-0.35576028480736394,0.08589003093033125
594.3152,-0.36527717992057274,0.08531696076356132,-0.35639589230769275,0.08560913655378
593.8447,-0.3654177576390269,0.0853802257284513,-0.35709584767260766,0.08533572369535207
593.3741,-0.36555832850197034,0.08544274391490968,-0.3577639126909121,0.08505324557171724
592.9032,-0.3656989483461003,0.08550454217926519,-0.3585762391935618,0.08486295802090459
592.4323,-0.36583952940070796,0.08556557644513331,-0.35935378381133026,0.08467616304723469
591.9613,-0.3659801033806684,0.08562585542540337,-0.36030370136040835,0.08446203051190329
591.4902,-0.36612067215574495,0.0856853746007726,-0.36121877115404216,0.08425099383483965
591.019,-0.36626123761699386,0.08574412942383751,-0.3622840066878213,0.08410618982483736
590.5477,-0.3664248344647344,0.08579403892836396,-0.3630076029834484,0.0838536235754692
590.0763,-0.3665893984134062,0.08584288724315474,-0.3640722110893789,0.08370473266419452
589.6048,-0.36678414816285215,0.08588049665932619,-0.3646345285607807,0.08342538726411601
589.1331,-0.36698476809692787,0.08591542991631633,-0.36532279247620103,0.08317365530531011
588.6614,-0.36718534653136087,0.08594970482282475,-0.36568042158827696,0.08306041835034067
588.1896,-0.3673859279725649,0.0859833247009682,-0.3662964822935033,0.08283067024748825
587.7176,-0.3675865569145996,0.08601629228561493,-0.36711995251564233,0.08285525467190259
587.2455,-0.3677871928536732,0.08604859617328395,-0.3678888256408069,0.08282636772133202
586.7734,-0.36798779533765863,0.0860802255027036,-0.3684495370271477,0.08283775132916588
586.3011,-0.36818845140704937,0.08611118941453391,-0.36879855856848665,0.0832002766669988
585.8287,-0.3683891206466927,0.08614147685167747,-0.3690172810757183,0.08340530636160802
585.3563,-0.3685897626885082,0.08617107730888056,-0.36957668295051216,0.08400646291174423
584.8837,-0.36880108962147967,0.08619335275910907,-0.3700690518410342,0.0846075906010884
584.4109,-0.3690450527260514,0.08619464696393508,-0.3698219488040371,0.0852509600413156
583.9382,-0.3692903637680561,0.08619448222348891,-0.36974445747893886,0.08601502009212492
583.4652,-0.3695452187340171,0.08618789714399061,-0.3699884221772171,0.08624877485707302
582.9922,-0.36980006664141485,0.08618075722757809,-0.37017661220940024,0.08657879250123138
582.5191,-0.370054963601381,0.08617305721805388,-0.3703482212504332,0.08683711397962372
582.0458,-0.37030996574340747,0.08616479136318646,-0.3707025797435207,0.08702259352534245
581.5725,-0.370564959801686,0.0861559659466042,-0.37123614635614255,0.08729142428318001
581.0991,-0.3708200088958945,0.08614656922593635,-0.371329760480169,0.08745707316731748
580.6255,-0.3710751716158111,0.08613658126551767,-0.371234010298194,0.08744136039907176
580.1519,-0.371330341436919,0.08612601182928643,-0.3713842454353569,0.087647802088771
579.678,-0.37156292485941433,0.08614187426925057,-0.37164540704639704,0.08780531054015712
579.2042,-0.371784698760432,0.0861697962303687,-0.3716538015157195,0.0879100300632955
578.7303,-0.3719778532587343,0.08623086362875551,-0.3719431380693921,0.08808815365444124
578.2561,-0.3721493556957307,0.08631677574859238,-0.37212684128150386,0.08815223815970762
577.7819,-0.3723207695208784,0.0864018110692656,-0.37214129339523255,0.08823112036361158
577.3076,-0.37249213377794266,0.08648598200795782,-0.3721716891595309,0.08838241523136399
576.8332,-0.37266344062738566,0.0865692867257423,-0.3725111143060868,0.08862787437953458
576.3586,-0.3728347238571626,0.08665173669823194,-0.3725738545092862,0.08864280153374328
575.884,-0.3730059271419076,0.08673329336000632,-0.37290340206489136,0.08878997843092533
575.4093,-0.37317709662710685,0.08681396972135756,-0.37320925650296877,0.08889721955517445
574.9344,-0.37334825793455734,0.08689377683729634,-0.3734948454923857,0.08908924948562927
574.4595,-0.3735193350173216,0.08697268097006597,-0.3737440849588666,0.08915559448745423
573.9844,-0.37368955006781945,0.08705077477351598,-0.3738601297084395,0.08922465606123459
573.5092,-0.3738344127139534,0.08713003257785414,-0.3740639452061541,0.08934230613914004
573.0339,-0.37397925869376686,0.08720832275583314,-0.3742614622854451,0.08948615333750813
572.5586,-0.3741240600537161,0.08728562331273228,-0.37446672931981867,0.08959741899812368
572.0831,-0.37426888026106664,0.08736196090347192,-0.3746735139273927,0.08970220672626499
571.6075,-0.37441368421652166,0.08743731923986774,-0.37493976268399953,0.08983514364987652
571.1318,-0.3745584801842641,0.08751168763050704,-0.3752466752875568,0.08993638110298374
570.6559,-0.3747033090583876,0.0875850688977898,-0.37558326912487006,0.09005171274424299
570.1801,-0.3748480783236405,0.0876574143271631,-0.3758650455092792,0.09011927285171542
569.704,-0.37499290996147805,0.08772878068162879,-0.3760450060727244,0.09019712444329503
569.2278,-0.3751377458384729,0.0877991312306483,-0.37643298710228706,0.09037356442033845
568.7516,-0.3753307595952205,0.087854890302002,-0.3767067340184173,0.0904740546104678
568.2753,-0.37556796956149113,0.08789736668211813,-0.37698200984887015,0.0905680047699923
567.7989,-0.3758218728647818,0.087934378729625,-0.3772164601907873,0.09069396981822167
567.3222,-0.376098742495366,0.08796428876186095,-0.3774274957725528,0.09077955044796776
566.8455,-0.37637552262599755,0.08799349516737048,-0.37772438171945744,0.090920700098042
566.3687,-0.376652273135326,0.08802200510901168,-0.3780227731339649,0.0910553473292575
565.8918,-0.3769289989147522,0.08804979890365616,-0.3782776525463125,0.09109578533155047
565.4149,-0.37720564606005746,0.08807685708074557,-0.37859502460267375,0.09115124146857466
564.9377,-0.3774823891067583,0.08810320616485955,-0.3788122272583411,0.0912105303786765
564.4605,-0.3777590549647555,0.08812883634802117,-0.3790373686940142,0.0912367445492974
563.9832,-0.37803253544871857,0.08815569183257022,-0.379187249379322,0.09130082832604206
563.5057,-0.37821909597402964,0.08823536126930662,-0.3794276577845326,0.09140075213131078
563.0282,-0.3784055805960656,0.08831400648794782,-0.3796351825842405,0.09149981707590087
562.5505,-0.37853548700287176,0.08842634829238075,-0.3799443669419589,0.09158836991968733
562.0728,-0.37866176257599743,0.08853966856281524,-0.38023186592089386,0.09162958642831576
561.5948,-0.37878804642115654,0.08865184357801824,-0.3804785054571415,0.09170307507765164
561.1169,-0.37891422962870297,0.08876277724022179,-0.38071870251430046,0.09180315330824822
560.6388,-0.37904038168880877,0.08887253175996998,-0.3809556448307186,0.09191657360507571
560.1606,-0.3791664868321703,0.08898107770789629,-0.38120858965362314,0.09196352263602205
559.6823,-0.3792925558160467,0.08908841451865805,-0.38141584000943796,0.09206283225497115
559.2039,-0.3794185896432516,0.08919453184503676,-0.3816278740921005,0.09214220652477895
558.7253,-0.379609486959944,0.08925897749773723,-0.3818447043537649,0.09220161213006332
558.2467,-0.3798484980094874,0.08929239259501533,-0.3821599406500497,0.09226361267542728
557.7679,-0.380142393647246,0.08929088778145074,-0.38246385262232685,0.0923723075487401
557.2891,-0.38049453404663636,0.08925259340834206,-0.3827822240969273,0.09242091875668725
556.8102,-0.3808467368920109,0.08921373902886591,-0.38308279765496656,0.09254302302593372
556.3311,-0.38119907896301036,0.08917431164197905,-0.38336020576989505,0.09262420059658283
555.8519,-0.38155148998681065,0.08913431455932493,-0.3836553619347757,0.09263173366943707
555.3726,-0.38190397326867287,0.08909374300911974,-0.3839229885574043,0.09275308348842518
554.8932,-0.38225653214709854,0.0890525921914788,-0.38416748692010205,0.09283344185157373
554.4137,-0.38260916999415845,0.0890108572782843,-0.38440870442344727,0.09292723728348481
553.9341,-0.38293988751012725,0.08898597130198413,-0.38469077684029024,0.09298831921851981
553.4543,-0.3831325219657942,0.08906968002084237,-0.38499747074693613,0.0930837904988124
552.9745,-0.38331656632410754,0.08915894595346475,-0.38524018398587073,0.09317094063518064
552.4946,-0.3833487312940031,0.08936656679176738,-0.38546472771384044,0.09319676279842788
552.0145,-0.38338075497901836,0.08957263716340759,-0.3856859995934587,0.09323601153853901
551.5345,-0.3834126288845945,0.08977701277276749,-0.38599415785062013,0.0933247671820415
551.0541,-0.3834443806864713,0.08997990276176061,-0.3862218953463774,0.09333702076960387
550.5737,-0.38347597860335364,0.09018113367427423,-0.3864398389524528,0.09338969050980238
550.0933,-0.3835074326033836,0.09038069160920664,-0.3867151243079919,0.09347764903838703
549.6126,-0.383538766311821,0.0905786901172548,-0.38695107326704703,0.09359187051347435
549.132,-0.383569956725739,0.09077495458689015,-0.38716892760139293,0.09364456294944243
548.6511,-0.38370331347963876,0.09090974777287818,-0.38740806081209067,0.0937453458210978
548.1702,-0.38387525551378887,0.0910205008632286,-0.387643870862245,0.09385970387026711
547.6891,-0.38410793014266575,0.09109458123153118,-0.38786163631822623,0.09391243113554312
547.208,-0.3843737719595019,0.09114819593320465,-0.3881203214368302,0.09393204065143324
546.7267,-0.38463962697200194,0.09120077780531158,-0.3883495222763039,0.0939372879548247
546.2454,-0.3849053893206888,0.09125229939464832,-0.3886081668852821,0.0939567761894576
545.7639,-0.38517117863133576,0.09130278387377304,-0.3888635089013696,0.09398977791380023
545.2823,-0.38543694365872205,0.09135221365213374,-0.38907624504521116,0.0940627594461182
544.8007,-0.38570263023210716,0.09140056699414818,-0.38929059430205776,0.09412896350813159
544.3188,-0.38596840781296154,0.09144786662873475,-0.389539289159369,0.09418909696496601
543.8369,-0.38621460926115975,0.09151105160477176,-0.3897912433206515,0.09423561685297252
543.3549,-0.38642263305240865,0.0916062002102114,-0.3899793687572636,0.09427389369479479
542.8728,-0.38662679360593655,0.09170334908752553,-0.39010367977033716,0.09430394472869674
542.3905,-0.3868203194245041,0.09180838207511598,-0.3902672892049739,0.09430744904895147
541.9082,-0.3870137380124808,0.09191203654966504,-0.3904732719551229,0.09440771694302282
541.4257,-0.38720713156692255,0.09201435691010663,-0.3907234721123493,0.09446099173437147
540.9431,-0.3874004671776847,0.092115298227357,-0.39090491762497126,0.09452652215118076
540.4604,-0.3875937516127421,0.09221483978572712,-0.39107837899819675,0.09448899932784836
539.9777,-0.3877875646577635,0.0923125253370578,-0.3912875562915581,0.0945756793178688
539.4948,-0.3879941502465744,0.09239973311001748,-0.39146564285171476,0.09465488185436378
539.0118,-0.38820070253213323,0.0924855729132448,-0.39171572428038715,0.09470811416829622
538.5286,-0.38852512398022687,0.09248659900393129,-0.3918660157673235,0.09476616903757952
538.0454,-0.38885247099962206,0.09248457722441923,-0.3920278723518135,0.09477634248504999
537.5621,-0.3891798662997703,0.09248159509106609,-0.3922124915185299,0.0948282213924612
537.0786,-0.3895073822296107,0.0924776447904196,-0.3923511430253692,0.0949342284739252
536.595,-0.38983496030649073,0.0924727278685511,-0.39249639162733874,0.09501288276165482
536.1114,-0.3901625337726964,0.09246683224651356,-0.3926826065357378,0.09505796041239915
535.6276,-0.39049023777246616,0.09245993957924233,-0.3928965152674403,0.0951242604683193
535.1437,-0.390818012359887,0.09245204904683596,-0.393081030193285,0.09517619615369141
534.6597,-0.3911501656957524,0.09246279751829853,-0.39325887704718465,0.09525558901459509
534.1756,-0.39148414187920805,0.0924808255543741,-0.39351810268231946,0.0954056371585887
533.6913,-0.39182394215092153,0.092524549024094,-0.3936548573853715,0.09551881465022508
533.207,-0.3921668404577802,0.09258241575409416,-0.39392896306509106,0.09560716607721528
532.7226,-0.3925096178044762,0.09263922590299999,-0.3941770260468345,0.09566737134495854
532.238,-0.39285234811364755,0.09269498428450619,-0.39438068705719737,0.09577511169996238
531.7534,-0.3931948887516686,0.09274967097192274,-0.39468063881078475,0.095891724297037
531.2686,-0.3935373857618232,0.09280330062715464,-0.3949336144490079,0.09593128827938588
530.7837,-0.3938797766390268,0.09285583947213538,-0.3951698084269466,0.09603979015864329
530.2987,-0.3942220665612508,0.0929072781265238,-0.39539174149882905,0.09607180229172935
529.8136,-0.39447663398400706,0.09300629341335336,-0.39566387187192853,0.09616717804181033
529.3284,-0.3945906617431422,0.09318167430046279,-0.3959133748823013,0.09622050225966523
528.843,-0.3946964018343316,0.09335972730168152,-0.39616116864490786,0.09628072462598944
528.3576,-0.39478486080693415,0.09354526402167153,-0.39646077485220316,0.09639750982872133
527.872,-0.39487322811204123,0.09372884707685152,-0.39671924299622113,0.09654836043440379
527.3864,-0.39496147228415507,0.0939103886720384,-0.3969601679698242,0.09663634853598879
526.9006,-0.3950496328134291,0.09408995253019038,-0.39726801929721406,0.09671863672388796
526.4147,-0.3951376912241072,0.09426749222003863,-0.3976135231689339,0.09678070018404848
525.9287,-0.3952346327656242,0.0944387902536314,-0.39791958227211083,0.09686990923650027
525.4426,-0.3953836862489491,0.09458370739000413,-0.3982289714159743,0.09694522721435317
524.9564,-0.395540893049558,0.09472291624254739,-0.3985556918702266,0.09708371316499478
524.47,-0.3957816127817938,0.09482157145572015,-0.39888232264996015,0.09722227791985481
523.9836,-0.39602221379863567,0.09491860576624443,-0.3992914132323156,0.09742535590181145
523.4971,-0.3962627427455511,0.09501403492002841,-0.3996470361147938,0.09757864260915675
523.0104,-0.39650326353492366,0.09510786202409957,-0.4000300393153407,0.09775353998434626
522.5236,-0.3967437374270797,0.09520006639261228,-0.4003784488092264,0.09780165402126169
522.0367,-0.3969841654224055,0.09529062837757053,-0.4007578264851845,0.09799068583642052
521.5497,-0.3972245571475965,0.09537952296077643,-0.40115418596311536,0.09810986152153574
521.0626,-0.3974649151473225,0.09546675276807579,-0.40152814714405183,0.09818646661725611
520.5754,-0.3976940294247663,0.0955791923309039,-0.401987787442893,0.09831373456737914
520.0881,-0.39792140497177153,0.09569384587060278,-0.4024609801556161,0.09851880041794418
519.6006,-0.3981475734808922,0.09580956188991366,-0.40286553611326487,0.09860292684593039
519.1131,-0.39837335342559,0.09592408891544721,-0.4032579555728412,0.09873627283912723
518.6254,-0.39859909780800107,0.0960368549978906,-0.40383529027111453,0.09891498596405617
518.1377,-0.3988247224807864,0.09614779424834792,-0.4042257320238335,0.09905549153896935
517.6498,-0.39905033028483955,0.09625692609576005,-0.4046434227342519,0.09921774028052
517.1618,-0.39927587947690635,0.09636422281900145,-0.4049585270013859,0.09926503254081466
516.6737,-0.3995400155301613,0.09645756424066738,-0.4053916283497334,0.09936369553438541
516.1855,-0.39982323821981736,0.0965432162433604,-0.40588623910238697,0.09947741771768825
515.6971,-0.4001303400934932,0.09661982485673876,-0.4063581203780877,0.0996832939363753
515.2087,-0.4004519212466316,0.0966903320206209,-0.4067223560051892,0.09979522194199755
514.7202,-0.40077341036319414,0.09675929712001548,-0.40719802101998887,0.09985165682182845
514.2314,-0.40109494625273506,0.0968267384950455,-0.4077333974660761,0.09993013211505683
513.7427,-0.4014162769642137,0.09689259981034519,-0.4081368710465308,0.10001391592336178
513.2538,-0.40173760623351124,0.09695691098189438,-0.40865281009546806,0.1001705897944536
512.7648,-0.40202184983490685,0.09704397572743369,-0.4090710898804024,0.10032610216825869
512.2757,-0.40226606197569137,0.0971554757691701,-0.4095217337320772,0.10048208981987419
511.7864,-0.40243177027174515,0.09731633584761751,-0.41006091528720084,0.10067509019307072
511.2971,-0.40249603436419334,0.09754091791418554,-0.4105094878743834,0.10083839822559841
510.8076,-0.40256017071507316,0.09776294906090668,-0.4109430601003011,0.10092969175930878
510.3181,-0.40262416170542825,0.097982321295119,-0.4114439602757333,0.101144090787481
509.8284,-0.40268803142610554,0.09819911322836898,-0.4117238126220013,0.10119764584069206
509.3386,-0.40275177087947683,0.09841326500431431,-0.4120378586005878,0.10124433227997298
508.8488,-0.4028284827370636,0.09861932052169621,-0.4124911604432279,0.10138625235473989
508.3587,-0.40293447055711995,0.09881078786431122,-0.41297855471866196,0.10152133574583092
507.8686,-0.4031427635940735,0.09895783289767317,-0.41338443676440423,0.10159050939560063
507.3784,-0.40363049473101403,0.09898907770314218,-0.41377782220130344,0.101710159210691
506.888,-0.40411804547766156,0.09901926509468525,-0.41406668935338176,0.1018578033934513
506.3976,-0.4046052211011271,0.09904838171917842,-0.4144313940890813,0.10209327734525772
505.907,-0.40509222979661963,0.09907641664242013,-0.4147021892994113,0.10231354290549846
505.4163,-0.4055789762719993,0.09910334840203443,-0.41521589864593544,0.1024710355688547
504.9255,-0.4060654717335185,0.09912917701146234,-0.4157258591443562,0.10264307599606516
504.4346,-0.40655172620966346,0.09915389983402371,-0.41615825718855975,0.10286543449566458
503.9436,-0.40700304669907383,0.09919369419100271,-0.4164752206850666,0.1030286278195124
503.4525,-0.40718681288055514,0.09935644009186981,-0.4167254693912284,0.10319859821839505
502.9612,-0.40737050421213594,0.09951677490866401,-0.4171267838933369,0.10341388853291789
502.4698,-0.4075540877725745,0.09967464166144983,-0.417540572190509,0.10357835988659997
501.9784,-0.4077375383009447,0.0998300032226582,-0.4179361100470421,0.10381586924796543
501.4868,-0.40792093435510873,0.09998292087537959,-0.4182884600025187,0.1039654033887969
500.9951,-0.4081042518038892,0.10013333263044533,-0.4186407029507223,0.10411501969448501
500.5033,-0.4082875041245762,0.10028120810655568,-0.41907539421580736,0.10432409841915707
500.0114,-0.40847069519340545,0.10042654618057244,-0.4194323898176092,0.104584015664394
499.5193,-0.4088061059477322,0.1005262890849939,-0.41983249989647586,0.10480053487297722
499.0272,-0.40914488893810425,0.10062302650131862,-0.4201713774552569,0.10500198971781656
498.5349,-0.40949991947124426,0.10071325506858758,-0.42051194064934266,0.10519627143037329
498.0426,-0.40985566225609715,0.1008012868942562,-0.42088654705887896,0.10538365559761084
497.5501,-0.4102113142629778,0.10088741342232008,-0.42128413443819873,0.10560823441754459
497.0575,-0.41056681202033396,0.10097160354787965,-0.42176005856791415,0.10590750273058577
496.5648,-0.4109221644515051,0.10105384415660496,-0.42225048692763756,0.10614817652814407
496.072,-0.41127738059019525,0.10113412204640723,-0.42267045312308016,0.10641062788046005
495.579,-0.4115722955912605,0.10128095757240951,-0.42303484386372475,0.10663584859134942
495.086,-0.4118566072460611,0.10143714048086235,-0.4234356851979534,0.10697271930472195
494.5928,-0.41213425347985866,0.10159829483130643,-0.4237884113091797,0.10724282396373931
494.0995,-0.4124102850033243,0.10175856025037318,-0.4242073809235353,0.10750642011388171
493.6062,-0.41268601869264626,0.1019163509013004,-0.4246032094023103,0.10773293042251544
493.1127,-0.41296157876844336,0.10207170629963151,-0.4249988430246486,0.1079596444215188
492.619,-0.41323697965586026,0.10222459488083145,-0.425439961776874,0.10826142634964571
492.1253,-0.4135121165518951,0.1023749467660213,-0.42587887464460733,0.10857099592911983
491.6315,-0.413829755462578,0.10252357423501447,-0.4262605220221082,0.10885054220788956
491.1375,-0.4141616893433708,0.10267015703398634,-0.4265811866188602,0.10911485350625882
490.6435,-0.41449325995371616,0.10281438541536979,-0.42700776276074737,0.10947015067725802
490.1493,-0.4148246094998403,0.10295629813548637,-0.4274607687622247,0.10972146204146145
489.655,-0.4151556704997276,0.10309584398879515,-0.42786592175511473,0.11003243333151763
489.1606,-0.41548645811704293,0.1032330095183203,-0.4283010800936921,0.11035157582117452
488.6661,-0.4158140490991581,0.10337053870667855,-0.4287055981793092,0.11066327865384215
488.1714,-0.41614003948621187,0.10350699231479141,-0.4292135331948127,0.11107410005725597
487.6767,-0.4164400313425528,0.10366481795066082,-0.42961344321300765,0.11140162814565568
487.1818,-0.41672618871197903,0.10383268519561219,-0.43014773332211353,0.1117084473831908
486.6869,-0.4170120187836647,0.10399782809820995,-0.43060942851919815,0.11204498060317424
486.1918,-0.41729764769669536,0.10416029614015469,-0.43110687500293554,0.1123672454969915
485.6966,-0.4175830205663033,0.10432003497928663,-0.4314410114782062,0.11269561973200508
485.2013,-0.41786815125185794,0.10447702828420408,-0.43198832528653386,0.11307218031100012
484.7058,-0.41812445293768896,0.10465420702428646,-0.43240445166313435,0.11345531704697304
484.2103,-0.4183608497029423,0.10484405565517911,-0.43280584079371404,0.11377058169939115
483.7146,-0.4185321213258135,0.10508244272396747,-0.4333498342771911,0.11415619348808363
483.2189,-0.4186552197413146,0.10535527860458821,-0.4338549874282523,0.1144431336790246
482.723,-0.4187780406035881,0.10562454819026679,-0.43437996343743884,0.11477624750494692
482.227,-0.41890056940002796,0.1058901751417553,-0.43478600179298815,0.11507027470468892
481.7309,-0.4190228117085213,0.1061521506445117,-0.43519166321009817,0.11548653818766887
481.2346,-0.41914480390085473,0.10641050214727867,-0.43559300050634153,0.11579651211729078
480.7383,-0.41938755315426,0.10661865491397204,-0.4360200794662605,0.11613006282723412
480.2419,-0.4197384500780136,0.10678222314510213,-0.43653707053947277,0.1164880925103651
479.7453,-0.4201674669033999,0.10691336605600857,-0.4370057120453956,0.11678474053055346
479.2486,-0.4206704865615569,0.10701411997040813,-0.4374159552060294,0.11705797988287316
478.7518,-0.4211729706780581,0.10711290679170916,-0.4378218449853291,0.1173467706570872
478.2549,-0.4216749305912222,0.10720971156400087,-0.4382616062448936,0.11762862450702112
477.7579,-0.4221763745023472,0.1073045094623849,-0.43861304870451623,0.11787889234787195
477.2608,-0.4226773140067911,0.10739728507285716,-0.43902432862223606,0.11814554072570355
476.7635,-0.4228089314687883,0.10762582175441462,-0.4394239411910763,0.11833533216672704
476.2662,-0.4225335091146592,0.10800178571523572,-0.43992063992808905,0.11864204099020562
475.7687,-0.42221782133631863,0.10838736614594595,-0.4404232266929953,0.11892602254518515
475.2711,-0.4218558570622471,0.10878452081357244,-0.44079727358118037,0.11920863908268728
474.7734,-0.4214937758330013,0.1091760284741114,-0.441153605338564,0.11943721829396411
474.2756,-0.42113159020132257,0.1095618465631836,-0.4416957674463301,0.1196915724692749
473.7776,-0.42084043660156073,0.10992680588461061,-0.4419750452466748,0.1199660029714605
473.2796,-0.4206374715866702,0.11026740656130922,-0.44225200676457854,0.1202483894837062
472.7814,-0.42071410941528287,0.110543894795734,-0.4425565649368067,0.12054689831566803
472.2831,-0.4211479766043841,0.11074160667666408,-0.44279219120516833,0.12074391526749727
471.7848,-0.42158098160843005,0.11093644185916296,-0.44312799051479784,0.12092688881936114
471.2863,-0.42201331097345807,0.11112845814445399,-0.44357904258592973,0.121158124860386
470.7876,-0.4224449805966369,0.1113176444239442,-0.44384839768553946,0.12134824729250035
470.2889,-0.422875831268838,0.11150390693455904,-0.44422638094601485,0.12149325272947072
469.79,-0.42321058322303795,0.11171749120965122,-0.44463851884056715,0.12174777638592511
469.2911,-0.42341344605575404,0.111968837678815,-0.44491801269728887,0.12178256904075946
468.792,-0.4235529785888442,0.11223580467117812,-0.4454258166904006,0.12203856497432519
468.2928,-0.4236040823529669,0.11252569991678549,-0.44594615050980185,0.12224806940681907
467.7935,-0.4236549386231515,0.11281078677221217,-0.44632346819868446,0.12239338125375196
467.2941,-0.4237055624170671,0.11309103246182063,-0.44678803198767064,0.12257108398952982
466.7945,-0.42377570240900697,0.11336370068264462,-0.44734617454218684,0.12275778565198545
466.2949,-0.4238738054187837,0.11362759646813213,-0.4478444748555481,0.12292814639556854
465.7951,-0.42414834068556084,0.11386271579417996,-0.4482872879090156,0.12306652080949326
465.2952,-0.42467630717307275,0.11405984000045565,-0.44873026353807455,0.1230870702064776
464.7952,-0.42520317596116225,0.1142542342456791,-0.44936479068451735,0.12310934055148852
464.2951,-0.4257289595200455,0.11444587771798943,-0.44976274634311153,0.12317617161695806
463.7949,-0.42625367970576217,0.1146347543100518,-0.45007774592691996,0.1231948867045466
463.2946,-0.4267773514620466,0.11482084407569983,-0.45033960664632333,0.12317363118136117
462.7941,-0.4272871593931469,0.11500822131454562,-0.4507416929065266,0.12322442076624462
462.2935,-0.42777747986816106,0.11519844709646652,-0.45117346787394086,0.12328322115750745
461.7928,-0.42825818601942794,0.1153883094035254,-0.4515158874429151,0.12331750747877776
461.2921,-0.42872561495767164,0.11557877569064007,-0.45194966234598954,0.12336817091663721
460.7911,-0.4291923541865615,0.11576612342188625,-0.4523471456757221,0.12343425641062677
460.2901,-0.42965814077182485,0.11595021903753575,-0.45289754396749654,0.12352499643267159
459.7889,-0.43011991723783993,0.11613765082458365,-0.4533948099717081,0.12357560778656135
459.2877,-0.4305762630833158,0.1163307183076398,-0.45389843841140615,0.12360224490145418
458.7863,-0.43101856399738886,0.1165468320910156,-0.4543738985220654,0.12373171866048331
458.2848,-0.43144201525284454,0.11679485485885385,-0.4548854047448266,0.12384542466509146
457.7832,-0.4318644564511982,0.11703917899916517,-0.45529960652645785,0.12384723909532903
457.2815,-0.43228590397529143,0.11727978182815436,-0.4557434305672891,0.12385691576482591
456.7796,-0.432706465775961,0.11751667237558028,-0.456339919370402,0.12389073869344987
456.2777,-0.43312599289997966,0.11774972987848677,-0.45699344121221713,0.12394827500499456
455.7756,-0.43353945714648073,0.11800321444898651,-0.45741377206993555,0.12392515927990234
455.2734,-0.43394540286507843,0.11828267025924383,-0.4581754394158683,0.123934112492879
454.7711,-0.43434887985247495,0.11856423255272851,-0.4588031275175312,0.1239664129274547
454.2687,-0.4347496043973722,0.11884903660450756,-0.4594834312084891,0.12403837003302172
453.7662,-0.43514920273765517,0.11912970455703362,-0.460148353821024,0.12416617036380288
453.2635,-0.43554777267238887,0.11940626424353629,-0.4608679277780536,0.12432582304757273
452.7608,-0.435855585013447,0.11971572300088287,-0.46155542847003816,0.1244853610319548
452.2579,-0.4360638283891887,0.12006114589530223,-0.4622722386807074,0.12465272589273262
451.7549,-0.43617953336905063,0.12043878742334194,-0.4630161398923279,0.1248359831424832
451.2518,-0.4361980397616369,0.12084985186984482,-0.463759701849831,0.1250190935540515
450.7485,-0.4362159159818566,0.12125460132655805,-0.46453028556253284,0.12521812870380364
450.2452,-0.4362331747711383,0.12165283373113085,-0.46529830472422357,0.12542515486598188
