# lams, desv_psi, desv_delta
999.025300 0.083261 1.097819
998.641500 0.081525 1.097819
998.257800 0.081819 1.097819
997.873900 0.081990 1.097819
997.490000 0.081505 1.097819
997.106000 0.085454 1.097819
996.721900 0.107531 1.097819
996.337700 0.165506 1.097819
995.953500 0.269263 1.097819
995.569200 0.422190 1.097819
995.184800 0.655472 1.097819
994.800300 50.927266 1.097819
994.415800 50.189991 1.097819
994.031100 31.393223 102.261297
993.646400 16.672341 77.607673
993.261700 21.161324 55.026832
992.876800 16.085196 33.496743
992.491900 5.479344 92.074226
992.106900 5.152286 54.955621
991.721800 3.674297 47.400515
991.336700 3.186579 12.320828
990.951400 0.750216 3.961702
990.566100 0.559172 2.595922
990.180700 0.487826 7.827800
989.795300 0.386959 13.499657
989.409700 1.008799 5.488427
989.024100 1.821787 10.174758
988.638400 0.379561 10.879466
988.252600 0.131184 10.090931
987.866800 0.449144 9.152983
987.480900 0.851338 9.239187
987.094900 0.556617 9.937001
986.708800 0.065818 8.093342
986.322600 0.279573 1.983076
985.936400 0.271266 5.459427
985.550100 0.341557 6.420135
985.163800 0.304394 4.772213
984.777300 0.340971 5.160861
984.390700 0.447858 4.783009
984.004100 0.510543 5.309027
983.617400 0.809899 7.168701
983.230700 0.593675 5.864942
982.843800 1.939125 28.852269
982.456900 2.445286 58.857041
982.069900 1.384712 31.707717
981.682800 1.184389 23.557771
981.295700 1.963482 23.236135
980.908400 0.164974 1.799679
980.521100 5.241056 58.115778
980.133700 3.912978 40.408325
979.746300 4.000068 49.196814
979.358700 4.105729 17.783159
978.971100 3.190478 4.936098
978.583400 3.991550 7.937871
978.195600 3.557876 10.586483
977.807700 6.476858 10.648672
977.419900 7.003967 8.213611
977.031900 0.449247 3.314826
976.643700 6.225795 67.183462
976.255600 2.114834 2.392904
975.867400 0.276323 11.933464
975.479000 0.284937 2.439501
975.090600 0.379758 23.654650
974.702100 0.323265 11.166183
974.313600 0.765050 8.512939
973.925000 0.522598 6.813638
973.536300 1.181413 3.487966
973.147500 2.539947 3.268910
972.758600 5.724745 2.584562
972.369700 5.014554 5.218387
971.980700 6.002145 11.406351
971.591600 7.137496 11.833466
971.202400 6.952600 8.948239
970.813100 9.974871 7.696062
970.423800 8.882871 5.231358
970.034400 8.217682 8.478503
969.644900 6.013630 1.687738
969.255300 3.842848 7.274560
968.865700 3.145910 7.147023
968.476000 3.108820 7.781360
968.086100 2.417000 8.248142
967.696200 1.797839 8.116552
967.306300 2.615471 8.347178
966.916300 10.107901 7.789704
966.526100 11.081929 14.144957
966.135900 27.409932 0.267668
965.745700 5.001891 101.376215
965.355300 11.507336 5.947079
964.964900 3.866107 9.737977
964.574300 1.174619 11.155332
964.183800 1.205500 9.807942
963.793100 2.038482 9.075325
963.402300 40.121172 101.342329
963.011500 6.504007 3.193476
962.620700 21.485053 20.687826
962.229700 31.737791 7.932365
961.838600 5.710642 10.590992
961.447400 2.140456 2.851092
961.056200 1.602043 3.195184
960.664900 0.517840 2.876074
960.273600 0.851078 0.859386
959.882100 1.088233 3.599817
959.490500 0.989703 6.712428
959.098900 2.135993 4.177814
958.707300 0.156176 6.370724
958.315500 1.524444 5.966016
957.923600 1.248635 5.815339
957.531700 1.168090 5.626869
957.139600 0.855933 6.064089
956.747600 0.630405 5.553090
956.355400 0.411167 9.098607
955.963200 0.408075 5.829616
955.570900 0.119503 4.711530
955.178400 0.101155 9.671714
954.785900 0.513469 13.731035
954.393400 2.113070 18.319633
954.000700 2.493985 21.866028
953.608000 1.431294 11.700283
953.215200 3.851982 10.130501
952.822300 5.070087 16.463081
952.429300 2.929480 18.189073
952.036300 1.844572 13.768109
951.643200 1.489328 8.684208
951.249900 1.158661 10.377936
950.856700 12.869569 13.929906
950.463300 0.530065 9.376732
950.069900 1.200418 7.855713
949.676300 1.305357 6.133930
949.282700 1.110171 3.948755
948.889000 1.625447 12.194689
948.495300 0.953541 2.610649
948.101400 25.678816 75.263462
947.707500 2.761460 27.872524
947.313500 6.883246 36.113140
946.919400 20.303620 50.258459
946.525300 25.253190 54.150848
946.131000 25.160943 100.328334
945.736700 8.950683 76.536360
945.342300 14.273351 96.538177
944.947800 16.832067 85.409022
944.553200 17.460649 81.537349
944.158600 11.732212 23.342160
943.763900 18.563198 82.540459
943.369100 23.282789 99.504067
942.974200 15.781359 99.584037
942.579200 12.915912 73.810590
942.184100 5.948078 4.374984
941.789000 9.132512 52.886092
941.393800 22.485046 51.728669
940.998500 1.870325 26.314080
940.603100 1.929587 22.414876
940.207700 1.277614 13.297191
939.812200 1.469092 2.722284
939.416600 1.432162 3.423406
939.020900 1.640757 1.641622
938.625100 1.547737 3.499799
938.229200 1.381160 4.028127
937.833300 0.979675 9.161829
937.437300 0.461502 4.736219
937.041200 0.970717 4.207590
936.645000 0.568201 9.560578
936.248700 0.801844 8.047309
935.852400 0.842466 7.994674
935.456000 1.369983 7.831628
935.059400 1.903135 5.791830
934.662900 1.317349 2.382736
934.266200 1.770953 3.365114
933.869400 2.043763 4.366682
933.472700 1.208952 1.834060
933.075700 0.595693 6.403505
932.678700 0.787735 3.806642
932.281700 31.897281 101.317192
931.884500 34.929081 99.235957
931.487300 1.854264 11.216114
931.090000 5.798302 12.143148
930.692600 5.049808 1.938847
930.295100 5.351493 4.440935
929.897500 5.773887 4.050156
929.499900 2.087802 7.364423
929.102200 0.182935 8.645723
928.704300 1.270915 5.136312
928.306500 0.557647 4.576745
927.908500 0.344928 5.232297
927.510400 0.327436 5.440769
927.112300 0.261100 3.039864
926.714100 0.946121 3.957802
926.315800 0.185260 44.321728
925.917400 1.888085 24.016523
925.519000 4.200885 16.832797
925.120400 6.930581 10.330129
924.721800 7.892690 4.131218
924.323100 4.642775 8.860675
923.924300 10.670488 54.204670
923.525500 2.544757 28.069401
923.126500 13.850330 78.045811
922.727500 5.174331 58.148796
922.328300 5.674243 83.092678
921.929100 6.907567 79.876006
921.529800 8.280533 81.232105
921.130500 8.021744 80.340399
920.731100 8.593480 83.309449
920.331500 7.696085 80.817002
919.931900 4.970566 72.848853
919.532200 4.139004 43.956954
919.132400 10.653883 87.869379
918.732600 5.151318 34.290118
918.332600 5.392359 49.034920
917.932600 7.343290 31.942966
917.532500 19.788946 102.845837
917.132300 38.690238 118.274536
916.732100 35.502115 104.583828
916.331700 27.160890 93.567892
915.931300 22.475616 113.519477
915.530800 29.844659 89.573874
915.130200 32.290098 88.035209
914.729500 15.969455 10.595307
914.328700 10.502523 39.854388
913.927900 11.262566 5.200794
913.527000 0.564497 16.707969
913.125900 44.715183 98.894013
912.724900 5.641307 9.494067
912.323700 0.343258 3.987575
911.922400 0.288860 2.204229
911.521100 4.407650 11.867543
911.119600 1.037440 48.535353
910.718100 1.625762 24.433372
910.316500 5.064577 39.893143
909.914900 8.570287 3.502048
909.513100 11.148601 43.887206
909.111300 0.929368 12.953883
908.709300 0.445792 12.692464
908.307300 0.352898 15.546012
907.905200 0.405369 9.922019
907.503100 7.021185 6.961648
907.100800 2.124086 5.284905
906.698400 6.749845 2.656510
906.296000 5.227411 5.463259
905.893500 3.071000 3.013441
905.490900 3.316503 11.915928
905.088300 1.713520 11.324251
904.685500 1.334794 30.571946
904.282600 4.590507 68.756493
903.879700 4.511583 14.055730
903.476700 3.149149 30.712305
903.073600 4.769008 26.528312
902.670400 1.119398 2.687396
902.267200 2.514440 5.796413
901.863800 5.086414 7.556018
901.460400 14.196240 21.567173
901.056900 4.391372 5.567104
900.653300 25.075787 58.885705
900.249600 13.543918 78.333052
899.845800 2.543170 11.893028
899.442000 24.153938 103.357877
899.038000 20.669899 101.519042
898.634000 20.279408 100.649280
898.229900 20.242910 86.185932
897.825700 19.792782 103.489843
897.421400 3.987895 14.318345
897.017100 3.414374 13.500622
896.612700 4.697774 11.459970
896.208100 2.851178 11.597306
895.803500 2.910939 8.731348
895.398900 3.726661 7.800946
894.994100 2.624388 8.930124
894.589200 7.066903 21.809005
894.184300 4.542945 101.643720
893.779200 4.678468 78.845874
893.374100 3.297654 12.853567
892.968900 0.835377 17.388199
892.563700 0.738474 12.211510
892.158300 0.801163 4.160987
891.752800 0.289231 2.079442
891.347300 0.199931 3.696435
890.941700 0.449413 4.824098
890.535900 0.630890 5.611957
890.130200 0.572099 6.117107
889.724300 0.350859 11.507235
889.318400 1.224605 3.169113
888.912300 1.845843 3.282147
888.506200 1.274216 2.933096
888.100000 0.900601 7.409478
887.693700 0.929113 7.854358
887.287300 0.937651 8.357922
886.880800 1.004500 8.934755
886.474300 0.630975 10.418546
886.067600 0.441536 10.284355
885.660900 0.197123 9.985619
885.254100 0.418233 8.684689
884.847200 0.348276 7.989555
884.440200 0.427383 7.538004
884.033200 1.862220 8.198099
883.626000 1.016868 8.454565
883.218800 1.060244 8.746878
882.811500 1.097506 9.315955
882.404100 0.716833 12.944442
881.996600 1.119474 13.561505
881.589000 1.613880 13.017769
881.181300 2.630985 14.852542
880.773600 2.755890 0.135514
880.365800 3.157821 5.857552
879.957900 0.322298 2.968419
879.549900 2.857602 4.212713
879.141800 0.745894 4.232613
878.733600 0.578607 3.240000
878.325300 0.688592 8.319935
877.917000 0.821700 11.492400
877.508500 2.881167 82.892330
877.100000 0.892514 15.242515
876.691500 1.881881 19.702630
876.282800 1.601107 46.774948
875.874000 0.966458 83.101837
875.465100 1.152376 91.641689
875.056200 6.751183 89.174639
874.647200 4.951107 8.823889
874.238000 2.068980 17.054160
873.828900 1.465803 20.039813
873.419600 1.439312 21.137063
873.010200 1.386097 20.714826
872.600700 1.140025 20.269319
872.191200 4.647361 4.501847
871.781600 5.613613 93.417910
871.371800 3.397583 87.913608
870.962000 10.365445 56.736000
870.552100 7.200005 48.014760
870.142200 3.281731 5.762574
869.732100 0.676348 7.370626
869.321900 0.138795 10.175739
868.911700 0.190071 10.241496
868.501300 0.415346 10.216255
868.090900 0.575224 10.174373
867.680500 0.494503 10.112599
867.269900 0.461874 10.135719
866.859200 0.477887 9.946083
866.448500 0.330264 9.710089
866.037600 0.349413 8.953284
865.626700 0.277298 9.790378
865.215700 0.223437 10.569949
864.804600 0.300287 11.246145
864.393400 0.253469 11.775913
863.982100 0.284354 11.844374
863.570700 0.221306 12.097531
863.159300 0.178231 13.349719
862.747700 0.219012 11.491577
862.336100 0.194291 10.506835
861.924400 0.252975 9.501452
861.512600 0.216062 10.488596
861.100800 0.185831 10.593088
860.688800 0.082081 10.534330
860.276700 0.136621 10.252454
859.864600 0.381634 10.350979
859.452300 0.410860 10.893230
859.040000 0.834965 10.314446
858.627600 0.596793 9.205865
858.215100 0.480554 9.417332
857.802600 0.338687 10.693539
857.389900 0.606266 10.603486
856.977100 0.361389 9.612552
856.564300 0.404803 9.855819
856.151400 0.374487 9.660431
855.738300 0.643896 10.063238
855.325300 0.783230 10.047443
854.912000 0.440456 10.004154
854.498800 0.209960 10.309776
854.085400 0.133121 9.875490
853.671900 0.171797 9.321879
853.258400 0.069010 9.931968
852.844800 0.163922 9.956785
852.431100 0.295772 9.873835
852.017300 0.104101 10.841767
851.603400 0.141143 10.270485
851.189400 0.254881 10.309136
850.775300 0.435582 10.850586
850.361200 0.182551 9.937659
849.947000 0.072746 10.328135
849.532600 0.242654 10.917529
849.118200 0.324339 11.316442
848.703700 0.190014 11.291137
848.289100 0.119528 11.197695
847.874400 0.044531 10.908585
847.459700 0.062003 10.942051
847.044800 0.144195 10.876579
846.629800 0.203358 10.689465
846.214800 0.248363 10.631389
845.799700 0.320394 10.378072
845.384500 0.315473 10.406513
844.969200 0.383987 10.252156
844.553800 0.355368 10.271355
844.138300 0.365711 10.256333
843.722700 0.330343 10.350059
843.307100 0.331307 10.319219
842.891400 0.338174 10.312848
842.475500 0.334128 10.326671
842.059600 0.291997 10.309433
841.643600 0.290107 10.324895
841.227500 0.284231 10.370713
840.811300 0.273617 10.343523
840.395100 0.284459 10.318841
839.978700 0.260858 10.266698
839.562300 0.222264 10.281990
839.145700 0.240439 10.254863
838.729100 0.243660 10.259299
838.312400 0.247371 10.286088
837.895600 0.254907 10.232442
837.478700 0.279396 10.230011
837.061700 0.313503 10.066161
836.644700 0.323560 9.960852
836.227500 0.345261 9.846070
835.810200 0.360778 9.775047
835.392900 0.360971 9.821626
834.975500 0.376184 9.780329
834.557900 0.389477 9.749392
834.140300 0.418772 9.710924
833.722700 0.414045 9.699280
833.304900 0.383700 9.675877
832.887000 0.407863 9.652713
832.469100 0.418553 9.612318
832.051000 0.414084 9.606813
831.632900 0.421725 9.574695
831.214600 0.453619 9.547576
830.796300 0.461132 9.524105
830.377900 0.466589 9.483493
829.959400 0.466294 9.472787
829.540800 0.491777 9.462993
829.122100 0.510452 9.432617
828.703400 0.500948 9.404848
828.284500 0.524607 9.377388
827.865600 0.548312 9.351757
827.446500 0.555763 9.299539
827.027500 0.547991 9.257417
826.608200 0.571467 9.232023
826.188900 0.570886 9.200191
825.769500 0.583332 9.191316
825.350000 0.578343 9.154603
824.930500 0.588665 9.117006
824.510800 0.590936 9.090945
824.091100 0.592617 9.069716
823.671300 0.605783 9.044607
823.251300 0.611417 9.015872
822.831300 0.612992 8.992117
822.411200 0.617383 8.956341
821.991000 0.622955 8.920713
821.570700 0.625738 8.876315
821.150300 0.629862 8.847756
820.729900 0.639763 8.829579
820.309300 0.646765 8.808639
819.888600 0.650095 8.786315
819.467900 0.649543 8.758584
819.047100 0.656034 8.735281
818.626200 0.662987 8.718916
818.205100 0.670197 8.693956
817.784100 0.675715 8.662478
817.362900 0.680002 8.646996
816.941600 0.683055 8.608894
816.520200 0.686439 8.593008
816.098800 0.689877 8.568376
815.677200 0.690468 8.551370
815.255600 0.697126 8.539415
814.833800 0.701328 8.518321
814.412000 0.705836 8.492006
813.990100 0.713595 8.472137
813.568100 0.714998 8.453082
813.146000 0.717929 8.419549
812.723800 0.722757 8.401411
812.301500 0.728989 8.385870
811.879200 0.735527 8.347849
811.456700 0.736935 8.322029
811.034100 0.741279 8.283023
810.611500 0.744959 8.255812
810.188800 0.748733 8.226291
809.765900 0.753732 8.208784
809.343000 0.757327 8.179553
808.920000 0.759508 8.142192
808.496900 0.765626 8.112079
808.073700 0.771630 8.093633
807.650500 0.776440 8.061824
807.227100 0.781927 8.021705
806.803600 0.785188 7.994437
806.380100 0.792011 7.973150
805.956400 0.798807 7.940239
805.532700 0.803151 7.905889
805.108900 0.811231 7.879458
804.685000 0.816139 7.854175
804.261000 0.823313 7.836205
803.836900 0.824927 7.816604
803.412700 0.832137 7.796777
802.988400 0.836716 7.775002
802.564000 0.840135 7.756753
802.139600 0.842767 7.728967
801.715000 0.848788 7.698855
801.290300 0.856048 7.668643
800.865700 0.859139 7.635905
800.440800 0.862937 7.605844
800.015900 0.862645 7.570745
799.590900 0.865860 7.541308
799.165800 0.870356 7.510945
798.740600 0.877531 7.496278
798.315300 0.880013 7.452401
797.889900 0.882449 7.428059
797.464400 0.886322 7.391134
797.038900 0.889829 7.364925
796.613200 0.893261 7.344217
796.187500 0.897534 7.318382
795.761700 0.902492 7.291757
795.335700 0.911033 7.273562
794.909700 0.917829 7.251231
794.483600 0.919669 7.221220
794.057400 0.924241 7.187435
793.631000 0.927750 7.157506
793.204700 0.931719 7.128128
792.778200 0.936078 7.098854
792.351600 0.938133 7.079049
791.924900 0.941111 7.062029
791.498200 0.946650 7.046618
791.071400 0.950949 7.023301
790.644400 0.957110 6.998507
790.217300 0.963465 6.978989
789.790200 0.966313 6.951753
789.363000 0.971412 6.922464
788.935700 0.977176 6.889639
788.508300 0.983270 6.870061
788.080700 0.989759 6.849109
787.653200 0.996578 6.822786
787.225500 1.001214 6.799249
786.797700 1.003467 6.771173
786.369900 1.005853 6.743132
785.941900 1.012681 6.716946
785.513900 1.017122 6.689884
785.085700 1.023999 6.668700
784.657500 1.029768 6.642555
784.229100 1.035923 6.618001
783.800700 1.041633 6.594051
783.372200 1.046856 6.572004
782.943500 1.056733 6.560595
782.514800 1.066674 6.537887
782.086100 1.072803 6.511530
781.657200 1.082631 6.487524
781.228200 1.090239 6.460029
780.799100 1.099602 6.435640
780.369900 1.108499 6.406071
779.940700 1.119275 6.381198
779.511300 1.129173 6.349969
779.081800 1.139763 6.320607
778.652300 1.147980 6.288643
778.222700 1.159351 6.259942
777.793000 1.171406 6.235200
777.363200 1.182256 6.209553
776.933200 1.194732 6.190206
776.503200 1.206534 6.165897
776.073100 1.217868 6.131807
775.642900 1.231723 6.104216
775.212600 1.246340 6.074759
774.782200 1.260719 6.042007
774.351700 1.273356 6.007841
773.921200 1.286680 5.978061
773.490500 1.301495 5.948170
773.059800 1.314888 5.919320
772.628900 1.329670 5.887019
772.198000 1.349096 5.857978
771.766900 1.367652 5.829510
771.335800 1.386998 5.799395
770.904600 1.408424 5.765132
770.473300 1.428855 5.736989
770.041900 1.450843 5.709049
769.610400 1.464658 5.683060
769.178700 1.494380 5.652065
768.747100 1.526102 5.614647
768.315200 1.543829 5.583759
767.883400 1.559290 5.558891
767.451400 1.586849 5.521928
767.019300 1.631069 5.483109
766.587200 1.659667 5.460648
766.154900 1.683863 5.427863
765.722500 1.711159 5.396957
765.290100 1.734978 5.376502
764.857500 1.780519 5.345393
764.424900 1.821836 5.324143
763.992200 1.852649 5.315135
763.559300 1.894338 5.295411
763.126400 1.941196 5.278067
762.693400 1.989014 5.268916
762.260300 2.030121 5.260951
761.827100 2.097343 5.265969
761.393800 2.150682 5.270249
760.960400 2.201375 5.282708
760.526900 2.281392 5.293532
760.093300 2.349231 5.326248
759.659700 2.400412 5.372614
759.225900 2.492955 5.407362
758.792100 2.587867 5.437015
758.358100 2.673810 5.494425
757.924000 2.786540 5.545727
757.489900 2.890154 5.615763
757.055600 2.998601 5.678262
756.621300 3.127717 5.764250
756.186800 3.241234 5.860550
755.752300 3.365588 5.987135
755.317700 3.473151 6.166539
754.883000 3.613298 6.312692
754.448200 3.786556 6.424319
754.013200 3.938558 6.610658
753.578200 4.085123 6.825291
753.143100 4.244907 7.010792
752.707900 4.415438 7.184024
752.272600 4.595449 7.354144
751.837300 4.730740 7.632789
751.401800 4.905121 7.781341
750.966200 5.080525 7.899151
750.530600 5.229495 8.110303
750.094800 5.374042 8.311386
749.658900 5.515210 8.544350
749.223000 5.637551 8.807641
748.786900 5.776055 9.054663
748.350800 5.910164 9.257638
747.914600 6.032451 9.555029
747.478200 6.128595 9.852092
747.041700 6.204709 9.948260
746.605200 6.281171 10.191880
746.168600 6.334052 10.387278
745.731900 6.365849 10.670291
745.295000 6.381234 11.076379
744.858200 6.382524 11.425787
744.421100 6.365966 11.883127
743.984100 6.342689 12.487236
743.546800 6.285164 13.089933
743.109600 6.193848 13.754472
742.672200 6.075887 14.412266
742.234700 5.948001 15.194107
741.797100 5.746438 16.067127
741.359400 5.530188 17.100780
740.921600 5.274870 18.171197
740.483800 4.987802 19.225269
740.045800 4.664266 20.348106
739.607700 4.311067 21.542756
739.169600 3.917512 22.686886
738.731300 3.504740 23.802524
738.293000 3.072651 24.881552
737.854500 2.609118 25.932050
737.416000 2.136630 26.976623
736.977300 1.668191 27.822206
736.538600 1.261808 28.478287
736.099700 0.996358 29.096755
735.660800 1.002910 29.543916
735.221800 1.293105 29.756018
734.782700 1.721025 29.800957
734.343400 2.212818 29.739496
733.904100 2.728619 29.529747
733.464700 3.235702 29.034598
733.025200 3.733500 28.295846
732.585600 4.207476 27.365384
732.145900 4.654233 26.251800
731.706100 5.061495 25.072943
731.266200 5.409268 23.744139
730.826200 5.697551 22.342175
730.386100 5.933552 20.861723
729.945900 6.076138 19.449483
729.505700 6.168680 18.079303
729.065300 6.217462 16.654947
728.624800 6.241759 15.305243
728.184300 6.225317 14.049627
727.743600 6.173752 12.933679
727.302800 6.092781 11.977523
726.861900 5.996040 11.214685
726.421000 5.883494 10.464036
725.979900 5.753057 9.833724
725.538800 5.604826 9.297736
725.097500 5.439726 8.896804
724.656100 5.307324 8.473593
724.214700 5.192763 8.052710
723.773200 5.073174 7.704325
723.331500 4.935990 7.445897
722.889800 4.792624 7.247851
722.447900 4.643044 7.094896
722.006000 4.484353 7.004200
721.564000 4.308545 6.994941
721.121800 4.132992 6.988203
720.679600 3.973732 6.917138
720.237300 3.805927 6.805760
719.794900 3.654857 6.656450
719.352400 3.509789 6.497427
718.909700 3.386156 6.439338
718.467000 3.240231 6.438606
718.024200 3.091681 6.413783
717.581300 2.972777 6.457000
717.138300 2.852202 6.490547
716.695200 2.744112 6.458109
716.252000 2.636666 6.415258
715.808700 2.523932 6.422250
715.365300 2.411357 6.365065
714.921800 2.308908 6.302920
714.478200 2.210089 6.236660
714.034500 2.109700 6.200960
713.590700 2.015969 6.147075
713.146900 1.915484 6.129658
712.702800 1.818610 6.105209
712.258800 1.729605 6.092302
711.814600 1.647861 6.079284
711.370300 1.571038 6.067261
710.925900 1.509770 6.059683
710.481400 1.443879 6.055471
710.036900 1.380751 6.076151
709.592200 1.317550 6.098961
709.147400 1.261052 6.135614
708.702600 1.196726 6.173275
708.257600 1.153925 6.192166
707.812500 1.097037 6.242778
707.367400 1.044462 6.285667
706.922100 1.003198 6.328604
706.476700 0.953479 6.392468
706.031300 0.916388 6.444281
705.585700 0.877075 6.510989
705.140100 0.836817 6.565274
704.694300 0.803180 6.615070
704.248400 0.766918 6.674940
703.802500 0.727248 6.733796
703.356400 0.695742 6.792285
702.910300 0.668578 6.846945
702.464100 0.638581 6.908563
702.017700 0.608185 6.967030
701.571200 0.581420 7.016432
701.124700 0.556742 7.080922
700.678000 0.530005 7.136057
700.231300 0.510008 7.196516
699.784400 0.489622 7.256229
699.337500 0.465610 7.315109
698.890400 0.445873 7.374241
698.443300 0.420546 7.435096
697.996100 0.397453 7.494773
697.548800 0.378282 7.551747
697.101300 0.357355 7.610093
696.653700 0.342265 7.664495
696.206100 0.323309 7.719375
695.758400 0.303767 7.774764
695.310500 0.289830 7.829422
694.862600 0.276616 7.877272
694.414600 0.262081 7.928433
693.966400 0.246792 7.979338
693.518200 0.227053 8.031865
693.069900 0.213586 8.085542
692.621500 0.201222 8.134946
692.172900 0.188982 8.185124
691.724300 0.177764 8.231896
691.275600 0.168075 8.279021
690.826700 0.158973 8.322014
690.377800 0.150898 8.368103
689.928800 0.141382 8.415770
689.479700 0.133500 8.459304
689.030400 0.126382 8.498111
688.581100 0.121055 8.538052
688.131700 0.115249 8.577565
687.682100 0.111330 8.615552
687.232500 0.110817 8.656760
686.782800 0.110923 8.694039
686.332900 0.111732 8.734167
685.883000 0.112903 8.771504
685.433000 0.115768 8.805914
684.982800 0.118811 8.839767
684.532700 0.121558 8.875949
684.082300 0.126706 8.905947
683.631900 0.133590 8.935870
683.181300 0.139231 8.966222
682.730700 0.146857 8.991007
682.280000 0.152959 9.021173
681.829200 0.161398 9.050743
681.378200 0.168787 9.077501
680.927200 0.178542 9.102212
680.476100 0.186752 9.127578
680.024800 0.194608 9.151751
679.573500 0.203521 9.175830
679.122100 0.213463 9.197420
678.670500 0.222083 9.220137
678.218900 0.230241 9.242502
677.767200 0.238030 9.261083
677.315400 0.248819 9.276190
676.863400 0.258429 9.295853
676.411400 0.266354 9.314975
675.959200 0.276117 9.325784
675.507000 0.284419 9.340284
675.054700 0.292764 9.356001
674.602200 0.302840 9.367259
674.149700 0.310131 9.382496
673.697100 0.319308 9.390259
673.244300 0.326422 9.405626
672.791500 0.336690 9.413008
672.338600 0.344815 9.419151
671.885500 0.353925 9.429492
671.432400 0.363753 9.434109
670.979100 0.372205 9.437587
670.525800 0.380398 9.441279
670.072300 0.389320 9.443502
669.618800 0.398825 9.444971
669.165100 0.407619 9.443831
668.711400 0.415206 9.441956
668.257500 0.423793 9.443928
667.803500 0.432074 9.439888
667.349500 0.440586 9.435056
666.895300 0.448683 9.429627
666.441100 0.457202 9.421449
665.986800 0.465520 9.412189
665.532300 0.472124 9.403664
665.077700 0.480906 9.396181
664.623000 0.488354 9.387060
664.168300 0.494185 9.377300
663.713400 0.501548 9.365332
663.258400 0.508377 9.349908
662.803400 0.514759 9.339315
662.348200 0.521598 9.321281
661.892900 0.527822 9.306994
661.437600 0.534672 9.290834
660.982100 0.540159 9.272854
660.526500 0.546481 9.256250
660.070800 0.551740 9.241173
659.615100 0.556623 9.220031
659.159200 0.561968 9.198597
658.703200 0.568453 9.177066
658.247100 0.572954 9.154648
657.790900 0.577987 9.131786
657.334600 0.583339 9.108089
656.878200 0.588763 9.080450
656.421800 0.594258 9.053846
655.965100 0.597237 9.027981
655.508400 0.601209 9.000441
655.051600 0.604651 8.973887
654.594700 0.608160 8.948465
654.137700 0.611140 8.918216
653.680600 0.614517 8.890676
653.223400 0.617563 8.859494
652.766100 0.620014 8.827573
652.308700 0.623060 8.799250
651.851100 0.625511 8.770331
651.393600 0.626840 8.741025
650.935800 0.628765 8.708765
650.478000 0.630415 8.676950
650.020100 0.632868 8.642966
649.562000 0.634855 8.612620
649.103900 0.637309 8.578739
648.645700 0.638644 8.543129
648.187300 0.640572 8.507824
647.728900 0.641161 8.472216
647.270300 0.643088 8.438578
646.811700 0.645544 8.404261
646.353000 0.647066 8.368860
645.894100 0.647533 8.332170
645.435100 0.649055 8.297110
644.976100 0.652566 8.267444
644.516900 0.656893 8.230622
644.057700 0.658715 8.198751
643.598300 0.660361 8.168571
643.138900 0.664621 8.131647
642.679300 0.670121 8.095840
642.219600 0.672820 8.059050
641.759800 0.674529 8.020264
641.299900 0.676505 7.985002
640.840000 0.676592 7.948007
640.379900 0.682002 7.903530
639.919700 0.685048 7.862138
639.459400 0.689222 7.825606
638.999000 0.691278 7.778731
638.538500 0.693262 7.745171
638.077900 0.698625 7.703132
637.617200 0.703955 7.669677
637.156400 0.707251 7.620083
636.695400 0.713246 7.582901
636.234400 0.719567 7.538792
635.773300 0.727430 7.502049
635.312100 0.736583 7.458736
634.850800 0.746433 7.411802
634.389300 0.754062 7.365747
633.927800 0.762359 7.321764
633.466200 0.768830 7.266260
633.004400 0.775628 7.214717
632.542500 0.786778 7.161429
632.080600 0.791218 7.101612
631.618600 0.797321 7.035794
631.156400 0.801919 6.969443
630.694200 0.809615 6.897986
630.231800 0.813905 6.841929
629.769300 0.821358 6.774438
629.306800 0.831353 6.710102
628.844100 0.845452 6.641323
628.381300 0.863027 6.571557
627.918400 0.869929 6.505722
627.455400 0.886920 6.444651
626.992300 0.906340 6.369316
626.529100 0.911477 6.284508
626.065800 0.926154 6.214083
625.602400 0.943140 6.139277
625.138900 0.981814 6.076420
624.675300 1.015071 5.995199
624.211500 1.060689 5.936246
623.747700 1.076337 5.897307
623.283800 1.103033 5.908850
622.819800 1.127050 5.911322
622.355700 1.156332 5.896651
621.891400 1.189724 5.890377
621.427100 1.229848 5.873240
620.962600 1.302552 5.848128
620.498000 1.399772 5.812983
620.033400 1.477938 5.812500
619.568700 1.569627 5.811130
619.103800 1.646271 5.858034
618.638800 1.730275 5.890880
618.173700 1.824965 5.912183
617.708600 1.948087 5.964187
617.243300 2.091258 6.004922
616.777900 2.242012 6.001232
616.312400 2.383719 6.022055
615.846800 2.515273 6.042265
615.381000 2.698882 6.045447
614.915300 2.890441 6.060055
614.449300 3.092347 5.997659
613.983300 3.275876 5.919524
613.517200 3.445201 5.777483
613.051000 3.658908 5.653201
612.584700 3.919217 5.480991
612.118200 4.224320 5.333093
611.651700 4.673612 5.184593
611.185000 5.062036 5.048118
610.718300 5.552998 4.922618
610.251400 6.106862 4.866983
609.784400 6.659788 4.848677
609.317300 7.063428 4.927904
608.850200 7.533894 5.045958
608.382900 8.091554 5.283678
607.915500 8.836249 5.665129
607.448000 9.506185 6.385339
606.980400 10.216816 7.397296
606.512700 10.876985 8.893291
606.044900 11.623187 11.015342
605.577000 12.385361 14.221734
605.108900 12.978545 17.913564
604.640800 13.114871 21.999859
604.172600 13.001048 26.492416
603.704200 12.509298 30.537105
603.235800 11.837441 35.399208
602.767300 11.031081 39.307808
602.298600 10.167644 42.804415
601.829800 9.245661 45.777222
601.361000 8.491007 48.133017
600.892000 7.879860 49.828986
600.422900 7.335723 50.834120
599.953700 7.031441 51.303531
599.484400 7.371556 50.549258
599.015000 8.493213 48.689627
598.545500 9.948281 46.376337
598.075900 11.633785 42.119649
597.606200 13.106457 37.064050
597.136400 14.053506 31.170947
596.666400 14.417932 24.876396
596.196400 14.307390 19.238291
595.726300 13.888554 14.974595
595.256000 13.224570 11.803913
594.785700 12.344245 9.400314
594.315200 11.461210 7.780040
593.844700 10.528060 6.706954
593.374000 9.638832 6.008643
592.903200 8.734742 5.629043
592.432300 7.919456 5.453365
591.961300 7.176127 5.433418
591.490200 6.553929 5.558652
591.019000 6.012215 5.747783
590.547700 5.529704 5.996972
590.076300 5.093940 6.276844
589.604800 4.709952 6.575273
589.133100 4.367549 6.902823
588.661400 4.070119 7.215765
588.189600 3.790090 7.525358
587.717600 3.536561 7.837361
587.245500 3.292896 8.137714
586.773400 3.061863 8.424357
586.301100 2.851972 8.636230
585.828700 2.660351 8.861653
585.356300 2.469053 9.074073
584.883700 2.312199 9.282110
584.410900 2.159362 9.490120
583.938200 2.023384 9.670766
583.465200 1.890873 9.792062
582.992200 1.751234 9.856039
582.519100 1.631976 9.871480
582.045800 1.521305 9.818739
581.572500 1.422643 9.808927
581.099100 1.322836 9.763300
580.625500 1.225516 9.732047
580.151900 1.148256 9.702592
579.678000 1.080549 9.669534
579.204200 1.011867 9.631229
578.730200 0.956140 9.630495
578.256100 0.905243 9.632707
577.781900 0.862684 9.648411
577.307600 0.826385 9.697241
576.833200 0.787005 9.764527
576.358600 0.745627 9.855212
575.884000 0.708412 9.965576
575.409300 0.673875 10.075371
574.934400 0.638770 10.193538
574.459500 0.603888 10.296544
573.984400 0.567423 10.410392
573.509200 0.539012 10.522125
573.033900 0.510858 10.628507
572.558600 0.484629 10.740364
572.083100 0.457840 10.847821
571.607500 0.434031 10.954136
571.131800 0.408975 11.050216
570.655900 0.390285 11.151066
570.180100 0.368680 11.235050
569.704000 0.348974 11.324778
569.227800 0.327147 11.400620
568.751600 0.311174 11.482188
568.275300 0.294444 11.551502
567.798800 0.281944 11.620419
567.322200 0.269630 11.668150
566.845500 0.260750 11.726770
566.368700 0.254643 11.767801
565.891800 0.250384 11.815208
565.414900 0.249285 11.858113
564.937700 0.251792 11.892401
564.460500 0.257360 11.921997
563.983200 0.264124 11.937166
563.505700 0.271868 11.953636
563.028200 0.280682 11.967423
562.550500 0.291867 11.974738
562.072800 0.304273 11.977023
561.594800 0.315855 11.970809
561.116900 0.329025 11.962770
560.638800 0.346892 11.953926
560.160600 0.365674 11.933258
559.682300 0.383216 11.904451
559.203900 0.407323 11.874443
558.725300 0.429777 11.831412
558.246700 0.447942 11.790839
557.767900 0.467716 11.747910
557.289100 0.484808 11.702047
556.810200 0.499441 11.640946
556.331100 0.512732 11.579763
555.851900 0.520660 11.528847
555.372600 0.532340 11.456673
554.893200 0.539176 11.381403
554.413700 0.539312 11.318092
553.934100 0.544849 11.250052
553.454300 0.545423 11.177923
552.974500 0.546115 11.105583
552.494600 0.546361 11.019371
552.014500 0.538774 10.961339
551.534400 0.532541 10.907037
551.054100 0.523806 10.850729
550.573700 0.513419 10.797336
550.093300 0.509848 10.739929
549.612700 0.505860 10.700910
549.132000 0.502806 10.640697
548.651100 0.499329 10.585975
548.170200 0.495428 10.521978
547.689100 0.491823 10.463548
547.208000 0.487412 10.410316
546.726700 0.481560 10.347830
546.245400 0.477404 10.293327
545.763900 0.472272 10.229230
545.282300 0.465359 10.161879
544.800700 0.458276 10.094498
544.318800 0.452170 10.036400
543.836900 0.444501 9.984963
543.354900 0.436712 9.931652
542.872800 0.430865 9.884452
542.390500 0.424900 9.835412
541.908200 0.415058 9.794873
541.425700 0.409798 9.739303
540.943100 0.407037 9.701296
540.460400 0.405542 9.652651
539.977700 0.410759 9.610582
539.494800 0.420337 9.583537
539.011800 0.435018 9.556443
538.528600 0.457749 9.527446
538.045400 0.488488 9.481335
537.562100 0.525556 9.460761
537.078600 0.568652 9.422663
536.595000 0.615718 9.408363
536.111400 0.673581 9.363845
535.627600 0.738033 9.306285
535.143700 0.812989 9.227060
534.659700 0.891289 9.142445
534.175600 0.973220 9.068958
533.691300 1.053433 9.020732
533.207000 1.125061 8.990625
532.722600 1.200407 8.974878
532.238000 1.270197 8.969104
531.753400 1.331773 8.939074
531.268600 1.392081 8.919236
530.783700 1.448700 8.892370
530.298700 1.502256 8.845466
529.813600 1.539016 8.847220
529.328400 1.582233 8.895728
528.843000 1.617310 8.966437
528.357600 1.641631 9.053977
527.872000 1.668779 9.167160
527.386400 1.681056 9.317040
526.900600 1.689163 9.516044
526.414700 1.692352 9.756174
525.928700 1.694203 10.011164
525.442600 1.708540 10.264025
524.956400 1.713229 10.530443
524.470000 1.723405 10.850684
523.983600 1.713944 11.255416
523.497100 1.699522 11.711001
523.010400 1.666266 12.206067
522.523600 1.591965 12.792957
522.036700 1.494641 13.442111
521.549700 1.380110 14.245986
521.062600 1.242500 15.183243
520.575400 1.092116 16.282358
520.088100 0.935434 17.533690
519.600600 0.839706 18.923013
519.113100 0.892196 20.452670
518.625400 1.057058 21.940830
518.137700 1.289828 23.326966
517.649800 1.532776 24.577054
517.161800 1.722167 25.631309
516.673700 1.829230 26.516495
516.185500 1.837151 27.188577
515.697100 1.779322 27.612120
515.208700 1.697504 27.763343
514.720200 1.631131 27.528454
514.231400 1.600104 26.938840
513.742700 1.661955 26.041015
513.253800 1.799095 24.986289
512.764800 1.960440 23.837541
512.275700 2.125773 22.609348
511.786400 2.279010 21.441717
511.297100 2.422521 20.365312
510.807600 2.530904 19.433926
510.318100 2.609321 18.590238
509.828400 2.675925 17.963035
509.338600 2.702726 17.414659
508.848800 2.706290 16.932312
508.358700 2.684841 16.631609
507.868600 2.646716 16.448914
507.378400 2.598216 16.306844
506.888000 2.544305 16.304018
506.397600 2.475263 16.345237
505.907000 2.385939 16.358082
505.416300 2.304902 16.453548
504.925500 2.190835 16.615424
504.434600 2.082452 16.741199
503.943600 1.965274 16.873167
503.452500 1.845344 17.055830
502.961200 1.717685 17.218483
502.469800 1.592728 17.301336
501.978400 1.474316 17.437928
501.486800 1.346092 17.580647
500.995100 1.221470 17.674608
500.503300 1.091612 17.812610
500.011400 0.952154 17.846841
499.519300 0.820995 17.900850
499.027200 0.695846 17.918536
498.534900 0.591145 17.903919
498.042600 0.503321 17.860164
497.550100 0.431508 17.797319
497.057500 0.369053 17.726455
496.564800 0.313424 17.687417
496.072000 0.288905 17.598065
495.579000 0.302779 17.489627
495.086000 0.326578 17.364810
494.592800 0.394833 17.263620
494.099500 0.422259 17.014321
493.606200 0.437804 16.771406
493.112700 0.506488 16.606290
492.619000 0.567311 16.411992
492.125300 0.627612 16.242366
491.631500 0.679020 16.027104
491.137500 0.688522 15.773057
490.643500 0.673503 15.544920
490.149300 0.686048 15.307239
489.655000 0.675700 15.097651
489.160600 0.666815 14.905287
488.666100 0.675316 14.725227
488.171400 0.694216 14.503246
487.676700 0.689354 14.348432
487.181800 0.699221 14.151738
486.686900 0.711222 13.945416
486.191800 0.712626 13.748184
485.696600 0.730596 13.554379
485.201300 0.728490 13.471594
484.705800 0.730085 13.376210
484.210300 0.734425 13.357707
483.714600 0.724392 13.441393
483.218900 0.715689 13.594494
482.723000 0.689796 13.949543
482.227000 0.674249 14.149928
481.730900 0.664936 14.269640
481.234600 0.652443 14.469676
480.738300 0.648476 14.617357
480.241900 0.646230 14.649026
479.745300 0.647488 14.663678
479.248600 0.645236 14.725372
478.751800 0.625782 14.687949
478.254900 0.583123 14.557805
477.757900 0.528720 14.390591
477.260800 0.460949 14.237975
476.763500 0.399558 14.100679
476.266200 0.351030 13.994023
475.768700 0.356388 13.891623
475.271100 0.436560 13.762634
474.773400 0.542255 13.541510
474.275600 0.668784 13.305193
473.777600 0.832443 13.044325
473.279600 1.034773 12.978648
472.781400 1.242281 13.003548
472.283100 1.471216 13.176434
471.784800 1.714465 13.582815
471.286300 1.964052 14.252099
470.787600 2.193048 15.280283
470.288900 2.374177 16.760567
469.790000 2.496945 18.526613
469.291100 2.542992 20.484504
468.792000 2.503460 22.391157
468.292800 2.382601 24.071298
467.793500 2.181473 25.304805
467.294100 1.948905 26.068215
466.794500 1.699217 26.271078
466.294900 1.464634 26.107913
465.795100 1.241189 25.567360
465.295200 1.070082 24.747851
464.795200 0.934007 23.564542
464.295100 0.856767 22.442930
463.794900 0.800857 21.460551
463.294600 0.766515 20.719280
462.794100 0.736595 20.242056
462.293500 0.692508 19.823252
461.792800 0.663470 19.523484
461.292100 0.616293 19.261711
460.791100 0.560211 18.980555
460.290100 0.509306 18.709334
459.788900 0.465791 18.508956
459.287700 0.442970 18.146383
458.786300 0.416378 17.851108
458.284800 0.369194 17.727816
457.783200 0.305428 17.675686
457.281500 0.240612 17.721043
456.779600 0.190937 17.697418
456.277700 0.175944 17.679408
455.775600 0.230795 17.654270
455.273400 0.318550 17.470552
454.771100 0.407530 17.261481
454.268700 0.484118 16.966823
453.766200 0.458460 16.591056
453.263500 0.431319 16.343101
452.760800 0.408786 16.186551
452.257900 0.395042 16.030489
451.754900 0.402911 15.908816
451.251800 0.444204 15.717621
450.748500 0.489936 15.481381
450.245200 0.579092 15.342866
449.741700 0.649060 15.138452
449.238200 0.717852 14.916186
448.734500 0.823278 14.694202
448.230700 0.940094 14.359822
447.726700 1.049177 13.918207
447.222700 1.135565 13.377784
446.718600 1.120372 12.908638
446.214300 1.114164 12.520206
445.709900 1.089167 12.214092
445.205400 1.043484 11.951945
444.700800 0.964932 11.813718
444.196000 0.877276 11.807285
443.691200 0.757487 11.937209
443.186200 0.656293 12.169999
442.681200 0.557032 12.454702
442.175900 0.459459 12.803132
441.670600 0.348019 13.229811
441.165200 0.230775 13.733687
440.659600 0.116245 14.313572
440.154000 0.061830 14.985955
439.648200 0.061830 14.985955
