103.716733
0.742237  
3.024151  
1.056922  
1.320677  
1.045624  
0.899561  
0.911129  
1.032778  
0.958283  
0.684661  
0.813518  
0.833922  
0.845862  
0.806703  
0.852918  
0.885513  
0.795828  
0.842756  
0.834719  
0.802500  
0.848237  
0.809909  
0.804054  
0.807866  
0.855962  
0.806905  
0.803299  
0.755571  
0.802377  
0.781402  
0.807054  
0.806335  
0.760061  
0.755642  
0.798295  
0.773948  
0.750014  
0.755887  
0.736082  
0.749793  
0.732888  
0.715436  
0.716238  
0.731101  
0.707860  
0.714242  
0.723758  
0.728944  
0.724835  
0.728629  
0.735137  
0.739415  
0.740427  
0.749925  
0.736098  
0.756780  
0.751468  
0.754128  
0.753028  
0.778550  
0.778332  
0.764046  
0.787162  
0.796754  
0.799118  
0.802848  
0.798950  
0.784745  
0.805420  
0.815505  
0.809198  
0.823905  
0.831712  
0.815945  
0.813820  
0.814418  
0.822609  
0.819289  
0.808822  
0.770031  
0.814093  
0.812368  
0.824977  
0.839929  
0.761001  
0.784428  
0.780131  
0.803606  
0.784453  
0.792044  
0.794935  
0.726199  
0.766291  
0.762158  
0.744140  
0.738478  
0.705862  
0.716698  
0.710707  
0.682725  
0.654226  
0.741644  
0.660842  
0.656303  
0.712821  
0.653008  
0.619453  
0.621148  
0.646499  
0.622423  
0.634394  
0.605949  
0.670122  
0.576898  
0.644887  
0.599735  
0.618644  
0.584916  
0.602689  
0.603151  
0.614721  
0.585962  
0.638811  
0.637815  
0.638725  
0.592573  
0.572007  
0.596850  
0.572561  
0.562493  
0.606304  
0.570070  
0.561952  
0.573703  
0.558955  
0.606587  
0.598457  
0.607487  
0.565086  
0.616795  
0.627932  
0.593806  
0.620112  
0.592165  
0.570518  
0.528716  
0.625280  
0.562526  
0.606465  
0.567913  
0.578810  
0.565980  
0.583157  
0.582905  
0.588400  
0.580068  
0.588955  
0.595482  
0.590149  
0.593497  
0.605230  
0.609030  
0.615485  
0.571595  
0.573405  
0.591676  
0.593267  
0.546496  
0.474192  
0.506715  
0.446684  
0.438026  
0.584257  
0.575130  
0.572608  
0.569895  
0.571244  
0.564093  
0.558318  
0.552905  
0.547063  
0.545899  
0.539593  
0.533426  
0.530131  
0.528316  
0.524327  
0.523007  
0.519701  
0.511925  
0.509980  
0.505614  
0.501813  
0.501850  
0.500998  
0.500719  
0.495212  
0.492517  
0.494556  
0.489733  
0.482770  
0.486063  
0.480797  
0.479558  
0.478685  
0.473843  
0.475212  
0.471836  
0.473518  
0.474005  
0.468170  
0.464211  
0.466079  
0.462973  
0.459346  
0.458614  
0.455441  
0.457307  
0.453125  
0.452589  
0.449626  
0.448679  
0.451826  
0.444964  
0.445131  
0.446760  
0.442797  
0.441038  
0.439843  
0.441283  
0.438117  
0.439857  
0.437512  
0.435442  
0.435466  
0.434024  
0.433196  
0.431715  
0.429532  
0.428110  
0.426942  
0.427120  
0.425350  
0.425431  
0.424780  
0.424288  
0.422629  
0.424636  
0.420336  
0.418580  
0.418241  
0.418931  
0.415995  
0.417444  
0.415389  
0.415270  
0.414823  
0.414819  
0.415406  
0.414570  
0.411847  
0.411562  
0.408556  
0.411282  
0.409138  
0.408640  
0.408206  
0.407054  
0.407554  
0.407976  
0.404441  
0.403316  
0.401835  
0.403472  
0.401381  
0.401813  
0.402759  
0.402120  
0.399847  
0.399689  
0.399358  
0.399557  
0.397626  
0.397231  
0.397110  
0.393588  
0.392749  
0.395930  
0.393044  
0.391456  
0.393649  
0.391616  
0.392652  
0.392139  
0.392808  
0.390083  
0.388664  
0.391200  
0.389190  
0.388848  
0.389372  
0.388051  
0.388388  
0.385645  
0.386499  
0.386301  
0.383949  
0.385894  
0.384987  
0.383071  
0.382818  
0.383019  
0.382860  
0.383960  
0.383363  
0.383249  
0.384145  
0.383408  
0.380355  
0.382058  
0.381442  
0.377655  
0.380039  
0.378389  
0.378903  
0.379169  
0.377515  
0.377133  
0.378390  
0.378441  
0.376127  
0.374426  
0.377676  
0.375886  
0.376082  
0.375607  
0.373610  
0.373015  
0.373841  
0.372845  
0.374409  
0.371543  
0.371387  
0.370714  
0.370523  
0.371869  
0.370351  
0.369560  
0.369560  
0.369749  
0.369359  
0.369622  
0.369579  
0.369174  
0.368171  
0.369049  
0.369146  
0.366944  
0.367243  
0.366907  
0.368170  
0.366736  
0.367275  
0.367098  
0.365064  
0.366097  
0.365389  
0.366032  
0.364373  
0.364045  
0.363177  
0.363011  
0.362887  
0.362667  
0.362880  
0.361299  
0.361652  
0.361023  
0.360319  
0.359868  
0.359446  
0.359868  
0.359878  
0.359087  
0.359275  
0.359066  
0.358004  
0.359385  
0.358222  
0.358361  
0.358933  
0.357761  
0.357480  
0.357125  
0.357689  
0.358062  
0.357506  
0.357623  
0.356779  
0.357348  
0.356427  
0.355867  
0.356176  
0.356693  
0.355723  
0.355651  
0.355376  
0.355522  
0.355379  
0.354922  
0.355613  
0.354358  
0.353901  
0.354374  
0.352740  
0.353176  
0.352990  
0.353527  
0.353266  
0.353078  
0.352352  
0.352264  
0.352604  
0.352015  
0.352652  
0.351919  
0.351947  
0.351968  
0.350089  
0.352024  
0.350579  
0.350016  
0.350552  
0.350214  
0.350759  
0.351025  
0.350875  
0.348927  
0.350876  
0.350743  
0.349298  
0.350865  
0.350103  
0.350173  
0.349149  
0.350447  
0.347420  
0.346740  
0.348910  
0.347915  
0.350103  
0.347284  
0.348057  
0.347208  
0.346884  
0.344639  
0.348113  
0.346865  
0.346935  
0.347727  
0.345887  
0.345112  
0.345372  
0.347718  
0.345822  
0.347533  
0.344942  
0.345870  
0.346867  
0.342838  
0.346033  
0.344216  
0.343967  
0.342314  
0.345086  
0.344631  
0.345276  
0.342237  
0.343907  
0.342962  
0.345569  
0.344271  
0.343474  
0.340777  
0.343529  
0.343314  
0.339777  
0.341379  
0.339960  
0.341932  
0.341964  
0.341812  
0.342322  
0.338104  
0.339610  
0.342324  
0.342347  
0.342841  
0.340482  
0.339860  
0.338704  
0.339613  
0.340212  
0.338341  
0.342258  
0.340154  
0.335944  
0.338531  
0.337899  
0.337255  
0.341714  
0.336844  
0.339992  
0.338220  
0.337735  
0.336113  
0.336784  
0.338775  
0.338929  
0.336496  
0.333687  
0.336435  
0.339492  
0.339218  
0.337078  
0.336340  
0.340578  
0.337630  
0.335805  
0.341182  
0.337187  
0.335451  
0.334910  
0.334915  
0.337150  
0.337476  
0.335755  
0.338187  
0.335230  
0.334327  
0.340849  
0.337260  
0.336035  
0.341135  
0.340267  
0.336528  
0.333119  
0.334641  
0.334005  
0.330784  
0.336025  
0.338223  
0.337779  
0.336168  
0.334347  
0.328041  
0.333457  
0.338983  
0.339344  
0.336279  
0.332075  
0.338841  
0.334922  
0.333421  
0.332224  
0.327018  
0.333094  
0.339009  
0.331418  
0.333678  
0.335460  
0.338116  
0.343978  
0.344317  
0.349439  
0.346485  
0.344987  
0.346823  
0.346332  
0.362965  
0.354941  
0.362339  
0.368954  
0.371711  
0.365927  
0.340615  
0.333517  
0.336846  
0.337979  
0.338698  
0.339058  
0.339996  
0.338857  
0.344124  
0.345419  
0.329180  
0.330559  
0.339194  
0.337772  
0.347392  
0.333955  
0.331060  
0.334325  
0.333687  
0.337990  
0.334011  
0.329711  
0.324961  
0.322583  
0.324064  
0.329563  
0.334433  
0.323596  
0.327313  
0.331071  
0.327404  
0.327856  
0.323657  
0.327850  
0.334154  
0.332750  
0.340135  
0.324101  
0.338459  
0.323497  
0.326851  
0.336537  
0.319955  
0.324569  
0.340994  
0.325280  
0.319564  
0.320576  
0.310141  
0.324124  
0.332309  
0.338444  
0.340106  
0.345854  
0.330122  
0.348225  
0.344545  
0.339955  
0.302180  
0.329033  
0.359388  
0.321251  
0.294017  
0.313809  
0.307709  
0.320088  
0.322995  
0.304710  
0.293084  
0.366851  
0.402423  
0.332722  
0.309400  
0.349083  
0.452730  
0.494892  
0.217258  
0.269109  
0.368488  
0.501977  
0.356184  
