-128.000000
1.485202  
5.391094  
2.135435  
1.953820  
2.144843  
1.632086  
1.668086  
1.571415  
1.884534  
1.531046  
1.538016  
1.321704  
1.447257  
1.289889  
1.352939  
1.341577  
1.366083  
1.266313  
1.324853  
1.247960  
1.261807  
1.160702  
1.166313  
1.205295  
1.210261  
1.172736  
1.131172  
1.067702  
1.145513  
1.082107  
1.090249  
1.098839  
1.064270  
1.008954  
1.058353  
1.013649  
0.997305  
1.012253  
1.000595  
0.976167  
0.964904  
0.917614  
0.924886  
0.894368  
0.883676  
0.883722  
0.895268  
0.877662  
0.878703  
0.859674  
0.876805  
0.862947  
0.879704  
0.858853  
0.843056  
0.862602  
0.868775  
0.848870  
0.861406  
0.861290  
0.857313  
0.851661  
0.868628  
0.858262  
0.853553  
0.846464  
0.845452  
0.820455  
0.841848  
0.842495  
0.855596  
0.838802  
0.854319  
0.814329  
0.823124  
0.822949  
0.807451  
0.803158  
0.803308  
0.775450  
0.763481  
0.831908  
0.803852  
0.792508  
0.756081  
0.752237  
0.701598  
0.699404  
0.684346  
0.667178  
0.673937  
0.624571  
0.651671  
0.661964  
0.610365  
0.587421  
0.586248  
0.591085  
0.538623  
0.543264  
0.505092  
0.530408  
0.479846  
0.488443  
0.500968  
0.467770  
0.442704  
0.494993  
0.445576  
0.449319  
0.405139  
0.416786  
0.372580  
0.381630  
0.391894  
0.395931  
0.398054  
0.400840  
0.332872  
0.391949  
0.387522  
0.336268  
0.410914  
0.373291  
0.342759  
0.328571  
0.339356  
0.343837  
0.321153  
0.320138  
0.345807  
0.312863  
0.318624  
0.319723  
0.375709  
0.369882  
0.296530  
0.326812  
0.295102  
0.367380  
0.368547  
0.325395  
0.324107  
0.350115  
0.280246  
0.279020  
0.305843  
0.296950  
0.295914  
0.305283  
0.306529  
0.303750  
0.311114  
0.314187  
0.312268  
0.315023  
0.322410  
0.319491  
0.316463  
0.322725  
0.324831  
0.318767  
0.330663  
0.324075  
0.333553  
0.333540  
0.369511  
0.358215  
0.375811  
0.355661  
0.311720  
0.229721  
0.310470  
0.302717  
0.300496  
0.298193  
0.292771  
0.288936  
0.284470  
0.276290  
0.273175  
0.270950  
0.266355  
0.260506  
0.257807  
0.257719  
0.255073  
0.252277  
0.251263  
0.245953  
0.241383  
0.242037  
0.239672  
0.238813  
0.234298  
0.232275  
0.229433  
0.230054  
0.226377  
0.224220  
0.224073  
0.223549  
0.223026  
0.221116  
0.220842  
0.220060  
0.217948  
0.215944  
0.215035  
0.216300  
0.213042  
0.212884  
0.213208  
0.211148  
0.209834  
0.208583  
0.208393  
0.208365  
0.207152  
0.207713  
0.206930  
0.204553  
0.205845  
0.204102  
0.204383  
0.204116  
0.201755  
0.203595  
0.202392  
0.201873  
0.204760  
0.202219  
0.202609  
0.203734  
0.199702  
0.200585  
0.200989  
0.199046  
0.200568  
0.199974  
0.200585  
0.199780  
0.199903  
0.200054  
0.199733  
0.198718  
0.200728  
0.201221  
0.200434  
0.198107  
0.198365  
0.201403  
0.200875  
0.199551  
0.199537  
0.199774  
0.200384  
0.200347  
0.200639  
0.198903  
0.200318  
0.199559  
0.200693  
0.200858  
0.200200  
0.201888  
0.202157  
0.200221  
0.200573  
0.200977  
0.200145  
0.200653  
0.200919  
0.201529  
0.201598  
0.200065  
0.202416  
0.202993  
0.201228  
0.202927  
0.201651  
0.203575  
0.203269  
0.203133  
0.203066  
0.202654  
0.202764  
0.204613  
0.202318  
0.204327  
0.203518  
0.204247  
0.204975  
0.205986  
0.205778  
0.205074  
0.204971  
0.206187  
0.205909  
0.206436  
0.206636  
0.207373  
0.207453  
0.206861  
0.207126  
0.206864  
0.208301  
0.209663  
0.208579  
0.209694  
0.207620  
0.210411  
0.209827  
0.210187  
0.209561  
0.210615  
0.211286  
0.211860  
0.211103  
0.211530  
0.211334  
0.211024  
0.212487  
0.212569  
0.211652  
0.213064  
0.212711  
0.213801  
0.213932  
0.214064  
0.212929  
0.214673  
0.214701  
0.215044  
0.215121  
0.214795  
0.215481  
0.215434  
0.215887  
0.215912  
0.216385  
0.217214  
0.216390  
0.217528  
0.216853  
0.217552  
0.217932  
0.217794  
0.217732  
0.218427  
0.218448  
0.219158  
0.219236  
0.219050  
0.219412  
0.219466  
0.220563  
0.220138  
0.220138  
0.220815  
0.221861  
0.221151  
0.222393  
0.221266  
0.221288  
0.223287  
0.222570  
0.222339  
0.223662  
0.223634  
0.223113  
0.223675  
0.223852  
0.224270  
0.223926  
0.224268  
0.224662  
0.224730  
0.224704  
0.224548  
0.225305  
0.226029  
0.225962  
0.226035  
0.225951  
0.226546  
0.226686  
0.227351  
0.227247  
0.227930  
0.228015  
0.227887  
0.228573  
0.228360  
0.229715  
0.228891  
0.228505  
0.229849  
0.229656  
0.229718  
0.229144  
0.230628  
0.229863  
0.231166  
0.230841  
0.231695  
0.232563  
0.231405  
0.231871  
0.232525  
0.233044  
0.231897  
0.233044  
0.233819  
0.233228  
0.233134  
0.233999  
0.234051  
0.234233  
0.234404  
0.233595  
0.234129  
0.235106  
0.236006  
0.235376  
0.235300  
0.235528  
0.235469  
0.236394  
0.235974  
0.236329  
0.237465  
0.236451  
0.236391  
0.236977  
0.236980  
0.238834  
0.237353  
0.238652  
0.238724  
0.237343  
0.239426  
0.239000  
0.240303  
0.239880  
0.239533  
0.239505  
0.239038  
0.240464  
0.240741  
0.241082  
0.239393  
0.241329  
0.241242  
0.240025  
0.240393  
0.240190  
0.241049  
0.240077  
0.243423  
0.241446  
0.242537  
0.243107  
0.243992  
0.243370  
0.243848  
0.243531  
0.244031  
0.243907  
0.244085  
0.243447  
0.242628  
0.243681  
0.244153  
0.244185  
0.247684  
0.244424  
0.243391  
0.244964  
0.244621  
0.246805  
0.246141  
0.245817  
0.246662  
0.244743  
0.246680  
0.246164  
0.245994  
0.246433  
0.244657  
0.247450  
0.246336  
0.247855  
0.248464  
0.248096  
0.248702  
0.249372  
0.249641  
0.249478  
0.246298  
0.248473  
0.248924  
0.249517  
0.246806  
0.249705  
0.246442  
0.248498  
0.249761  
0.248780  
0.248834  
0.251383  
0.249754  
0.245902  
0.250481  
0.247947  
0.249635  
0.252275  
0.249903  
0.250032  
0.251819  
0.251113  
0.249938  
0.251932  
0.252529  
0.249723  
0.249842  
0.250003  
0.252966  
0.253690  
0.254516  
0.253954  
0.252626  
0.249725  
0.249613  
0.255588  
0.254065  
0.251870  
0.256259  
0.252215  
0.252734  
0.256173  
0.255862  
0.252265  
0.257048  
0.255837  
0.258753  
0.256200  
0.254464  
0.255264  
0.254372  
0.255863  
0.258640  
0.256986  
0.261168  
0.254204  
0.255804  
0.255977  
0.258786  
0.254021  
0.259007  
0.257532  
0.265141  
0.263843  
0.262126  
0.260993  
0.261830  
0.264004  
0.256467  
0.258631  
0.260893  
0.256914  
0.259692  
0.276279  
0.314210  
0.314677  
0.320349  
0.318074  
0.323676  
0.326964  
0.288663  
0.334522  
0.313840  
0.319036  
0.321170  
0.328861  
0.321215  
0.325304  
0.325423  
0.324545  
0.307269  
0.308221  
0.311500  
0.309070  
0.313388  
0.316108  
0.318785  
0.324043  
0.314588  
0.267495  
0.262366  
0.265127  
0.256776  
0.257973  
0.270746  
0.268980  
0.267610  
0.259510  
0.261877  
0.261656  
0.261638  
0.268438  
0.269039  
0.257460  
0.265448  
0.258202  
0.266566  
0.260234  
0.257690  
0.266578  
0.263394  
0.267679  
0.268190  
0.272274  
0.253858  
0.257178  
0.256165  
0.265294  
0.267266  
0.262479  
0.264765  
0.264571  
0.270090  
0.261840  
0.256069  
0.266535  
0.270908  
0.274443  
0.280693  
0.258642  
0.279569  
0.277023  
0.270244  
0.241780  
0.234210  
0.272569  
0.289890  
0.275014  
0.312066  
0.236401  
0.279456  
0.277526  
0.259914  
0.288705  
0.268272  
0.234910  
0.296510  
0.268551  
0.265879  
0.391442  
0.412122  
0.265986  
0.190938  
0.173889  
0.362632  
0.203721  
0.259009  
