113.370429
0.851127  
3.442048  
0.567719  
1.190753  
1.160937  
0.943183  
0.763980  
0.922174  
1.037743  
0.973288  
0.870309  
0.845272  
0.837889  
0.845488  
0.845527  
0.861557  
0.861230  
0.822670  
0.826790  
0.811771  
0.859790  
0.855807  
0.822035  
0.844327  
0.854346  
0.813421  
0.846299  
0.804069  
0.817793  
0.800071  
0.804636  
0.822577  
0.778430  
0.783460  
0.788160  
0.795785  
0.766429  
0.773525  
0.773010  
0.768930  
0.742053  
0.711138  
0.730905  
0.725036  
0.741874  
0.715521  
0.722021  
0.738587  
0.735571  
0.744410  
0.740593  
0.735694  
0.739761  
0.746218  
0.745341  
0.751921  
0.747261  
0.754883  
0.765201  
0.764311  
0.768991  
0.767752  
0.774420  
0.790039  
0.780535  
0.800041  
0.792057  
0.786668  
0.791348  
0.811983  
0.792407  
0.796158  
0.817207  
0.798770  
0.804369  
0.811808  
0.829130  
0.815089  
0.815745  
0.833847  
0.792479  
0.806874  
0.812561  
0.819715  
0.781304  
0.790318  
0.756620  
0.798536  
0.787623  
0.801986  
0.798191  
0.740053  
0.731125  
0.818058  
0.730131  
0.777979  
0.753960  
0.719037  
0.729491  
0.709243  
0.717011  
0.735736  
0.726169  
0.676926  
0.693672  
0.693981  
0.666462  
0.663472  
0.659187  
0.661676  
0.642073  
0.684836  
0.635936  
0.623845  
0.646280  
0.642736  
0.646675  
0.642973  
0.634196  
0.632838  
0.628307  
0.621740  
0.646388  
0.664792  
0.596757  
0.633124  
0.591661  
0.611950  
0.585763  
0.641247  
0.597789  
0.568226  
0.580509  
0.572773  
0.612675  
0.681637  
0.620785  
0.568661  
0.583992  
0.601852  
0.635765  
0.647849  
0.624671  
0.643171  
0.576486  
0.647707  
0.643530  
0.583112  
0.599446  
0.600905  
0.606750  
0.609271  
0.618686  
0.606850  
0.624755  
0.608869  
0.626212  
0.636978  
0.630414  
0.631160  
0.633784  
0.649437  
0.654869  
0.645604  
0.658117  
0.654679  
0.318585  
0.334062  
0.334307  
0.347162  
0.372029  
0.432945  
0.629159  
0.620834  
0.617824  
0.617469  
0.613645  
0.607641  
0.598675  
0.595915  
0.589611  
0.589791  
0.582485  
0.576652  
0.573248  
0.574542  
0.566546  
0.562799  
0.559173  
0.556918  
0.550969  
0.548489  
0.547762  
0.544726  
0.544714  
0.537710  
0.535604  
0.530660  
0.531381  
0.526604  
0.527872  
0.526400  
0.522535  
0.519593  
0.517990  
0.515314  
0.512721  
0.512518  
0.507177  
0.510679  
0.506950  
0.504066  
0.504327  
0.503528  
0.499909  
0.494823  
0.492022  
0.494158  
0.490143  
0.487866  
0.490899  
0.484441  
0.484837  
0.483029  
0.479485  
0.482764  
0.477308  
0.473774  
0.471918  
0.475017  
0.476402  
0.473361  
0.472309  
0.468988  
0.469594  
0.469842  
0.465728  
0.464478  
0.461044  
0.461751  
0.463076  
0.458991  
0.459668  
0.456820  
0.454853  
0.457637  
0.456373  
0.457319  
0.454025  
0.453195  
0.451142  
0.449515  
0.449713  
0.449291  
0.447148  
0.448929  
0.445740  
0.444750  
0.445441  
0.444127  
0.443005  
0.441581  
0.440278  
0.440843  
0.440345  
0.438563  
0.439053  
0.437353  
0.438650  
0.437068  
0.436460  
0.434776  
0.433867  
0.431819  
0.432482  
0.430694  
0.432728  
0.432241  
0.429902  
0.430183  
0.430201  
0.430412  
0.427736  
0.427895  
0.426176  
0.426311  
0.423807  
0.422548  
0.421536  
0.423132  
0.423249  
0.420122  
0.423265  
0.421325  
0.419573  
0.418813  
0.420922  
0.418240  
0.420244  
0.418201  
0.418580  
0.417467  
0.416882  
0.416351  
0.415323  
0.414839  
0.414379  
0.415110  
0.412864  
0.414821  
0.411302  
0.410920  
0.410111  
0.410621  
0.412600  
0.409939  
0.412706  
0.411341  
0.407640  
0.410505  
0.409495  
0.408115  
0.409683  
0.406628  
0.404795  
0.407650  
0.404375  
0.405452  
0.405666  
0.405099  
0.404236  
0.401547  
0.404351  
0.402049  
0.402953  
0.402476  
0.402478  
0.400206  
0.401955  
0.401072  
0.401296  
0.400694  
0.400656  
0.397600  
0.398600  
0.397042  
0.396554  
0.396387  
0.396890  
0.397164  
0.395559  
0.395959  
0.395339  
0.396236  
0.394310  
0.396445  
0.394762  
0.394962  
0.395931  
0.393670  
0.395501  
0.394728  
0.393810  
0.393742  
0.392374  
0.392625  
0.391159  
0.391298  
0.391105  
0.390631  
0.389839  
0.389153  
0.389040  
0.388293  
0.388533  
0.386591  
0.386721  
0.386702  
0.386710  
0.384731  
0.384784  
0.385730  
0.385318  
0.384843  
0.384402  
0.383977  
0.384692  
0.383464  
0.384470  
0.384080  
0.384298  
0.383619  
0.383490  
0.383981  
0.384607  
0.382599  
0.382128  
0.383535  
0.382030  
0.382373  
0.381717  
0.381402  
0.382273  
0.382730  
0.380843  
0.380824  
0.381350  
0.380308  
0.381777  
0.379068  
0.381247  
0.378695  
0.379735  
0.378966  
0.378474  
0.378645  
0.377845  
0.377824  
0.378276  
0.378545  
0.377586  
0.376435  
0.378093  
0.377002  
0.376587  
0.377190  
0.375403  
0.377342  
0.375462  
0.376272  
0.375385  
0.375796  
0.374521  
0.375266  
0.375762  
0.374314  
0.374837  
0.373309  
0.374964  
0.374168  
0.374477  
0.374760  
0.371691  
0.373351  
0.375836  
0.373478  
0.374515  
0.371002  
0.372560  
0.373519  
0.372797  
0.372503  
0.373676  
0.371134  
0.370113  
0.371526  
0.372287  
0.371690  
0.369934  
0.373182  
0.370756  
0.370377  
0.371403  
0.370596  
0.369972  
0.370304  
0.369694  
0.370087  
0.370383  
0.368107  
0.370351  
0.368472  
0.369922  
0.368460  
0.369269  
0.367513  
0.369159  
0.365800  
0.369326  
0.366267  
0.368045  
0.366242  
0.365420  
0.366656  
0.368242  
0.366102  
0.363116  
0.365135  
0.365584  
0.363469  
0.366896  
0.364925  
0.366696  
0.362907  
0.362544  
0.366458  
0.365264  
0.365299  
0.366116  
0.360833  
0.360490  
0.365165  
0.365106  
0.362532  
0.365818  
0.363512  
0.361310  
0.361509  
0.360890  
0.360482  
0.364544  
0.361135  
0.358741  
0.363846  
0.362160  
0.363638  
0.360244  
0.362208  
0.363868  
0.361561  
0.359749  
0.361352  
0.362062  
0.361781  
0.358772  
0.358367  
0.356216  
0.358864  
0.359860  
0.358680  
0.360819  
0.358653  
0.357366  
0.356516  
0.357685  
0.359332  
0.363047  
0.364838  
0.357575  
0.362186  
0.364329  
0.360238  
0.358243  
0.364124  
0.360869  
0.359421  
0.359203  
0.358205  
0.353164  
0.355946  
0.357338  
0.357416  
0.359872  
0.357806  
0.362023  
0.359117  
0.357340  
0.354881  
0.355687  
0.349254  
0.349993  
0.359651  
0.360162  
0.360461  
0.355406  
0.354404  
0.358897  
0.361726  
0.362847  
0.368681  
0.362493  
0.319302  
0.345664  
0.346358  
0.361399  
0.360098  
0.357167  
0.356946  
0.340548  
0.349456  
0.349724  
0.349261  
0.348778  
0.352771  
0.357783  
0.354424  
0.359392  
0.357104  
0.354714  
0.353872  
0.357257  
0.353095  
0.359899  
0.352445  
0.358050  
0.356315  
0.354903  
0.353490  
0.357093  
0.350801  
0.352424  
0.353124  
0.357618  
0.352809  
0.350878  
0.355921  
0.353757  
0.355710  
0.349439  
0.357864  
0.358976  
0.350573  
0.345220  
0.351316  
0.348042  
0.356755  
0.354058  
0.350692  
0.350698  
0.357193  
0.351223  
0.361110  
0.353280  
0.344510  
0.342678  
0.331813  
0.348255  
0.352065  
0.337579  
0.361305  
0.351129  
0.345346  
0.346824  
0.356757  
0.341421  
0.355234  
0.355039  
0.348823  
0.352404  
0.351058  
0.362799  
0.353155  
0.310661  
0.326300  
0.367224  
0.342848  
0.349195  
0.375357  
0.356411  
0.383529  
0.358208  
0.328261  
0.394155  
0.358145  
0.356553  
0.355953  
0.492090  
0.256699  
0.370146  
0.423191  
0.326836  
0.365207  
0.222275  
0.267446  
0.252293  
0.317707  
