-128.000000
1.069796  
3.450484  
0.946466  
0.516803  
0.523798  
0.320502  
0.560872  
0.505191  
0.539931  
0.338053  
0.443145  
0.333757  
0.428671  
0.396558  
0.362281  
0.440291  
0.365086  
0.394709  
0.367554  
0.379174  
0.396090  
0.378275  
0.379472  
0.403628  
0.398548  
0.394291  
0.388497  
0.364331  
0.385159  
0.375408  
0.381962  
0.384860  
0.359756  
0.369183  
0.369748  
0.374823  
0.371861  
0.388388  
0.376911  
0.368063  
0.371946  
0.374011  
0.370535  
0.385044  
0.371180  
0.379419  
0.383318  
0.390453  
0.382045  
0.382354  
0.391152  
0.388204  
0.388444  
0.398946  
0.389516  
0.400142  
0.392345  
0.398735  
0.400634  
0.398081  
0.402022  
0.402624  
0.412588  
0.407779  
0.408991  
0.410956  
0.406166  
0.400371  
0.408229  
0.420137  
0.413904  
0.422094  
0.425977  
0.409915  
0.422273  
0.418748  
0.427242  
0.415727  
0.421185  
0.417151  
0.427163  
0.415982  
0.402697  
0.457331  
0.421317  
0.399148  
0.416436  
0.454856  
0.427736  
0.396225  
0.430289  
0.410911  
0.440302  
0.480690  
0.428695  
0.434538  
0.425111  
0.471161  
0.442820  
0.449634  
0.462718  
0.461074  
0.443465  
0.439637  
0.456192  
0.448974  
0.482761  
0.459660  
0.433353  
0.443104  
0.442591  
0.449518  
0.424526  
0.427391  
0.444265  
0.446188  
0.462489  
0.444152  
0.446323  
0.493695  
0.454114  
0.414437  
0.497142  
0.534910  
0.478983  
0.461786  
0.489237  
0.499344  
0.450993  
0.479567  
0.496411  
0.496090  
0.488244  
0.461484  
0.505094  
0.534978  
0.496762  
0.486788  
0.439563  
0.498712  
0.585211  
0.544951  
0.545376  
0.529161  
0.507437  
0.473338  
0.560676  
0.489732  
0.512026  
0.489714  
0.485895  
0.488095  
0.483067  
0.484897  
0.489816  
0.463892  
0.471924  
0.467329  
0.456703  
0.452445  
0.442399  
0.442471  
0.432406  
0.419453  
0.408596  
0.398958  
0.377887  
0.367905  
0.350848  
0.334524  
0.316241  
0.330226  
0.284902  
0.265623  
0.250956  
0.239979  
0.225241  
0.212152  
0.195615  
0.186678  
0.176345  
0.163920  
0.155382  
0.145177  
0.137747  
0.132840  
0.127085  
0.118683  
0.110225  
0.105736  
0.099703  
0.094726  
0.089708  
0.085047  
0.080226  
0.078075  
0.073719  
0.069627  
0.066867  
0.064583  
0.060492  
0.058603  
0.054938  
0.054350  
0.051183  
0.049114  
0.046309  
0.046095  
0.043905  
0.042657  
0.041747  
0.040075  
0.038660  
0.037229  
0.036505  
0.035113  
0.034444  
0.035022  
0.034012  
0.032916  
0.033039  
0.032963  
0.032180  
0.032608  
0.032211  
0.032054  
0.032773  
0.032075  
0.031672  
0.032058  
0.032671  
0.031885  
0.032582  
0.032896  
0.033898  
0.033705  
0.033998  
0.034181  
0.035018  
0.035499  
0.035472  
0.035512  
0.036740  
0.037622  
0.038556  
0.038735  
0.039887  
0.040415  
0.040441  
0.041671  
0.042285  
0.042954  
0.044505  
0.044332  
0.045728  
0.045373  
0.047135  
0.047583  
0.048894  
0.049953  
0.050065  
0.051595  
0.052798  
0.053549  
0.053487  
0.055080  
0.056036  
0.056166  
0.057795  
0.058155  
0.059803  
0.060840  
0.060926  
0.062127  
0.063607  
0.064052  
0.065587  
0.065727  
0.066134  
0.068677  
0.068546  
0.069676  
0.070938  
0.072378  
0.072892  
0.073596  
0.074994  
0.076087  
0.076339  
0.077785  
0.078815  
0.079329  
0.080458  
0.081698  
0.081948  
0.083586  
0.084112  
0.085371  
0.085997  
0.088013  
0.087732  
0.089209  
0.089423  
0.091080  
0.092225  
0.093106  
0.094138  
0.095186  
0.095457  
0.096887  
0.096750  
0.098446  
0.100186  
0.100087  
0.101219  
0.102358  
0.102773  
0.104284  
0.104847  
0.105887  
0.106833  
0.107029  
0.108098  
0.108883  
0.109769  
0.111654  
0.111887  
0.113095  
0.113569  
0.115056  
0.115051  
0.115924  
0.117215  
0.118081  
0.119148  
0.119004  
0.120027  
0.120430  
0.122505  
0.122125  
0.124146  
0.125085  
0.125637  
0.125066  
0.126464  
0.127460  
0.127861  
0.128715  
0.129097  
0.130317  
0.130861  
0.132254  
0.132887  
0.133553  
0.133955  
0.135738  
0.136207  
0.137071  
0.137972  
0.139116  
0.139457  
0.140137  
0.140781  
0.141825  
0.142053  
0.143326  
0.143350  
0.144328  
0.144856  
0.145747  
0.145699  
0.146472  
0.147361  
0.148429  
0.148278  
0.149068  
0.149783  
0.149834  
0.150154  
0.151998  
0.152481  
0.152820  
0.153383  
0.153943  
0.154938  
0.155753  
0.155679  
0.157116  
0.157542  
0.158529  
0.159904  
0.159804  
0.160380  
0.161213  
0.162458  
0.163151  
0.163070  
0.163702  
0.164391  
0.164929  
0.165665  
0.166866  
0.167044  
0.168071  
0.167776  
0.168856  
0.169723  
0.170148  
0.170696  
0.170534  
0.172567  
0.172484  
0.172950  
0.173095  
0.173966  
0.174659  
0.174966  
0.176808  
0.176298  
0.177138  
0.177390  
0.176624  
0.179146  
0.179306  
0.179644  
0.179776  
0.180535  
0.180529  
0.181773  
0.182615  
0.182243  
0.182800  
0.183489  
0.184674  
0.184621  
0.185436  
0.185804  
0.186304  
0.187390  
0.187154  
0.187355  
0.189079  
0.188081  
0.190127  
0.190065  
0.191413  
0.190548  
0.191991  
0.190937  
0.192240  
0.192749  
0.192401  
0.193249  
0.194091  
0.193830  
0.195137  
0.196206  
0.196332  
0.197179  
0.197143  
0.196737  
0.198112  
0.199084  
0.199995  
0.199758  
0.200826  
0.200122  
0.201751  
0.201742  
0.201954  
0.201573  
0.201505  
0.201926  
0.202694  
0.202661  
0.203902  
0.204812  
0.203815  
0.205061  
0.203990  
0.206108  
0.206629  
0.205168  
0.205739  
0.205926  
0.208946  
0.207230  
0.207456  
0.206697  
0.207554  
0.212039  
0.209801  
0.211765  
0.209613  
0.211164  
0.213450  
0.213303  
0.213051  
0.213070  
0.212341  
0.213653  
0.210486  
0.214961  
0.213114  
0.213988  
0.216258  
0.214765  
0.214209  
0.216329  
0.215519  
0.213645  
0.214984  
0.217424  
0.215897  
0.218305  
0.220217  
0.220407  
0.217967  
0.217916  
0.220271  
0.218898  
0.221544  
0.221461  
0.221631  
0.220850  
0.220897  
0.220796  
0.223461  
0.222501  
0.223145  
0.225089  
0.222523  
0.227154  
0.223769  
0.225074  
0.223210  
0.225145  
0.229653  
0.226910  
0.224746  
0.224466  
0.229139  
0.228789  
0.226923  
0.228730  
0.231749  
0.228329  
0.228166  
0.228908  
0.226735  
0.227779  
0.233467  
0.232345  
0.232693  
0.229670  
0.230897  
0.243129  
0.238232  
0.236024  
0.241342  
0.277971  
0.274010  
0.259578  
0.248641  
0.249307  
0.249332  
0.252969  
0.252489  
0.250699  
0.253085  
0.300870  
0.251704  
0.256565  
0.274996  
0.302386  
0.294614  
0.296369  
0.301188  
0.300233  
0.307958  
0.308833  
0.308849  
0.315520  
0.319618  
0.318218  
0.321690  
0.283844  
0.249392  
0.244878  
0.241832  
0.240489  
0.239366  
0.242850  
0.240183  
0.241782  
0.241866  
0.243776  
0.244683  
0.244335  
0.250662  
0.241846  
0.245465  
0.241112  
0.245116  
0.247284  
0.246051  
0.245748  
0.246576  
0.247062  
0.244724  
0.246363  
0.250827  
0.245086  
0.243814  
0.244945  
0.248254  
0.245426  
0.237731  
0.247104  
0.254682  
0.256875  
0.249801  
0.240536  
0.247758  
0.247720  
0.252051  
0.246618  
0.253228  
0.243665  
0.254856  
0.261982  
0.252839  
0.242299  
0.240248  
0.242281  
0.259270  
0.255752  
0.245484  
0.249783  
0.251543  
0.247480  
0.261391  
0.250915  
0.260123  
0.275952  
0.235500  
0.248989  
0.237230  
0.248926  
0.255564  
0.258788  
0.254324  
0.267197  
0.193489  
0.242635  
0.267251  
0.344538  
0.247900  
0.273485  
0.375661  
0.270234  
0.252578  
0.232382  
0.219600  
0.312572  
0.240092  
