Source : TiO2_Si_Sputtering_50min_muestra2.D1.11h 07mn 53s
Spectrum : 1

Wavelength	Psi	Delta

829.9594	8.946	167.809
829.5408	8.975	167.745
829.1221	8.937	167.671
828.7034	8.954	167.709
828.2845	8.920	167.666
827.8656	8.959	167.630
827.4465	8.957	167.549
827.0275	8.941	167.500
826.6082	8.946	167.533
826.1889	8.951	167.497
825.7695	8.953	167.505
825.3500	8.935	167.486
824.9305	8.919	167.531
824.5108	8.926	167.494
824.0911	8.921	167.452
823.6713	8.925	167.417
823.2513	8.921	167.410
822.8313	8.926	167.424
822.4112	8.947	167.431
821.9910	8.959	167.499
821.5707	8.955	167.451
821.1503	8.956	167.485
820.7299	8.977	167.450
820.3093	8.988	167.494
819.8886	8.995	167.483
819.4679	9.004	167.439
819.0471	9.025	167.443
818.6262	9.039	167.420
818.2051	9.044	167.363
817.7841	9.053	167.311
817.3629	9.048	167.313
816.9416	9.065	167.332
816.5202	9.074	167.335
816.0988	9.084	167.347
815.6772	9.102	167.295
815.2556	9.096	167.298
814.8338	9.108	167.358
814.4120	9.117	167.321
813.9901	9.124	167.361
813.5681	9.130	167.374
813.1460	9.134	167.332
812.7238	9.133	167.344
812.3015	9.163	167.315
811.8792	9.146	167.382
811.4567	9.155	167.394
811.0341	9.158	167.401
810.6115	9.156	167.465
810.1888	9.157	167.433
809.7659	9.171	167.393
809.3430	9.181	167.398
808.9200	9.188	167.380
808.4969	9.195	167.338
808.0738	9.197	167.332
807.6505	9.205	167.379
807.2271	9.204	167.344
806.8036	9.215	167.300
806.3802	9.226	167.276
805.9564	9.238	167.207
805.5327	9.243	167.178
805.1089	9.252	167.090
804.6850	9.264	167.055
804.2610	9.261	167.020
803.8369	9.273	167.018
803.4127	9.279	167.017
802.9884	9.283	167.029
802.5640	9.292	167.046
802.1396	9.290	167.039
801.7150	9.292	167.050
801.2903	9.305	167.035
800.8657	9.304	167.060
800.4408	9.297	167.064
800.0159	9.305	167.037
799.5909	9.312	167.007
799.1658	9.324	167.022
798.7406	9.336	166.980
798.3153	9.351	166.941
797.8899	9.371	166.888
797.4644	9.379	166.909
797.0389	9.395	166.876
796.6132	9.401	166.849
796.1875	9.397	166.854
795.7617	9.407	166.864
795.3357	9.412	166.859
794.9097	9.427	166.821
794.4836	9.431	166.766
794.0574	9.438	166.798
793.6310	9.450	166.738
793.2047	9.457	166.704
792.7782	9.462	166.698
792.3516	9.470	166.724
791.9249	9.470	166.734
791.4982	9.486	166.749
791.0714	9.489	166.742
790.6444	9.495	166.754
790.2173	9.497	166.762
789.7902	9.507	166.730
789.3630	9.512	166.693
788.9357	9.521	166.688
788.5083	9.526	166.688
788.0807	9.526	166.692
787.6532	9.537	166.703
787.2256	9.532	166.701
786.7977	9.531	166.677
786.3699	9.536	166.692
785.9419	9.541	166.674
785.5139	9.547	166.687
785.0857	9.551	166.656
784.6575	9.561	166.616
784.2291	9.560	166.646
783.8007	9.558	166.647
783.3722	9.559	166.625
782.9435	9.566	166.599
782.5148	9.574	166.602
782.0861	9.573	166.643
781.6573	9.572	166.673
781.2282	9.575	166.675
780.7991	9.580	166.676
780.3698	9.583	166.673
779.9407	9.583	166.695
779.5113	9.582	166.703
779.0818	9.593	166.682
778.6523	9.607	166.669
778.2227	9.618	166.640
777.7930	9.622	166.671
777.3632	9.631	166.668
776.9332	9.635	166.658
776.5032	9.640	166.635
776.0731	9.643	166.624
775.6429	9.644	166.586
775.2126	9.652	166.589
774.7822	9.660	166.591
774.3517	9.661	166.623
773.9212	9.665	166.631
773.4905	9.668	166.634
773.0598	9.677	166.630
772.6289	9.683	166.608
772.1980	9.689	166.569
771.7669	9.690	166.573
771.3358	9.690	166.565
770.9046	9.695	166.583
770.4733	9.702	166.599
770.0419	9.709	166.611
769.6104	9.718	166.632
769.1787	9.724	166.664
768.7471	9.720	166.670
768.3152	9.731	166.677
767.8834	9.743	166.673
767.4514	9.752	166.640
767.0193	9.757	166.629
766.5872	9.767	166.636
766.1549	9.774	166.641
765.7224	9.779	166.658
765.2901	9.785	166.669
764.8575	9.793	166.682
764.4249	9.803	166.698
763.9922	9.814	166.724
763.5593	9.824	166.699
763.1264	9.829	166.730
762.6934	9.837	166.727
762.2603	9.838	166.753
761.8271	9.842	166.754
761.3938	9.844	166.755
760.9604	9.852	166.745
760.5269	9.862	166.765
760.0933	9.873	166.754
759.6597	9.884	166.736
759.2259	9.885	166.726
758.7921	9.891	166.739
758.3581	9.898	166.715
757.9240	9.897	166.744
757.4900	9.903	166.737
757.0556	9.907	166.732
756.6213	9.919	166.739
756.1868	9.926	166.717
755.7523	9.926	166.712
755.3177	9.934	166.722
754.8830	9.935	166.730
754.4482	9.935	166.725
754.0132	9.940	166.737
753.5782	9.949	166.743
753.1432	9.953	166.756
752.7079	9.956	166.775
752.2726	9.960	166.790
751.8373	9.959	166.795
751.4018	9.968	166.778
750.9662	9.974	166.768
750.5306	9.978	166.786
750.0948	9.980	166.787
749.6589	9.986	166.800
749.2230	9.988	166.809
748.7869	9.988	166.826
748.3508	9.996	166.826
747.9146	10.001	166.862
747.4782	10.006	166.887
747.0417	10.009	166.896
746.6052	10.010	166.885
746.1686	10.019	166.870
745.7319	10.026	166.839
745.2950	10.032	166.818
744.8582	10.040	166.814
744.4211	10.042	166.839
743.9841	10.047	166.851
743.5468	10.054	166.836
743.1096	10.056	166.849
742.6722	10.058	166.866
742.2347	10.058	166.895
741.7971	10.060	166.887
741.3594	10.061	166.892
740.9215	10.063	166.909
740.4838	10.066	166.934
740.0458	10.067	166.962
739.6077	10.070	166.992
739.1696	10.076	166.988
738.7313	10.077	167.025
738.2930	10.078	167.020
737.8545	10.082	167.019
737.4160	10.090	167.011
736.9773	10.089	167.041
736.5386	10.092	167.045
736.0996	10.094	167.048
735.6608	10.098	167.073
735.2218	10.102	167.089
734.7827	10.098	167.118
734.3434	10.101	167.124
733.9041	10.104	167.115
733.4647	10.104	167.094
733.0252	10.103	167.107
732.5856	10.112	167.116
732.1459	10.112	167.121
731.7061	10.110	167.119
731.2662	10.112	167.151
730.8261	10.112	167.170
730.3861	10.109	167.193
729.9459	10.110	167.198
729.5057	10.109	167.212
729.0653	10.115	167.208
728.6248	10.112	167.223
728.1843	10.109	167.231
727.7436	10.108	167.238
727.3028	10.106	167.263
726.8619	10.111	167.249
726.4210	10.108	167.268
725.9799	10.110	167.265
725.5388	10.111	167.245
725.0975	10.115	167.229
724.6562	10.118	167.223
724.2147	10.115	167.216
723.7732	10.114	167.220
723.3315	10.112	167.218
722.8898	10.114	167.221
722.4479	10.115	167.227
722.0060	10.114	167.235
721.5640	10.121	167.206
721.1218	10.123	167.207
720.6796	10.124	167.209
720.2373	10.123	167.206
719.7949	10.122	167.216
719.3524	10.124	167.224
718.9097	10.125	167.222
718.4670	10.126	167.212
718.0242	10.135	167.197
717.5813	10.137	167.192
717.1383	10.137	167.200
716.6952	10.141	167.190
716.2520	10.144	167.194
715.8087	10.148	167.196
715.3653	10.152	167.199
714.9218	10.153	167.211
714.4782	10.156	167.210
714.0345	10.161	167.183
713.5907	10.165	167.181
713.1469	10.166	167.158
712.7028	10.170	167.162
712.2588	10.176	167.146
711.8146	10.183	167.126
711.3703	10.190	167.103
710.9259	10.197	167.080
710.4814	10.201	167.073
710.0369	10.208	167.080
709.5922	10.212	167.080
709.1474	10.218	167.082
708.7026	10.224	167.087
708.2576	10.229	167.082
707.8125	10.236	167.069
707.3674	10.244	167.037
706.9221	10.251	167.024
706.4767	10.258	167.007
706.0313	10.265	166.980
705.5857	10.275	166.960
705.1401	10.284	166.960
704.6943	10.292	166.958
704.2484	10.298	166.950
703.8025	10.304	166.934
703.3564	10.312	166.900
702.9103	10.322	166.892
702.4641	10.330	166.881
702.0177	10.339	166.862
701.5712	10.348	166.847
701.1247	10.356	166.834
700.6780	10.363	166.836
700.2313	10.371	166.813
699.7844	10.379	166.805
699.3375	10.388	166.804
698.8904	10.395	166.783
698.4433	10.400	166.772
697.9961	10.411	166.728
697.5488	10.417	166.709
697.1013	10.423	166.699
696.6537	10.429	166.708
696.2061	10.436	166.702
695.7584	10.443	166.703
695.3105	10.451	166.690
694.8626	10.456	166.678
694.4146	10.464	166.668
693.9664	10.473	166.656
693.5182	10.484	166.655
693.0699	10.492	166.652
692.6215	10.500	166.649
692.1729	10.506	166.639
691.7243	10.512	166.637
691.2756	10.521	166.640
690.8267	10.528	166.625
690.3778	10.537	166.612
689.9288	10.543	166.601
689.4797	10.550	166.597
689.0304	10.555	166.586
688.5811	10.562	166.580
688.1317	10.567	166.588
687.6821	10.572	166.587
687.2325	10.578	166.574
686.7828	10.583	166.554
686.3329	10.590	166.547
685.8830	10.598	166.530
685.4330	10.606	166.522
684.9828	10.612	166.509
684.5327	10.617	166.503
684.0823	10.623	166.498
683.6319	10.629	166.497
683.1813	10.633	166.497
682.7307	10.642	166.477
682.2800	10.647	166.472
681.8292	10.653	166.471
681.3782	10.660	166.473
680.9272	10.663	166.478
680.4761	10.668	166.468
680.0248	10.672	166.471
679.5735	10.677	166.472
679.1221	10.682	166.465
678.6705	10.687	166.455
678.2189	10.691	166.445
677.7672	10.696	166.432
677.3154	10.701	166.430
676.8634	10.708	166.430
676.4114	10.711	166.426
675.9592	10.715	166.418
675.5070	10.719	166.404
675.0547	10.723	166.407
674.6022	10.725	166.407
674.1497	10.729	166.403
673.6971	10.728	166.397
673.2443	10.733	166.402
672.7915	10.735	166.397
672.3386	10.740	166.378
671.8855	10.744	166.359
671.4324	10.747	166.346
670.9791	10.751	166.341
670.5258	10.754	166.329
670.0723	10.758	166.322
669.6188	10.760	166.322
669.1651	10.763	166.325
668.7114	10.767	166.325
668.2575	10.771	166.331
667.8035	10.774	166.314
667.3495	10.777	166.308
666.8953	10.781	166.315
666.4411	10.784	166.314
665.9868	10.788	166.325
665.5323	10.792	166.322
665.0777	10.794	166.321
664.6230	10.797	166.313
664.1683	10.800	166.317
663.7134	10.806	166.314
663.2584	10.807	166.320
662.8034	10.809	166.316
662.3482	10.811	166.321
661.8929	10.813	166.317
661.4376	10.815	166.312
660.9821	10.820	166.303
660.5265	10.824	166.312
660.0708	10.828	166.317
659.6151	10.833	166.312
659.1592	10.839	166.303
658.7032	10.843	166.291
658.2471	10.845	166.288
657.7909	10.848	166.294
657.3346	10.853	166.304
656.8782	10.858	166.301
656.4218	10.862	166.301
655.9651	10.865	166.291
655.5084	10.869	166.280
655.0516	10.872	166.276
654.5947	10.876	166.264
654.1377	10.880	166.260
653.6806	10.883	166.255
653.2234	10.885	166.260
652.7661	10.889	166.258
652.3087	10.891	166.263
651.8511	10.895	166.256
651.3936	10.901	166.253
650.9358	10.905	166.245
650.4780	10.910	166.235
650.0201	10.915	166.234
649.5620	10.922	166.239
649.1039	10.925	166.243
648.6457	10.927	166.235
648.1873	10.933	166.242
647.7289	10.936	166.230
647.2703	10.942	166.231
646.8117	10.945	166.234
646.3530	10.947	166.231
645.8941	10.948	166.235
645.4351	10.952	166.226
644.9761	10.957	166.230
644.5169	10.958	166.215
644.0577	10.962	166.203
643.5983	10.966	166.193
643.1389	10.970	166.191
642.6793	10.973	166.199
642.2196	10.975	166.185
641.7598	10.979	166.183
641.2999	10.983	166.170
640.8400	10.989	166.165
640.3799	10.992	166.162
639.9197	10.998	166.155
639.4594	11.001	166.147
638.9990	11.002	166.140
638.5385	11.006	166.138
638.0779	11.007	166.140
637.6172	11.009	166.135
637.1564	11.012	166.135
636.6954	11.014	166.136
636.2344	11.018	166.125
635.7733	11.021	166.120
635.3121	11.020	166.115
634.8508	11.026	166.104
634.3893	11.028	166.108
633.9278	11.035	166.107
633.4662	11.045	166.102
633.0044	11.050	166.107
632.5425	11.054	166.112
632.0806	11.056	166.117
631.6186	11.054	166.126
631.1564	11.056	166.133
630.6942	11.053	166.127
630.2318	11.051	166.117
629.7693	11.044	166.119
629.3068	11.050	166.110
628.8441	11.046	166.111
628.3813	11.057	166.110
627.9184	11.064	166.098
627.4554	11.076	166.117
626.9923	11.079	166.099
626.5291	11.074	166.104
626.0658	11.073	166.104
625.6024	11.074	166.116
625.1389	11.079	166.149
624.6753	11.087	166.158
624.2115	11.082	166.192
623.7477	11.081	166.217
623.2838	11.098	166.246
622.8198	11.102	166.258
622.3557	11.100	166.167
621.8914	11.098	166.085
621.4271	11.094	165.999
620.9626	11.085	165.892
620.4980	11.071	165.804
620.0334	11.069	165.706
619.5687	11.077	165.600
619.1038	11.071	165.516
618.6388	11.061	165.438
618.1737	11.059	165.357
617.7086	11.050	165.278
617.2433	11.042	165.200
616.7779	11.039	165.125
616.3124	11.031	165.074
615.8468	11.019	165.027
615.3810	11.017	164.959
614.9153	11.005	164.899
614.4492	10.996	164.846
613.9833	10.989	164.806
613.5172	10.984	164.757
613.0510	10.981	164.720
612.5847	10.977	164.696
612.1182	10.975	164.666
611.6516	10.972	164.638
611.1850	10.970	164.613
610.7183	10.968	164.594
610.2514	10.967	164.571
609.7844	10.965	164.552
609.3173	10.968	164.550
608.8502	10.972	164.541
608.3829	10.973	164.541
607.9156	10.978	164.549
607.4480	10.985	164.557
606.9804	10.991	164.578
606.5127	10.999	164.589
606.0449	11.007	164.609
605.5770	11.016	164.633
605.1089	11.026	164.661
604.6408	11.035	164.682
604.1726	11.049	164.710
603.7042	11.064	164.749
603.2358	11.078	164.787
602.7673	11.092	164.835
602.2986	11.104	164.882
601.8298	11.117	164.920
601.3610	11.132	164.969
600.8920	11.147	165.019
600.4229	11.163	165.066
599.9537	11.179	165.119
599.4844	11.197	165.178
599.0150	11.218	165.247
598.5455	11.237	165.305
598.0759	11.257	165.358
597.6062	11.274	165.421
597.1364	11.296	165.491
596.6664	11.322	165.555
596.1964	11.343	165.624
595.7263	11.366	165.696
595.2560	11.385	165.766
594.7857	11.400	165.844
594.3152	11.419	165.911
593.8447	11.438	165.977
593.3741	11.457	166.051
592.9032	11.483	166.115
592.4323	11.508	166.179
591.9613	11.538	166.244
591.4902	11.566	166.316
591.0190	11.602	166.385
590.5477	11.623	166.456
590.0763	11.658	166.518
589.6048	11.675	166.582
589.1331	11.696	166.649
588.6614	11.707	166.682
588.1896	11.725	166.742
587.7176	11.753	166.776
587.2455	11.779	166.808
586.7734	11.799	166.824
586.3011	11.815	166.793
585.8287	11.823	166.776
585.3563	11.845	166.710
584.8837	11.865	166.635
584.4109	11.862	166.537
583.9382	11.870	166.438
583.4652	11.881	166.416
582.9922	11.893	166.380
582.5191	11.903	166.354
582.0458	11.916	166.351
581.5725	11.933	166.336
581.0991	11.940	166.328
580.6255	11.938	166.332
580.1519	11.945	166.317
579.6780	11.958	166.302
579.2042	11.959	166.288
578.7303	11.970	166.283
578.2561	11.978	166.282
577.7819	11.979	166.281
577.3076	11.984	166.268
576.8332	11.997	166.247
576.3586	12.001	166.254
575.8840	12.013	166.252
575.4093	12.024	166.252
574.9344	12.035	166.239
574.4595	12.044	166.242
573.9844	12.051	166.240
573.5092	12.061	166.235
573.0339	12.070	166.231
572.5586	12.078	166.224
572.0831	12.088	166.222
571.6075	12.100	166.216
571.1318	12.112	166.227
570.6559	12.124	166.228
570.1801	12.135	166.234
569.7040	12.141	166.239
569.2278	12.156	166.241
568.7516	12.164	166.240
568.2753	12.175	166.246
567.7989	12.186	166.241
567.3222	12.194	166.248
566.8455	12.205	166.252
566.3687	12.215	166.247
565.8918	12.225	166.248
565.4149	12.236	166.251
564.9377	12.244	166.254
564.4605	12.252	166.255
563.9832	12.259	166.257
563.5057	12.267	166.253
563.0282	12.275	166.248
562.5505	12.287	166.250
562.0728	12.296	166.252
561.5948	12.305	166.256
561.1169	12.314	166.254
560.6388	12.323	166.255
560.1606	12.332	166.254
559.6823	12.341	166.247
559.2039	12.349	166.243
558.7253	12.357	166.248
558.2467	12.368	166.252
557.7679	12.378	166.246
557.2891	12.387	166.251
556.8102	12.395	166.257
556.3311	12.405	166.253
555.8519	12.414	166.261
555.3726	12.423	166.261
554.8932	12.431	166.258
554.4137	12.440	166.257
553.9341	12.449	166.254
553.4543	12.459	166.257
552.9745	12.466	166.257
552.4946	12.473	166.263
552.0145	12.482	166.269
551.5345	12.490	166.273
551.0541	12.498	166.287
550.5737	12.505	166.296
550.0933	12.515	166.297
549.6126	12.522	166.302
549.1320	12.530	166.310
548.6511	12.538	166.312
548.1702	12.545	166.310
547.6891	12.552	166.315
547.2080	12.560	166.321
546.7267	12.567	166.328
546.2454	12.575	166.333
545.7639	12.583	166.341
545.2823	12.590	166.348
544.8007	12.596	166.354
544.3188	12.603	166.356
543.8369	12.609	166.362
543.3549	12.616	166.368
542.8728	12.619	166.379
542.3905	12.626	166.387
541.9082	12.634	166.393
541.4257	12.641	166.399
540.9431	12.646	166.405
540.4604	12.652	166.410
539.9777	12.661	166.409
539.4948	12.669	166.412
539.0118	12.677	166.414
538.5286	12.683	166.418
538.0454	12.689	166.429
537.5621	12.696	166.431
537.0786	12.703	166.437
536.5950	12.709	166.442
536.1114	12.717	166.450
535.6276	12.723	166.458
535.1437	12.732	166.457
534.6597	12.740	166.467
534.1756	12.749	166.465
533.6913	12.755	166.467
533.2070	12.764	166.475
532.7226	12.774	166.491
532.2380	12.782	166.496
531.7534	12.791	166.507
531.2686	12.800	166.518
530.7837	12.812	166.535
530.2987	12.822	166.537
529.8136	12.832	166.548
529.3284	12.842	166.561
528.8430	12.853	166.570
528.3576	12.867	166.578
527.8720	12.878	166.579
527.3864	12.889	166.576
526.9006	12.903	166.578
526.4147	12.916	166.592
525.9287	12.930	166.608
525.4426	12.944	166.626
524.9564	12.956	166.634
524.4700	12.970	166.638
523.9836	12.985	166.640
523.4971	13.004	166.646
523.0104	13.021	166.655
522.5236	13.036	166.669
522.0367	13.053	166.680
521.5497	13.069	166.683
521.0626	13.082	166.703
520.5754	13.100	166.710
520.0881	13.117	166.720
519.6006	13.135	166.728
519.1131	13.152	166.739
518.6254	13.171	166.746
518.1377	13.188	166.755
517.6498	13.206	166.760
517.1618	13.218	166.770
516.6737	13.238	166.781
516.1855	13.256	166.791
515.6971	13.275	166.795
515.2087	13.293	166.796
514.7202	13.313	166.805
514.2314	13.334	166.819
513.7427	13.350	166.825
513.2538	13.372	166.832
512.7648	13.392	166.834
512.2757	13.409	166.845
511.7864	13.432	166.847
511.2971	13.453	166.847
510.8076	13.472	166.842
510.3181	13.491	166.840
509.8284	13.504	166.846
509.3386	13.518	166.854
508.8488	13.537	166.854
508.3587	13.558	166.851
507.8686	13.579	166.855
507.3784	13.597	166.863
506.8880	13.610	166.857
506.3976	13.629	166.852
505.9070	13.643	166.845
505.4163	13.664	166.843
504.9255	13.684	166.837
504.4346	13.702	166.826
503.9436	13.721	166.815
503.4525	13.735	166.814
502.9612	13.752	166.811
502.4698	13.770	166.798
501.9784	13.787	166.784
501.4868	13.804	166.776
500.9951	13.819	166.769
500.5033	13.838	166.748
500.0114	13.855	166.743
499.5193	13.871	166.733
499.0272	13.887	166.723
498.5349	13.902	166.710
498.0426	13.918	166.703
497.5501	13.936	166.688
497.0575	13.955	166.677
496.5648	13.976	166.663
496.0720	13.994	166.642
495.5790	14.010	166.624
495.0860	14.032	166.601
494.5928	14.047	166.593
494.0995	14.063	166.577
493.6062	14.081	166.564
493.1127	14.099	166.558
492.6190	14.119	166.546
492.1253	14.139	166.531
491.6315	14.155	166.519
491.1375	14.173	166.507
490.6435	14.193	166.492
490.1493	14.212	166.471
489.6550	14.231	166.464
489.1606	14.250	166.455
488.6661	14.272	166.440
488.1714	14.296	166.429
487.6767	14.315	166.417
487.1818	14.336	166.411
486.6869	14.358	166.411
486.1918	14.378	166.412
485.6966	14.395	166.404
485.2013	14.419	166.388
484.7058	14.439	166.373
484.2103	14.459	166.366
483.7146	14.483	166.359
483.2189	14.508	166.358
482.7230	14.528	166.353
482.2270	14.547	166.349
481.7309	14.568	166.335
481.2346	14.585	166.326
480.7383	14.605	166.325
480.2419	14.629	166.316
479.7453	14.651	166.315
479.2486	14.672	166.308
478.7518	14.691	166.306
478.2549	14.712	166.304
477.7579	14.732	166.304
477.2608	14.751	166.302
476.7635	14.771	166.304
476.2662	14.797	166.298
475.7687	14.818	166.293
475.2711	14.839	166.291
474.7734	14.860	166.287
474.2756	14.883	166.293
473.7776	14.899	166.296
473.2796	14.915	166.294
472.7814	14.935	166.294
472.2831	14.950	166.296
471.7848	14.966	166.306
471.2863	14.989	166.309
470.7876	15.005	166.318
470.2889	15.024	166.331
469.7900	15.044	166.345
469.2911	15.061	166.359
468.7920	15.086	166.367
468.2928	15.111	166.375
467.7935	15.132	166.385
467.2941	15.153	166.400
466.7945	15.173	166.416
466.2949	15.196	166.420
465.7951	15.220	166.438
465.2952	15.236	166.457
464.7952	15.260	166.480
464.2951	15.279	166.497
463.7949	15.296	166.509
463.2946	15.309	166.529
462.7941	15.327	166.552
462.2935	15.345	166.560
461.7928	15.359	166.573
461.2921	15.377	166.596
460.7911	15.394	166.620
460.2901	15.416	166.631
459.7889	15.437	166.650
459.2877	15.458	166.669
458.7863	15.480	166.685
458.2848	15.502	166.695
457.7832	15.518	166.717
457.2815	15.535	166.740
456.7796	15.558	166.764
456.2777	15.582	166.794
455.7756	15.601	166.821
455.2734	15.631	166.849
454.7711	15.655	166.879
454.2687	15.682	166.905
453.7662	15.709	166.924
453.2635	15.736	166.943
452.7608	15.764	166.961
452.2579	15.792	166.979
451.7549	15.821	166.996
451.2518	15.850	167.013
450.7485	15.880	167.029
450.2452	15.910	167.045

